NumRegions:13
RegionID:-1
Center:1.681,-0.398,-0.596
Normal:0.279,-0.019,-0.960
NumPatches:12
1.068, -1.521, -0.751
1.315, -1.398, -0.682
1.632, -1.189, -0.594
2.097, -0.864, -0.465
2.829, 0.037, -0.270
2.866, 0.104, -0.261
2.841, 0.178, -0.270
2.524, 0.607, -0.370
1.123, 0.219, -0.770
0.870, -1.064, -0.818
0.930, -1.258, -0.797
1.044, -1.533, -0.758
RegionID:-1
Center:-1.110,0.394,-0.540
Normal:-0.826,-0.520,-0.216
NumPatches:8
-1.003, 0.233, -0.560
-1.143, 0.498, -0.666
-1.179, 0.530, -0.604
-1.249, 0.556, -0.397
-1.225, 0.512, -0.383
-1.201, 0.468, -0.370
-1.042, 0.270, -0.502
-0.989, 0.205, -0.548
RegionID:-1
Center:0.663,0.791,0.085
Normal:-0.956,-0.047,-0.289
NumPatches:9
0.813, 0.585, -0.378
0.856, 0.800, -0.555
0.777, 1.199, -0.357
0.687, 1.261, -0.069
0.472, 0.976, 0.688
0.542, 0.586, 0.518
0.669, 0.562, 0.103
0.717, 0.561, -0.054
0.777, 0.569, -0.255
RegionID:-1
Center:0.786,0.373,0.053
Normal:-0.913,-0.292,-0.285
NumPatches:15
0.954, 0.396, -0.508
0.933, 0.403, -0.448
0.887, 0.418, -0.315
0.783, 0.440, -0.006
0.722, 0.439, 0.191
0.674, 0.419, 0.367
0.641, 0.399, 0.492
0.650, 0.372, 0.490
0.653, 0.363, 0.490
0.663, 0.336, 0.486
0.775, 0.317, 0.146
0.804, 0.312, 0.058
0.899, 0.319, -0.253
0.916, 0.323, -0.312
0.969, 0.345, -0.503
RegionID:-1
Center:-0.892,-0.248,-0.055
Normal:-0.875,-0.419,-0.242
NumPatches:10
-0.799, -0.237, -0.409
-0.836, -0.211, -0.321
-0.922, -0.188, -0.050
-1.003, -0.189, 0.244
-1.035, -0.223, 0.419
-1.023, -0.247, 0.419
-1.017, -0.259, 0.418
-0.925, -0.285, 0.130
-0.832, -0.297, -0.186
-0.768, -0.304, -0.407
RegionID:-1
Center:-2.814,2.228,-0.130
Normal:-0.923,-0.321,-0.212
NumPatches:13
-2.694, 2.666, -1.318
-2.799, 3.052, -1.442
-3.335, 4.132, -0.743
-3.391, 4.117, -0.479
-3.225, 3.255, 0.105
-3.115, 2.770, 0.356
-2.886, 1.919, 0.649
-2.788, 1.564, 0.761
-2.687, 1.211, 0.854
-2.671, 1.168, 0.847
-2.590, 1.081, 0.629
-2.545, 1.165, 0.305
-2.412, 1.474, -0.743
RegionID:-1
Center:-1.118,-2.898,-0.241
Normal:-0.337,0.933,-0.128
NumPatches:15
-2.210, -3.246, 0.094
-2.222, -3.283, -0.146
-2.201, -3.365, -0.794
-1.703, -3.201, -0.911
-0.562, -2.789, -0.913
-0.308, -2.669, -0.701
-0.170, -2.596, -0.539
-0.200, -2.589, -0.408
-0.401, -2.566, 0.288
-0.457, -2.567, 0.430
-0.820, -2.669, 0.638
-0.908, -2.699, 0.651
-0.948, -2.713, 0.656
-1.228, -2.826, 0.569
-1.901, -3.104, 0.314
RegionID:-1
Center:-1.123,0.159,0.049
Normal:-0.802,-0.546,-0.241
NumPatches:11
-1.018, 0.148, -0.277
-1.035, 0.177, -0.283
-1.077, 0.245, -0.299
-1.102, 0.266, -0.262
-1.135, 0.279, -0.181
-1.176, 0.284, -0.055
-1.289, 0.292, 0.301
-1.155, 0.031, 0.445
-1.061, 0.027, 0.142
-1.011, 0.045, -0.065
-0.993, 0.062, -0.163
RegionID:-1
Center:0.724,-2.376,-0.010
Normal:-0.327,0.935,-0.136
NumPatches:8
0.444, -2.512, -0.275
0.630, -2.466, -0.407
0.690, -2.445, -0.408
0.721, -2.435, -0.407
0.925, -2.344, -0.272
0.920, -2.327, -0.146
0.725, -2.258, 0.798
0.669, -2.277, 0.799
RegionID:-1
Center:1.302,-2.117,0.379
Normal:-0.306,0.944,-0.124
NumPatches:9
1.166, -2.105, 0.809
1.208, -2.177, 0.153
1.231, -2.210, -0.155
1.449, -2.140, -0.158
1.472, -2.112, 0.001
1.454, -2.081, 0.282
1.364, -2.055, 0.695
1.252, -2.059, 0.945
1.163, -2.089, 0.935
RegionID:-1
Center:2.860,-1.312,1.077
Normal:-0.322,0.939,-0.122
NumPatches:11
1.576, -1.739, 1.188
1.863, -1.757, 0.284
1.908, -1.758, 0.160
1.967, -1.759, -0.001
5.390, -0.421, 1.252
7.701, 0.493, 2.178
6.200, -0.034, 2.090
5.012, -0.455, 1.983
4.098, -0.781, 1.893
1.859, -1.592, 1.570
1.496, -1.730, 1.465
RegionID:-1
Center:-2.210,-1.473,0.857
Normal:0.293,-0.033,-0.956
NumPatches:11
-3.999, -2.729, 0.352
-2.849, -2.499, 0.697
-2.117, -2.323, 0.915
-1.866, -2.143, 0.986
-1.720, -2.033, 1.027
-1.556, -1.851, 1.070
-1.277, -1.235, 1.135
-1.550, -0.578, 1.028
-1.780, -0.690, 0.961
-4.774, -2.347, 0.101
-4.914, -2.891, 0.077
RegionID:-1
Center:-1.450,-1.850,1.149
Normal:0.246,0.215,-0.945
NumPatches:6
-1.266, -1.513, 1.274
-1.305, -1.482, 1.270
-1.821, -2.246, 0.963
-1.555, -2.186, 1.045
-1.441, -2.036, 1.109
-1.215, -1.571, 1.274
