NumRegions:14
RegionID:-1
Center:1.643,-0.387,-0.622
Normal:0.226,0.006,-0.974
NumPatches:11
1.098, -1.512, -0.755
1.387, -1.445, -0.688
2.229, -0.757, -0.488
2.609, -0.253, -0.397
2.935, 0.218, -0.318
2.936, 0.255, -0.317
2.319, 0.610, -0.458
1.688, 0.438, -0.606
1.550, 0.400, -0.638
0.212, 0.008, -0.951
0.878, -1.550, -0.807
RegionID:-1
Center:-1.104,0.225,-0.097
Normal:-0.807,-0.546,-0.224
NumPatches:13
-1.002, 0.291, -0.626
-1.163, 0.556, -0.692
-1.202, 0.590, -0.634
-1.289, 0.572, -0.275
-1.332, 0.334, 0.457
-1.162, 0.083, 0.455
-1.129, 0.040, 0.444
-1.040, 0.030, 0.143
-0.999, 0.027, 0.005
-0.982, 0.027, -0.055
-0.971, 0.030, -0.103
-0.965, 0.042, -0.152
-0.950, 0.204, -0.601
RegionID:-1
Center:0.655,0.833,0.082
Normal:-0.959,-0.056,-0.279
NumPatches:12
0.767, 0.602, -0.256
0.802, 0.622, -0.382
0.841, 0.806, -0.553
0.826, 0.991, -0.538
0.761, 1.204, -0.356
0.716, 1.270, -0.214
0.672, 1.301, -0.070
0.463, 1.017, 0.708
0.530, 0.658, 0.547
0.551, 0.622, 0.483
0.664, 0.578, 0.102
0.677, 0.575, 0.058
RegionID:-1
Center:0.786,0.420,0.043
Normal:-0.911,-0.316,-0.264
NumPatches:9
0.938, 0.445, -0.511
0.894, 0.467, -0.384
0.691, 0.483, 0.295
0.634, 0.466, 0.513
0.659, 0.400, 0.505
0.663, 0.390, 0.504
0.780, 0.351, 0.147
0.891, 0.366, -0.254
0.958, 0.382, -0.505
RegionID:-1
Center:-0.898,-0.235,-0.029
Normal:-0.865,-0.438,-0.246
NumPatches:13
-0.791, -0.235, -0.405
-0.810, -0.221, -0.361
-0.828, -0.211, -0.318
-0.876, -0.187, -0.190
-0.907, -0.175, -0.101
-0.985, -0.186, 0.189
-1.046, -0.197, 0.424
-1.051, -0.225, 0.492
-1.044, -0.238, 0.488
-0.996, -0.257, 0.353
-0.976, -0.262, 0.294
-0.923, -0.273, 0.128
-0.763, -0.291, -0.402
RegionID:-1
Center:-3.096,3.185,-0.467
Normal:-0.928,-0.293,-0.231
NumPatches:10
-2.801, 3.012, -1.433
-3.356, 4.228, -0.747
-3.417, 4.212, -0.478
-3.370, 3.841, -0.196
-3.267, 3.271, 0.109
-3.167, 2.765, 0.352
-3.132, 2.661, 0.343
-3.095, 2.550, 0.332
-3.029, 2.532, 0.091
-2.728, 2.703, -1.337
RegionID:-1
Center:-1.104,-2.902,-0.256
Normal:-0.358,0.925,-0.125
NumPatches:19
-1.846, -3.112, 0.313
-2.165, -3.265, 0.095
-2.211, -3.317, -0.152
-2.219, -3.348, -0.362
-2.199, -3.371, -0.584
-2.157, -3.383, -0.792
-1.646, -3.199, -0.901
-0.681, -2.829, -0.924
-0.640, -2.812, -0.916
-0.271, -2.638, -0.691
-0.107, -2.553, -0.530
-0.135, -2.546, -0.401
-0.288, -2.549, 0.013
-0.356, -2.554, 0.172
-0.778, -2.655, 0.633
-0.867, -2.688, 0.646
-0.909, -2.703, 0.652
-0.948, -2.718, 0.657
-1.513, -2.964, 0.457
RegionID:-1
Center:-2.686,1.655,0.163
Normal:-0.918,-0.354,-0.179
NumPatches:8
-2.495, 1.642, -0.790
-2.749, 2.008, -0.211
-2.804, 2.049, -0.009
-2.913, 2.083, 0.480
-2.915, 1.998, 0.658
-2.694, 1.314, 0.878
-2.600, 1.186, 0.653
-2.482, 1.520, -0.617
RegionID:-1
Center:0.685,-2.352,0.025
Normal:-0.353,0.928,-0.120
NumPatches:11
0.157, -2.503, 0.414
0.313, -2.516, -0.149
0.378, -2.508, -0.276
0.622, -2.432, -0.402
0.651, -2.420, -0.402
0.828, -2.352, -0.396
0.886, -2.330, -0.394
1.258, -2.173, -0.270
0.775, -2.219, 0.791
0.720, -2.240, 0.790
0.137, -2.474, 0.696
RegionID:-1
Center:1.426,-2.067,0.096
Normal:-0.306,0.946,-0.103
NumPatches:7
1.268, -2.110, 0.164
1.251, -2.133, 0.006
1.514, -2.066, -0.156
1.581, -2.044, -0.157
1.558, -2.016, 0.170
1.474, -2.016, 0.416
1.446, -2.026, 0.416
RegionID:-1
Center:2.879,-1.237,1.038
Normal:-0.337,0.934,-0.122
NumPatches:11
1.565, -1.675, 1.308
1.654, -1.695, 0.915
1.950, -1.708, 0.002
1.985, -1.695, 0.001
2.018, -1.683, 0.001
5.931, -0.092, 1.371
7.738, 0.668, 2.193
6.152, 0.080, 2.075
4.910, -0.385, 1.942
1.750, -1.582, 1.510
1.549, -1.662, 1.456
RegionID:-1
Center:-2.280,-1.467,0.830
Normal:0.287,-0.024,-0.958
NumPatches:11
-2.084, -2.347, 0.911
-1.768, -1.896, 0.994
-1.333, -1.163, 1.106
-1.349, -1.117, 1.100
-1.547, -0.577, 1.028
-1.669, -0.625, 0.992
-1.913, -0.747, 0.922
-2.089, -0.841, 0.872
-4.784, -2.280, 0.100
-4.904, -2.966, 0.081
-4.894, -3.041, 0.086
RegionID:-1
Center:-1.392,-1.877,1.156
Normal:0.355,0.184,-0.917
NumPatches:12
-1.063, -1.758, 1.308
-1.079, -1.728, 1.307
-1.254, -1.534, 1.279
-1.604, -1.774, 1.095
-1.748, -1.942, 1.006
-1.735, -1.979, 1.003
-1.719, -2.013, 1.003
-1.701, -2.044, 1.004
-1.658, -2.099, 1.009
-1.521, -2.197, 1.043
-1.336, -2.161, 1.121
-1.191, -2.009, 1.208
RegionID:-1
Center:4.417,1.242,2.821
Normal:0.301,-0.042,-0.953
NumPatches:5
5.252, 1.106, 3.091
5.139, 1.349, 3.044
4.672, 1.742, 2.879
3.786, 1.414, 2.614
4.219, 0.726, 2.781
