NumRegions:14
RegionID:-1
Center:1.752,-0.114,-0.582
Normal:0.245,-0.022,-0.969
NumPatches:11
1.645, -1.040, -0.588
2.151, -0.705, -0.468
2.971, 0.288, -0.283
2.665, 0.844, -0.373
2.573, 0.857, -0.396
2.340, 0.807, -0.454
1.399, 0.496, -0.685
0.235, -0.021, -0.967
1.082, -0.895, -0.733
1.302, -1.072, -0.674
1.427, -1.168, -0.640
RegionID:-1
Center:-1.117,0.259,-0.149
Normal:-0.786,-0.578,-0.220
NumPatches:11
-1.082, 0.422, -0.700
-1.225, 0.631, -0.741
-1.331, 0.772, -0.731
-1.359, 0.354, 0.464
-1.176, 0.130, 0.402
-1.144, 0.113, 0.332
-1.033, 0.083, 0.014
-1.010, 0.078, -0.056
-0.995, 0.077, -0.105
-0.981, 0.076, -0.154
-0.986, 0.236, -0.557
RegionID:-1
Center:1.126,-1.113,-0.751
Normal:0.286,-0.020,-0.958
NumPatches:12
1.210, -1.351, -0.721
1.354, -1.294, -0.680
1.404, -1.181, -0.667
1.215, -1.017, -0.727
1.096, -0.922, -0.764
0.967, -0.905, -0.803
0.956, -0.917, -0.806
0.937, -0.946, -0.811
0.942, -1.006, -0.809
0.976, -1.127, -0.796
1.043, -1.204, -0.774
1.175, -1.355, -0.732
RegionID:-1
Center:0.732,0.527,0.084
Normal:-0.923,-0.272,-0.273
NumPatches:12
0.908, 0.529, -0.513
0.884, 0.563, -0.467
0.858, 0.576, -0.392
0.687, 0.599, 0.165
0.623, 0.587, 0.393
0.600, 0.575, 0.482
0.592, 0.558, 0.528
0.610, 0.507, 0.516
0.642, 0.492, 0.422
0.727, 0.479, 0.149
0.863, 0.483, -0.316
0.919, 0.492, -0.514
RegionID:-1
Center:-0.940,-0.203,0.007
Normal:-0.877,-0.398,-0.268
NumPatches:10
-0.801, -0.227, -0.411
-0.856, -0.196, -0.278
-0.943, -0.151, -0.062
-1.026, -0.140, 0.196
-1.088, -0.165, 0.435
-1.077, -0.190, 0.436
-1.064, -0.216, 0.432
-0.939, -0.246, 0.068
-0.899, -0.248, -0.060
-0.793, -0.247, -0.409
RegionID:-1
Center:0.598,0.941,0.092
Normal:-0.955,-0.091,-0.281
NumPatches:14
0.743, 0.734, -0.337
0.763, 0.766, -0.414
0.766, 0.783, -0.430
0.766, 0.806, -0.438
0.749, 1.061, -0.463
0.725, 1.180, -0.421
0.699, 1.301, -0.369
0.674, 1.340, -0.297
0.605, 1.370, -0.073
0.446, 1.138, 0.545
0.405, 1.048, 0.712
0.474, 0.753, 0.573
0.571, 0.689, 0.262
0.725, 0.715, -0.270
RegionID:-1
Center:-0.998,-2.856,-0.261
Normal:-0.390,0.911,-0.134
NumPatches:12
-2.040, -3.250, 0.094
-2.051, -3.289, -0.141
-1.936, -3.332, -0.768
-1.607, -3.211, -0.900
-1.142, -3.032, -1.032
-0.640, -2.801, -0.925
-0.037, -2.482, -0.510
-0.125, -2.420, 0.164
-0.737, -2.615, 0.622
-0.945, -2.699, 0.653
-1.466, -2.951, 0.452
-1.803, -3.116, 0.311
RegionID:-1
Center:-3.196,2.805,-0.154
Normal:-0.910,-0.366,-0.195
NumPatches:7
-3.280, 3.152, -0.412
-3.395, 3.163, 0.105
-3.258, 2.578, 0.558
-3.192, 2.529, 0.345
-3.067, 2.591, -0.354
-2.991, 2.640, -0.805
-2.972, 2.690, -0.983
RegionID:-1
Center:-2.791,1.723,0.152
Normal:-0.915,-0.363,-0.175
NumPatches:12
-2.653, 1.774, -0.680
-2.826, 2.078, -0.402
-2.911, 2.214, -0.239
-3.075, 2.353, 0.329
-3.095, 2.309, 0.523
-2.827, 1.515, 0.771
-2.775, 1.395, 0.746
-2.749, 1.335, 0.733
-2.723, 1.277, 0.719
-2.662, 1.224, 0.507
-2.606, 1.240, 0.186
-2.564, 1.530, -0.634
RegionID:-1
Center:0.729,-2.253,0.055
Normal:-0.378,0.917,-0.129
NumPatches:13
0.212, -2.417, 0.401
0.334, -2.422, 0.010
0.394, -2.419, -0.142
0.457, -2.409, -0.263
0.604, -2.366, -0.387
0.689, -2.331, -0.388
0.830, -2.273, -0.385
0.997, -2.203, -0.380
1.185, -2.108, -0.260
1.143, -2.088, 0.011
0.798, -2.107, 0.882
0.746, -2.129, 0.884
0.162, -2.402, 0.655
RegionID:-1
Center:2.865,-1.060,1.068
Normal:-0.367,0.921,-0.130
NumPatches:10
1.556, -1.556, 1.251
1.571, -1.567, 1.127
2.006, -1.552, 0.002
5.632, 0.076, 1.303
7.786, 1.063, 2.218
6.332, 0.473, 2.141
4.164, -0.425, 1.900
3.395, -0.746, 1.797
2.204, -1.246, 1.619
1.544, -1.540, 1.397
RegionID:-1
Center:-2.239,-1.465,0.805
Normal:0.309,-0.020,-0.951
NumPatches:10
-2.298, -2.521, 0.808
-2.000, -2.366, 0.902
-1.270, -1.234, 1.115
-1.540, -0.531, 1.013
-2.064, -0.773, 0.847
-2.240, -0.865, 0.792
-3.699, -1.714, 0.335
-4.470, -2.198, 0.094
-4.587, -2.933, 0.072
-4.584, -3.257, 0.080
RegionID:-1
Center:-1.388,-1.804,1.142
Normal:0.388,0.156,-0.908
NumPatches:10
-1.197, -1.954, 1.198
-1.066, -1.706, 1.297
-1.297, -1.387, 1.253
-1.595, -1.720, 1.069
-1.736, -1.882, 0.981
-1.669, -2.008, 0.988
-1.632, -2.070, 0.993
-1.572, -2.158, 1.003
-1.499, -2.167, 1.033
-1.321, -2.134, 1.114
RegionID:-1
Center:4.335,1.528,2.830
Normal:0.305,-0.033,-0.952
NumPatches:10
5.170, 1.494, 3.098
5.146, 1.555, 3.089
5.091, 1.608, 3.069
4.637, 1.991, 2.910
4.572, 2.032, 2.888
3.729, 1.717, 2.629
3.708, 1.651, 2.625
3.730, 1.606, 2.633
4.178, 1.040, 2.797
4.217, 0.994, 2.811
