NumRegions:18
RegionID:-1
Center:1.697,0.140,-0.549
Normal:0.306,-0.018,-0.952
NumPatches:17
1.643, -0.804, -0.548
1.859, -0.691, -0.481
2.054, -0.461, -0.423
2.292, -0.159, -0.352
2.361, -0.052, -0.332
2.638, 0.393, -0.252
2.701, 0.604, -0.236
2.332, 1.221, -0.366
1.824, 1.009, -0.525
1.492, 0.859, -0.628
1.275, 0.737, -0.696
1.182, 0.661, -0.724
1.124, 0.563, -0.741
1.053, 0.367, -0.760
1.105, -0.524, -0.726
1.199, -0.609, -0.695
1.621, -0.814, -0.555
RegionID:-1
Center:-1.208,0.312,-0.209
Normal:-0.742,-0.628,-0.235
NumPatches:12
-1.114, 0.390, -0.713
-1.151, 0.446, -0.747
-1.305, 0.644, -0.786
-1.398, 0.703, -0.652
-1.507, 0.711, -0.330
-1.547, 0.491, 0.385
-1.234, 0.133, 0.353
-1.220, 0.118, 0.350
-1.058, 0.080, -0.061
-1.040, 0.118, -0.220
-1.025, 0.209, -0.509
-1.036, 0.246, -0.574
RegionID:-1
Center:1.250,-0.926,-0.692
Normal:0.326,0.051,-0.944
NumPatches:8
1.446, -0.995, -0.628
1.445, -0.967, -0.627
1.339, -0.897, -0.660
1.120, -0.778, -0.729
1.049, -0.856, -0.757
1.067, -0.891, -0.753
1.160, -0.997, -0.727
1.421, -1.095, -0.642
RegionID:-1
Center:-1.372,-0.394,-0.148
Normal:-0.454,0.877,-0.159
NumPatches:12
-1.933, -0.676, -0.100
-1.663, -0.583, -0.362
-1.210, -0.393, -0.605
-1.171, -0.370, -0.590
-1.030, -0.264, -0.407
-1.039, -0.258, -0.349
-1.115, -0.266, -0.172
-1.243, -0.281, 0.108
-1.296, -0.296, 0.177
-1.418, -0.344, 0.261
-1.489, -0.379, 0.272
-1.776, -0.552, 0.136
RegionID:-1
Center:-3.482,2.872,-0.709
Normal:-0.876,-0.397,-0.272
NumPatches:9
-3.118, 2.544, -1.402
-3.153, 2.643, -1.434
-3.190, 2.747, -1.468
-3.273, 2.984, -1.543
-3.840, 3.679, -0.734
-3.837, 3.483, -0.457
-3.738, 2.880, 0.101
-3.572, 2.522, 0.090
-3.143, 2.172, -0.778
RegionID:-1
Center:0.402,1.197,0.113
Normal:-0.955,0.043,-0.293
NumPatches:11
0.528, 0.981, -0.330
0.562, 1.028, -0.435
0.586, 1.211, -0.485
0.580, 1.371, -0.442
0.566, 1.480, -0.380
0.263, 3.488, 0.901
0.201, 1.190, 0.767
0.210, 1.129, 0.730
0.223, 1.038, 0.673
0.245, 1.026, 0.599
0.387, 0.976, 0.130
RegionID:-1
Center:0.581,0.767,0.085
Normal:-0.872,-0.395,-0.289
NumPatches:10
0.705, 0.815, -0.351
0.548, 0.806, 0.132
0.519, 0.797, 0.231
0.456, 0.769, 0.461
0.462, 0.758, 0.458
0.484, 0.746, 0.407
0.548, 0.738, 0.225
0.589, 0.741, 0.099
0.727, 0.759, -0.341
0.745, 0.766, -0.408
RegionID:-1
Center:1.165,0.901,-0.172
Normal:-0.434,0.890,-0.135
NumPatches:10
0.906, 0.817, 0.105
0.917, 0.811, 0.031
0.930, 0.806, -0.046
1.116, 0.829, -0.493
1.438, 1.007, -0.352
1.540, 1.068, -0.281
1.569, 1.099, -0.168
1.477, 1.066, -0.089
1.055, 0.891, 0.114
0.918, 0.832, 0.166
RegionID:-1
Center:-0.888,-2.775,-0.249
Normal:-0.467,0.869,-0.164
NumPatches:12
-1.866, -3.236, 0.093
-2.234, -3.663, -1.120
-1.094, -3.032, -1.023
-0.670, -2.784, -0.920
-0.594, -2.737, -0.886
0.100, -2.286, -0.472
-0.033, -2.292, -0.124
-0.100, -2.302, 0.012
-0.589, -2.433, 0.706
-0.669, -2.474, 0.722
-0.707, -2.492, 0.730
-1.611, -3.059, 0.302
RegionID:-1
Center:-2.952,1.569,-0.088
Normal:-0.810,-0.549,-0.205
NumPatches:10
-2.633, 1.356, -0.780
-2.733, 1.522, -0.827
-2.874, 1.686, -0.710
-3.172, 1.935, -0.200
-3.258, 1.958, 0.081
-3.297, 1.928, 0.316
-3.174, 1.682, 0.488
-2.984, 1.349, 0.626
-2.586, 1.116, -0.319
-2.496, 1.087, -0.599
RegionID:-1
Center:0.795,-2.013,0.064
Normal:-0.454,0.877,-0.156
NumPatches:12
0.253, -2.199, 0.595
0.328, -2.200, 0.371
0.498, -2.201, -0.129
0.556, -2.191, -0.240
0.865, -2.051, -0.352
0.939, -2.013, -0.352
1.112, -1.923, -0.350
1.322, -1.794, -0.235
1.205, -1.810, 0.012
0.906, -1.867, 0.562
0.401, -2.106, 0.690
0.271, -2.170, 0.705
RegionID:-1
Center:-1.059,-0.093,0.108
Normal:-0.798,-0.527,-0.294
NumPatches:16
-0.974, -0.099, -0.112
-0.989, -0.076, -0.114
-1.006, -0.049, -0.116
-1.080, -0.049, 0.086
-1.102, -0.052, 0.149
-1.121, -0.056, 0.208
-1.162, -0.063, 0.332
-1.173, -0.081, 0.395
-1.164, -0.095, 0.394
-1.153, -0.109, 0.391
-1.124, -0.117, 0.327
-1.072, -0.127, 0.203
-1.049, -0.130, 0.145
-0.995, -0.128, -0.004
-0.974, -0.126, -0.065
-0.960, -0.122, -0.110
RegionID:-1
Center:-2.199,-1.488,0.767
Normal:0.319,-0.003,-0.948
NumPatches:13
-2.493, -2.665, 0.672
-1.875, -2.395, 0.879
-1.328, -1.173, 1.059
-1.312, -1.122, 1.065
-1.312, -1.089, 1.064
-1.316, -1.062, 1.063
-1.526, -0.463, 0.991
-1.630, -0.519, 0.956
-1.750, -0.604, 0.916
-4.199, -2.327, 0.096
-4.288, -2.970, 0.068
-4.266, -3.275, 0.076
-4.255, -3.350, 0.080
RegionID:-1
Center:2.840,-0.608,1.087
Normal:-0.441,0.883,-0.157
NumPatches:11
1.662, -1.226, 0.921
1.893, -1.229, 0.254
2.006, -1.191, 0.146
2.038, -1.176, 0.147
2.266, -1.060, 0.154
4.632, 0.286, 1.078
7.082, 1.684, 2.057
6.882, 1.636, 2.350
5.596, 0.973, 2.235
2.798, -0.499, 1.818
1.581, -1.204, 1.273
RegionID:-1
Center:0.844,0.832,0.381
Normal:-0.444,0.885,-0.139
NumPatches:10
0.709, 0.769, 0.409
0.711, 0.759, 0.340
0.798, 0.779, 0.190
0.848, 0.806, 0.197
0.936, 0.862, 0.277
1.008, 0.913, 0.369
1.014, 0.941, 0.528
0.998, 0.944, 0.598
0.842, 0.856, 0.538
0.732, 0.793, 0.485
RegionID:-1
Center:-2.377,2.882,1.786
Normal:0.292,-0.022,-0.956
NumPatches:9
-1.926, 2.356, 1.936
-1.909, 2.401, 1.940
-2.180, 2.807, 1.848
-2.952, 3.692, 1.592
-2.983, 3.638, 1.584
-3.005, 3.572, 1.579
-2.760, 3.196, 1.662
-2.522, 2.908, 1.742
-1.968, 2.286, 1.925
RegionID:-1
Center:1.330,-1.573,0.956
Normal:-0.438,0.885,-0.157
NumPatches:7
1.225, -1.611, 1.033
1.259, -1.642, 0.763
1.332, -1.605, 0.768
1.455, -1.542, 0.780
1.476, -1.529, 0.794
1.340, -1.530, 1.171
1.315, -1.543, 1.166
RegionID:-1
Center:-1.535,-1.834,1.004
Normal:0.297,0.041,-0.954
NumPatches:7
-1.329, -1.990, 1.061
-1.197, -1.819, 1.110
-1.589, -1.561, 0.999
-1.754, -1.720, 0.940
-1.639, -1.920, 0.967
-1.547, -2.068, 0.990
-1.504, -2.117, 1.001
