NumRegions:18
RegionID:-1
Center:1.671,0.416,-0.596
Normal:0.287,-0.023,-0.958
NumPatches:17
1.747, -0.437, -0.552
2.008, -0.324, -0.477
2.491, 0.385, -0.349
2.510, 0.590, -0.348
2.469, 0.988, -0.370
2.464, 1.027, -0.373
2.159, 1.369, -0.473
2.093, 1.441, -0.494
2.069, 1.460, -0.502
1.470, 1.134, -0.674
1.227, 0.974, -0.743
1.141, 0.907, -0.767
1.092, 0.664, -0.776
1.065, 0.369, -0.777
1.110, 0.147, -0.758
1.208, -0.164, -0.721
1.382, -0.380, -0.663
RegionID:-1
Center:-1.294,0.323,-0.199
Normal:-0.555,-0.809,-0.196
NumPatches:12
-2.748, 1.561, -1.193
-2.338, 0.912, 0.325
-1.721, 0.474, 0.385
-1.349, 0.219, 0.386
-1.296, 0.185, 0.374
-1.242, 0.151, 0.362
-1.169, 0.148, 0.166
-1.094, 0.148, -0.044
-1.072, 0.149, -0.111
-1.063, 0.156, -0.167
-1.064, 0.264, -0.607
-1.200, 0.396, -0.767
RegionID:-1
Center:1.317,-0.685,-0.701
Normal:0.302,0.006,-0.953
NumPatches:8
1.459, -0.650, -0.656
1.146, -0.511, -0.754
1.139, -0.526, -0.756
1.122, -0.571, -0.762
1.118, -0.587, -0.764
1.286, -0.768, -0.711
1.407, -0.841, -0.674
1.537, -0.907, -0.633
RegionID:-1
Center:-1.520,-0.528,-0.258
Normal:-0.550,0.816,-0.179
NumPatches:18
-3.153, -1.815, -1.103
-2.729, -1.573, -1.303
-2.543, -1.465, -1.387
-2.129, -1.166, -1.294
-1.891, -0.975, -1.154
-1.364, -0.543, -0.806
-1.238, -0.437, -0.709
-1.164, -0.373, -0.650
-1.149, -0.358, -0.624
-1.072, -0.249, -0.367
-1.063, -0.227, -0.292
-1.062, -0.212, -0.228
-1.092, -0.204, -0.098
-1.314, -0.218, 0.517
-1.401, -0.269, 0.552
-1.636, -0.467, 0.375
-1.909, -0.700, 0.154
-3.245, -1.839, -0.934
RegionID:-1
Center:1.039,1.240,0.211
Normal:-0.547,0.820,-0.168
NumPatches:9
-0.234, 0.333, -0.071
0.904, 0.993, -0.558
1.341, 1.301, -0.479
1.830, 1.673, -0.257
1.910, 1.784, 0.022
2.065, 2.054, 0.837
1.502, 1.715, 1.018
1.317, 1.602, 1.073
0.929, 1.331, 1.011
RegionID:-1
Center:-3.804,2.618,-0.665
Normal:-0.812,-0.537,-0.230
NumPatches:8
-3.529, 2.570, -1.521
-4.302, 3.417, -0.768
-4.237, 3.192, -0.476
-4.075, 2.698, 0.107
-3.823, 2.319, 0.100
-3.751, 2.212, 0.097
-3.448, 1.947, -0.351
-3.116, 1.860, -1.322
RegionID:-1
Center:0.201,1.396,0.135
Normal:-0.921,-0.273,-0.277
NumPatches:14
0.396, 1.290, -0.410
0.326, 1.625, -0.510
0.317, 1.667, -0.521
0.025, 1.738, 0.381
0.010, 1.730, 0.441
-0.011, 1.623, 0.616
-0.019, 1.556, 0.709
-0.020, 1.451, 0.816
0.006, 1.337, 0.843
0.024, 1.299, 0.820
0.102, 1.234, 0.626
0.256, 1.136, 0.209
0.385, 1.152, -0.238
0.417, 1.189, -0.379
RegionID:-1
Center:-0.586,-2.649,-0.050
Normal:-0.553,0.814,-0.178
NumPatches:16
-1.533, -3.263, 0.088
-1.484, -3.297, -0.220
-1.440, -3.306, -0.398
-1.353, -3.314, -0.707
-1.297, -3.286, -0.747
-1.018, -3.122, -0.867
-0.658, -2.893, -0.939
-0.580, -2.838, -0.933
-0.497, -2.773, -0.891
0.045, -2.314, -0.479
0.231, -2.156, -0.337
-0.030, -2.056, 0.927
-0.187, -2.153, 0.972
-0.919, -2.721, 0.654
-1.327, -3.043, 0.451
-1.562, -3.234, 0.308
RegionID:-1
Center:0.947,-1.767,0.171
Normal:-0.552,0.814,-0.181
NumPatches:11
0.656, -2.053, -0.228
0.688, -2.056, -0.338
0.960, -1.894, -0.441
1.323, -1.623, -0.330
1.506, -1.476, -0.224
1.491, -1.462, -0.117
1.011, -1.532, 1.026
0.896, -1.609, 1.034
0.877, -1.621, 1.035
0.530, -1.896, 0.859
0.383, -2.015, 0.772
RegionID:-1
Center:-3.026,1.398,0.092
Normal:-0.548,-0.829,-0.112
NumPatches:8
-3.088, 1.526, -0.554
-3.701, 1.847, 0.069
-3.733, 1.834, 0.327
-3.146, 1.400, 0.664
-2.266, 0.852, 0.412
-1.736, 0.556, 0.005
-1.672, 0.539, -0.187
-1.736, 0.592, -0.265
RegionID:-1
Center:-1.068,-0.073,0.087
Normal:-0.790,-0.552,-0.268
NumPatches:10
-0.998, -0.052, -0.165
-1.015, -0.051, -0.118
-1.084, -0.052, 0.089
-1.160, -0.062, 0.334
-1.176, -0.068, 0.395
-1.139, -0.090, 0.329
-1.055, -0.093, 0.087
-1.023, -0.094, -0.007
-1.001, -0.094, -0.068
-0.975, -0.087, -0.161
RegionID:-1
Center:1.708,-1.253,0.270
Normal:-0.532,0.830,-0.166
NumPatches:9
1.588, -1.336, 0.240
1.603, -1.348, 0.135
1.789, -1.281, -0.128
1.849, -1.216, 0.005
1.791, -1.205, 0.247
1.734, -1.198, 0.463
1.696, -1.203, 0.564
1.631, -1.224, 0.662
1.607, -1.240, 0.659
RegionID:-1
Center:2.781,-0.203,0.999
Normal:-0.531,0.830,-0.172
NumPatches:13
1.699, -0.858, 1.182
1.715, -0.866, 1.096
1.738, -0.877, 0.968
1.808, -0.878, 0.751
2.054, -0.875, 0.006
2.088, -0.854, 0.004
2.153, -0.813, 0.002
5.511, 1.613, 1.328
6.623, 2.464, 1.998
5.920, 2.037, 2.110
4.195, 0.899, 1.945
2.731, -0.079, 1.749
1.738, -0.822, 1.234
RegionID:-1
Center:-2.141,-1.668,0.835
Normal:0.295,-0.005,-0.955
NumPatches:12
-2.543, -3.001, 0.719
-1.884, -2.598, 0.920
-1.625, -2.412, 0.999
-1.334, -1.104, 1.081
-1.340, -1.080, 1.079
-1.544, -0.531, 1.013
-1.553, -0.513, 1.010
-2.208, -1.079, 0.811
-4.496, -3.268, 0.117
-4.505, -3.360, 0.114
-3.665, -3.559, 0.375
-3.523, -3.578, 0.419
RegionID:-1
Center:-2.782,3.128,1.697
Normal:0.246,-0.040,-0.969
NumPatches:10
-2.357, 2.606, 1.826
-2.316, 2.697, 1.833
-2.512, 2.987, 1.772
-3.026, 3.693, 1.612
-3.098, 3.596, 1.598
-3.133, 3.547, 1.591
-3.196, 3.441, 1.579
-3.213, 3.372, 1.578
-2.949, 3.008, 1.660
-2.385, 2.572, 1.821
RegionID:-1
Center:1.460,-1.268,0.943
Normal:-0.526,0.834,-0.169
NumPatches:9
1.363, -1.331, 0.935
1.395, -1.355, 0.716
1.461, -1.312, 0.723
1.584, -1.209, 0.851
1.541, -1.182, 1.114
1.458, -1.237, 1.104
1.436, -1.251, 1.101
1.414, -1.266, 1.096
1.350, -1.309, 1.082
RegionID:-1
Center:-1.399,-1.753,1.088
Normal:0.359,0.040,-0.933
NumPatches:10
-1.113, -1.741, 1.198
-1.041, -1.635, 1.230
-1.468, -1.501, 1.072
-1.612, -1.625, 1.011
-1.599, -1.653, 1.015
-1.516, -1.831, 1.039
-1.500, -1.862, 1.044
-1.483, -1.892, 1.049
-1.444, -1.940, 1.062
-1.366, -2.034, 1.088
RegionID:-1
Center:3.677,2.439,2.690
Normal:0.309,-0.013,-0.951
NumPatches:9
4.455, 2.516, 2.942
4.414, 2.564, 2.928
4.347, 2.597, 2.906
3.688, 2.815, 2.689
3.620, 2.836, 2.666
3.029, 2.487, 2.479
3.550, 2.007, 2.655
3.591, 1.971, 2.669
3.680, 1.903, 2.699
