NumRegions:14
RegionID:-1
Center:1.665,0.518,-0.590
Normal:0.257,-0.018,-0.966
NumPatches:14
1.484, -0.471, -0.620
1.621, -0.467, -0.584
1.796, -0.357, -0.539
1.956, -0.196, -0.500
2.174, 0.069, -0.446
2.493, 0.714, -0.374
2.506, 0.952, -0.374
2.456, 1.046, -0.389
2.393, 1.134, -0.408
2.035, 1.591, -0.512
1.275, 1.174, -0.707
1.069, 1.017, -0.758
0.247, -0.021, -0.958
1.362, -0.469, -0.653
RegionID:-1
Center:-1.444,0.393,-0.215
Normal:-0.495,-0.846,-0.197
NumPatches:15
-2.881, 1.471, -1.230
-3.319, 1.534, -0.402
-3.365, 1.509, -0.178
-3.394, 1.371, 0.486
-3.330, 1.334, 0.485
-3.267, 1.297, 0.483
-1.307, 0.174, 0.378
-1.281, 0.160, 0.373
-1.256, 0.147, 0.368
-1.121, 0.161, -0.032
-1.099, 0.164, -0.100
-1.092, 0.180, -0.185
-1.122, 0.301, -0.628
-1.147, 0.337, -0.723
-1.460, 0.577, -0.966
RegionID:-1
Center:-1.601,-0.609,-0.290
Normal:-0.582,0.791,-0.190
NumPatches:15
-3.318, -2.081, -1.157
-2.837, -1.782, -1.388
-2.619, -1.639, -1.463
-1.768, -0.915, -1.055
-1.630, -0.795, -0.981
-1.562, -0.736, -0.943
-1.196, -0.404, -0.680
-1.143, -0.354, -0.634
-1.086, -0.217, -0.238
-1.114, -0.193, -0.053
-1.344, -0.223, 0.528
-1.386, -0.250, 0.546
-1.527, -0.360, 0.519
-1.980, -0.781, 0.152
-3.048, -1.779, -0.729
RegionID:-1
Center:0.969,1.331,0.219
Normal:-0.559,0.810,-0.178
NumPatches:13
0.455, 1.073, 0.661
0.436, 0.996, 0.366
0.445, 0.988, 0.306
0.827, 1.046, -0.635
0.929, 1.121, -0.609
1.255, 1.376, -0.477
1.709, 1.739, -0.250
1.960, 2.006, 0.176
1.930, 2.129, 0.833
1.769, 2.041, 0.940
1.442, 1.839, 1.047
0.819, 1.400, 1.007
0.779, 1.369, 0.990
RegionID:-1
Center:-3.983,2.607,-0.693
Normal:-0.825,-0.521,-0.217
NumPatches:6
-4.491, 3.449, -0.784
-4.310, 3.030, -0.467
-4.126, 2.621, -0.184
-3.912, 2.165, 0.096
-3.642, 2.024, -0.592
-3.703, 2.528, -1.566
RegionID:-1
Center:0.125,1.441,0.131
Normal:-0.908,-0.314,-0.279
NumPatches:11
0.351, 1.254, -0.395
0.342, 1.288, -0.406
0.326, 1.349, -0.422
0.318, 1.381, -0.430
0.230, 1.618, -0.412
0.188, 1.676, -0.341
0.088, 1.744, -0.092
-0.039, 1.767, 0.296
-0.172, 1.747, 0.752
-0.039, 1.301, 0.822
0.342, 1.206, -0.311
RegionID:-1
Center:-0.528,-2.644,-0.052
Normal:-0.585,0.789,-0.188
NumPatches:15
-1.407, -3.212, 0.302
-1.337, -3.284, -0.216
-1.219, -3.322, -0.749
-0.890, -3.104, -0.854
-0.236, -2.577, -0.678
0.179, -2.216, -0.459
0.232, -2.147, -0.334
0.277, -2.087, -0.219
0.175, -2.052, 0.245
0.150, -2.047, 0.345
0.078, -2.075, 0.454
-0.287, -2.242, 0.886
-0.317, -2.263, 0.895
-0.548, -2.447, 0.841
-1.359, -3.138, 0.465
RegionID:-1
Center:0.988,-1.671,0.214
Normal:-0.581,0.792,-0.186
NumPatches:17
0.442, -1.945, 0.752
0.523, -1.958, 0.440
0.703, -1.958, -0.119
0.735, -1.958, -0.220
1.121, -1.698, -0.319
1.162, -1.669, -0.321
1.182, -1.654, -0.321
1.306, -1.563, -0.322
1.367, -1.518, -0.320
1.497, -1.398, -0.217
1.528, -1.293, 0.135
1.534, -1.265, 0.232
1.054, -1.437, 0.997
1.036, -1.450, 0.998
1.018, -1.463, 0.999
0.929, -1.529, 1.000
0.479, -1.894, 0.850
RegionID:-1
Center:2.748,-0.060,0.979
Normal:-0.560,0.809,-0.179
NumPatches:12
1.718, -0.760, 1.041
1.785, -0.759, 0.837
2.061, -0.752, 0.004
2.198, -0.657, 0.004
5.581, 1.989, 1.373
6.273, 2.590, 1.921
5.657, 2.191, 2.045
4.806, 1.590, 1.994
4.112, 1.095, 1.929
2.741, 0.107, 1.755
1.816, -0.648, 1.238
1.693, -0.753, 1.152
RegionID:-1
Center:-2.113,-1.713,0.839
Normal:0.294,-0.004,-0.956
NumPatches:14
-2.488, -3.084, 0.729
-1.834, -2.664, 0.928
-1.582, -2.479, 1.005
-1.340, -1.081, 1.073
-1.347, -1.058, 1.071
-1.540, -0.551, 1.010
-1.549, -0.534, 1.007
-1.654, -0.595, 0.975
-3.616, -2.569, 0.380
-3.704, -3.179, 0.356
-3.708, -3.264, 0.355
-3.708, -3.347, 0.355
-3.647, -3.723, 0.375
-3.496, -3.731, 0.422
RegionID:-1
Center:-2.933,3.042,1.655
Normal:0.266,-0.028,-0.964
NumPatches:7
-2.593, 2.862, 1.755
-3.116, 3.531, 1.591
-3.217, 3.384, 1.567
-3.266, 3.265, 1.557
-3.286, 3.202, 1.553
-3.024, 2.793, 1.638
-2.386, 2.578, 1.820
RegionID:-1
Center:1.472,-1.161,0.955
Normal:-0.554,0.819,-0.150
NumPatches:10
1.418, -1.244, 0.697
1.439, -1.230, 0.699
1.617, -1.085, 0.831
1.603, -1.074, 0.945
1.539, -1.092, 1.083
1.481, -1.117, 1.158
1.462, -1.131, 1.155
1.442, -1.145, 1.152
1.362, -1.202, 1.136
1.343, -1.216, 1.132
RegionID:-1
Center:-1.404,-1.764,1.075
Normal:0.285,0.009,-0.958
NumPatches:6
-1.218, -1.854, 1.130
-1.470, -1.468, 1.058
-1.596, -1.647, 1.019
-1.498, -1.856, 1.047
-1.402, -1.983, 1.074
-1.343, -2.056, 1.091
RegionID:-1
Center:3.567,2.595,2.681
Normal:0.311,-0.004,-0.950
NumPatches:6
4.379, 2.688, 2.946
4.313, 2.721, 2.924
3.509, 2.963, 2.661
2.821, 2.623, 2.437
3.562, 2.070, 2.682
3.620, 2.043, 2.701
