NumRegions:10
RegionID:-1
Center:1.235,1.412,-0.739
Normal:0.162,-0.097,-0.982
NumPatches:10
1.561, 0.829, -0.627
1.598, 0.927, -0.631
1.768, 1.528, -0.662
1.740, 1.887, -0.702
1.637, 2.063, -0.737
1.609, 2.088, -0.744
1.191, 2.360, -0.839
0.880, 2.408, -0.895
0.687, 1.843, -0.872
0.122, -0.084, -0.774
RegionID:-1
Center:-1.480,-0.526,-0.103
Normal:-0.859,0.429,-0.280
NumPatches:16
-1.905, -1.298, 0.016
-1.833, -1.244, -0.121
-1.427, -0.880, -0.806
-1.371, -0.806, -0.866
-1.211, -0.412, -0.753
-1.202, -0.389, -0.743
-1.268, -0.154, -0.181
-1.287, -0.152, -0.120
-1.307, -0.151, -0.059
-1.453, -0.144, 0.401
-1.517, -0.152, 0.583
-1.531, -0.175, 0.591
-1.617, -0.375, 0.548
-1.686, -0.553, 0.488
-1.903, -1.134, 0.262
-1.972, -1.338, 0.160
RegionID:-1
Center:-2.034,-1.994,-0.658
Normal:-0.861,0.429,-0.273
NumPatches:14
-2.972, -4.252, -1.249
-2.360, -3.084, -1.343
-2.279, -2.911, -1.325
-1.818, -1.850, -1.114
-1.560, -1.144, -0.816
-1.561, -1.061, -0.684
-1.580, -1.031, -0.579
-1.626, -1.009, -0.397
-1.693, -1.086, -0.306
-1.948, -1.390, 0.021
-2.040, -1.574, 0.021
-2.069, -1.632, 0.020
-2.097, -1.690, 0.018
-3.302, -4.829, -1.113
RegionID:-1
Center:0.229,2.771,0.023
Normal:-0.848,0.455,-0.271
NumPatches:13
-0.252, 2.004, 0.238
0.009, 2.037, -0.524
0.140, 2.185, -0.685
0.168, 2.227, -0.700
0.526, 2.936, -0.629
1.029, 4.031, -0.361
1.060, 4.205, -0.168
1.099, 4.613, 0.397
0.755, 4.066, 0.553
0.107, 2.943, 0.695
-0.126, 2.522, 0.715
-0.275, 2.170, 0.591
-0.289, 2.064, 0.455
RegionID:-1
Center:0.407,-1.850,0.206
Normal:-0.864,0.423,-0.272
NumPatches:15
-0.225, -2.858, 0.647
-0.187, -2.870, 0.505
-0.090, -2.880, 0.183
0.060, -2.890, -0.311
0.150, -2.897, -0.609
0.779, -1.569, -0.543
0.898, -1.287, -0.482
0.916, -1.244, -0.472
0.877, -1.211, -0.294
0.781, -1.204, 0.019
0.604, -1.198, 0.593
0.525, -1.208, 0.829
0.109, -1.848, 1.156
0.047, -1.984, 1.141
-0.287, -2.782, 0.962
RegionID:-1
Center:1.181,-0.656,0.259
Normal:-0.859,0.437,-0.268
NumPatches:9
0.855, -1.041, 0.674
1.143, -1.034, -0.235
1.249, -0.923, -0.394
1.501, -0.379, -0.314
1.525, -0.231, -0.152
1.504, -0.227, -0.076
1.348, -0.212, 0.448
1.238, -0.215, 0.793
0.809, -1.038, 0.829
RegionID:-1
Center:2.019,1.573,0.773
Normal:-0.850,0.456,-0.265
NumPatches:13
1.499, 0.692, 0.921
1.526, 0.688, 0.828
1.724, 0.702, 0.216
1.842, 0.730, -0.113
1.883, 0.804, -0.119
1.922, 0.874, -0.123
3.190, 3.679, 0.646
3.319, 3.973, 0.739
3.391, 4.249, 0.983
3.209, 4.212, 1.505
2.926, 3.747, 1.610
1.798, 1.639, 1.596
1.485, 0.730, 1.033
RegionID:-1
Center:1.518,0.238,0.712
Normal:-0.835,0.484,-0.260
NumPatches:8
1.382, 0.038, 0.774
1.754, 0.326, 0.116
1.738, 0.345, 0.201
1.612, 0.349, 0.613
1.529, 0.347, 0.878
1.497, 0.337, 0.963
1.387, 0.101, 0.877
1.360, 0.043, 0.856
RegionID:-1
Center:-1.438,-2.257,1.071
Normal:0.300,-0.014,-0.954
NumPatches:8
-1.907, -4.870, 0.962
-0.525, -2.326, 1.358
-0.455, -2.137, 1.378
-1.528, -0.630, 1.019
-1.621, -0.793, 0.992
-1.861, -1.492, 0.927
-2.769, -4.582, 0.687
-2.574, -5.049, 0.755
RegionID:-1
Center:1.196,3.304,1.889
Normal:0.313,-0.025,-0.949
NumPatches:12
1.631, 2.714, 2.048
1.687, 2.726, 2.067
1.853, 3.083, 2.112
2.072, 3.642, 2.170
2.323, 4.353, 2.234
2.576, 5.272, 2.293
2.321, 5.216, 2.211
2.223, 5.166, 2.180
1.745, 4.876, 2.029
1.070, 3.902, 1.832
0.327, 2.793, 1.616
0.107, 2.398, 1.554
