NumRegions:10
RegionID:-1
Center:1.157,1.528,-0.775
Normal:0.296,-0.033,-0.955
NumPatches:13
1.382, 0.907, -0.684
1.494, 1.100, -0.656
1.573, 1.503, -0.645
1.594, 2.143, -0.661
1.495, 2.363, -0.699
1.144, 2.420, -0.810
0.882, 2.325, -0.887
0.721, 1.776, -0.919
0.693, 1.500, -0.918
0.716, 1.285, -0.903
0.835, 1.070, -0.859
0.934, 0.912, -0.823
1.080, 0.696, -0.771
RegionID:-1
Center:-1.630,-1.006,-0.263
Normal:-0.887,0.363,-0.288
NumPatches:18
-2.627, -4.178, -1.187
-2.321, -3.446, -1.211
-2.027, -2.731, -1.213
-1.334, -0.729, -0.828
-1.219, -0.389, -0.750
-1.302, -0.142, -0.184
-1.320, -0.137, -0.123
-1.415, -0.131, 0.176
-1.490, -0.130, 0.409
-1.521, -0.135, 0.499
-1.532, -0.157, 0.505
-1.542, -0.178, 0.510
-1.564, -0.222, 0.521
-1.608, -0.313, 0.542
-1.628, -0.355, 0.552
-1.929, -1.309, 0.277
-2.749, -4.070, -0.676
-2.889, -4.729, -1.074
RegionID:-1
Center:0.500,-1.708,0.191
Normal:-0.891,0.356,-0.282
NumPatches:16
0.195, -2.869, -0.310
0.313, -2.661, -0.421
0.472, -2.317, -0.489
0.847, -1.386, -0.498
0.908, -1.203, -0.461
0.956, -1.059, -0.431
0.938, -1.037, -0.345
0.871, -1.027, -0.123
0.658, -1.034, 0.544
0.630, -1.046, 0.615
0.570, -1.074, 0.770
0.155, -1.820, 1.140
0.023, -2.176, 1.106
-0.055, -2.401, 1.070
-0.107, -2.584, 1.004
-0.123, -2.707, 0.899
RegionID:-1
Center:1.181,-0.481,0.214
Normal:-0.883,0.372,-0.285
NumPatches:12
0.863, -0.870, 0.693
1.140, -0.911, -0.219
1.180, -0.871, -0.292
1.228, -0.817, -0.369
1.312, -0.615, -0.366
1.319, -0.599, -0.366
1.366, -0.482, -0.360
1.432, -0.272, -0.290
1.546, 0.103, -0.155
1.519, 0.099, -0.075
1.203, -0.012, 0.762
0.846, -0.856, 0.765
RegionID:-1
Center:0.190,3.345,-0.030
Normal:-0.877,0.388,-0.284
NumPatches:16
-0.198, 2.617, 0.171
-0.159, 2.589, 0.013
-0.026, 2.584, -0.406
0.079, 2.703, -0.567
0.151, 2.842, -0.600
0.236, 3.004, -0.638
0.281, 3.092, -0.658
0.512, 3.668, -0.582
0.781, 4.413, -0.393
0.888, 5.025, 0.111
0.630, 4.646, 0.392
0.228, 3.832, 0.519
-0.085, 3.185, 0.600
-0.181, 2.906, 0.516
-0.234, 2.742, 0.453
-0.230, 2.641, 0.304
RegionID:-1
Center:1.841,1.783,0.724
Normal:-0.878,0.391,-0.275
NumPatches:14
1.399, 0.946, 0.943
1.482, 0.932, 0.660
1.536, 0.929, 0.480
1.563, 0.928, 0.394
1.649, 0.930, 0.124
1.749, 0.987, -0.116
1.847, 1.198, -0.130
2.924, 4.174, 0.668
2.750, 4.339, 1.460
1.599, 1.825, 1.554
1.539, 1.633, 1.474
1.521, 1.565, 1.436
1.480, 1.412, 1.348
1.379, 0.984, 1.059
RegionID:-1
Center:-1.333,-2.306,1.114
Normal:0.298,-0.018,-0.954
NumPatches:9
-0.385, -2.187, 1.408
-1.532, -0.632, 1.021
-1.603, -0.859, 1.003
-1.817, -1.696, 0.952
-2.297, -4.011, 0.845
-2.316, -4.313, 0.845
-2.287, -4.387, 0.855
-2.075, -4.798, 0.929
-1.745, -5.412, 1.043
RegionID:-1
Center:1.404,3.621,1.937
Normal:0.262,0.001,-0.965
NumPatches:11
1.236, 2.686, 1.891
1.326, 2.699, 1.915
1.384, 2.724, 1.931
2.004, 4.231, 2.100
2.180, 5.075, 2.149
1.863, 5.874, 2.063
1.770, 5.828, 2.038
1.177, 3.935, 1.876
1.029, 3.400, 1.835
0.858, 2.771, 1.788
0.918, 2.665, 1.804
RegionID:-1
Center:1.398,0.418,0.808
Normal:-0.869,0.421,-0.261
NumPatches:11
1.334, 0.254, 0.756
1.553, 0.562, 0.522
1.474, 0.551, 0.769
1.442, 0.540, 0.855
1.408, 0.520, 0.938
1.401, 0.504, 0.933
1.377, 0.439, 0.910
1.361, 0.397, 0.895
1.353, 0.375, 0.886
1.316, 0.274, 0.845
1.309, 0.252, 0.836
RegionID:-1
Center:0.358,2.893,1.624
Normal:0.455,-0.105,-0.884
NumPatches:6
0.268, 2.466, 1.628
0.768, 2.766, 1.849
1.277, 4.621, 1.891
1.013, 4.455, 1.775
-0.099, 2.531, 1.431
-0.291, 2.152, 1.378
