NumRegions:10
RegionID:-1
Center:1.081,1.520,-0.790
Normal:0.111,-0.119,-0.987
NumPatches:9
0.075, -0.093, -0.709
1.169, 0.855, -0.700
1.391, 1.051, -0.699
1.499, 1.623, -0.756
1.497, 2.386, -0.848
1.464, 2.529, -0.869
1.128, 2.444, -0.896
0.909, 2.384, -0.913
0.075, -0.093, -0.709
RegionID:-1
Center:-1.621,-1.006,-0.249
Normal:-0.897,0.332,-0.292
NumPatches:17
-2.492, -4.174, -1.170
-2.225, -3.480, -1.205
-1.817, -2.260, -1.072
-1.337, -0.754, -0.837
-1.229, -0.395, -0.758
-1.225, -0.377, -0.752
-1.321, -0.141, -0.188
-1.483, -0.122, 0.330
-1.551, -0.143, 0.515
-1.598, -0.251, 0.537
-1.608, -0.273, 0.541
-1.623, -0.309, 0.545
-1.708, -0.581, 0.498
-2.002, -1.664, 0.173
-2.396, -3.187, -0.345
-2.618, -4.070, -0.668
-2.683, -4.537, -0.997
RegionID:-1
Center:0.545,-1.624,0.182
Normal:-0.901,0.322,-0.291
NumPatches:14
0.077, -2.700, 0.438
0.218, -2.695, 0.008
0.399, -2.564, -0.406
0.522, -2.293, -0.488
0.800, -1.566, -0.544
0.986, -1.010, -0.507
0.992, -0.988, -0.500
0.970, -0.975, -0.417
0.884, -0.948, -0.120
0.677, -0.949, 0.519
0.598, -0.981, 0.730
0.090, -1.936, 1.244
-0.044, -2.449, 1.093
-0.048, -2.651, 0.882
RegionID:-1
Center:1.179,-0.385,0.202
Normal:-0.893,0.343,-0.291
NumPatches:12
0.893, -0.791, 0.600
0.914, -0.791, 0.536
1.057, -0.788, 0.100
1.084, -0.787, 0.018
1.112, -0.786, -0.067
1.163, -0.779, -0.213
1.314, -0.502, -0.353
1.406, -0.271, -0.360
1.605, 0.411, -0.167
1.586, 0.429, -0.086
1.181, 0.083, 0.749
0.853, -0.781, 0.735
RegionID:-1
Center:0.127,3.591,-0.071
Normal:-0.889,0.353,-0.290
NumPatches:11
-0.309, 2.820, 0.325
-0.094, 2.835, -0.316
0.080, 3.009, -0.637
0.268, 3.407, -0.728
0.465, 4.030, -0.573
0.635, 4.592, -0.409
0.640, 5.034, 0.113
0.330, 4.457, 0.359
-0.055, 3.595, 0.491
-0.301, 3.014, 0.535
-0.358, 2.847, 0.507
RegionID:-1
Center:1.775,1.952,0.704
Normal:-0.892,0.357,-0.278
NumPatches:15
1.407, 1.086, 0.772
1.478, 1.040, 0.485
1.563, 1.042, 0.216
1.635, 1.060, 0.008
1.688, 1.095, -0.116
1.747, 1.234, -0.128
1.785, 1.324, -0.133
2.444, 3.344, 0.347
2.749, 4.362, 0.675
2.571, 4.298, 1.164
2.473, 4.232, 1.395
1.481, 1.857, 1.523
1.371, 1.366, 1.247
1.341, 1.194, 1.122
1.337, 1.166, 1.097
RegionID:-1
Center:-1.291,-2.340,1.124
Normal:0.301,-0.016,-0.953
NumPatches:9
-1.374, -4.665, 1.136
-0.423, -2.441, 1.399
-0.360, -2.194, 1.415
-1.521, -0.649, 1.023
-1.610, -0.837, 0.998
-2.222, -4.105, 0.859
-2.243, -4.291, 0.855
-2.056, -4.752, 0.922
-1.735, -5.386, 1.034
RegionID:-1
Center:1.078,3.639,1.837
Normal:0.258,-0.011,-0.966
NumPatches:14
1.197, 2.681, 1.880
1.246, 2.697, 1.893
1.303, 2.722, 1.907
1.700, 4.097, 1.998
1.896, 4.897, 2.041
1.948, 5.863, 2.044
1.863, 5.841, 2.021
1.670, 5.724, 1.971
1.571, 5.646, 1.945
1.189, 5.311, 1.847
0.659, 4.210, 1.719
0.521, 3.637, 1.688
0.408, 2.665, 1.669
0.782, 2.597, 1.770
RegionID:-1
Center:1.368,0.536,0.796
Normal:-0.880,0.400,-0.254
NumPatches:8
1.303, 0.366, 0.754
1.491, 0.625, 0.511
1.500, 0.648, 0.517
1.432, 0.660, 0.771
1.375, 0.650, 0.951
1.329, 0.515, 0.899
1.314, 0.472, 0.881
1.278, 0.363, 0.834
RegionID:-1
Center:-0.016,2.557,1.485
Normal:0.478,-0.099,-0.873
NumPatches:9
-0.341, 2.096, 1.359
0.079, 2.384, 1.557
0.364, 2.673, 1.680
0.413, 3.173, 1.649
0.422, 3.504, 1.617
0.298, 3.433, 1.557
0.255, 3.402, 1.537
-0.295, 2.393, 1.351
-0.426, 2.048, 1.318
