NumRegions:9
RegionID:-1
Center:1.010,1.630,-0.824
Normal:0.303,-0.028,-0.953
NumPatches:12
1.047, 1.061, -0.795
1.142, 1.132, -0.767
1.236, 1.286, -0.742
1.252, 1.338, -0.739
1.269, 1.662, -0.743
1.212, 2.321, -0.780
1.082, 2.525, -0.828
1.047, 2.544, -0.839
0.918, 2.329, -0.874
0.743, 1.757, -0.913
0.706, 1.323, -0.911
0.728, 1.053, -0.897
RegionID:-1
Center:1.145,0.905,-0.775
Normal:0.204,0.002,-0.979
NumPatches:7
1.215, 0.761, -0.761
1.217, 0.781, -0.760
1.221, 1.064, -0.759
1.177, 1.104, -0.768
1.076, 1.040, -0.789
1.056, 0.759, -0.794
1.090, 0.723, -0.787
RegionID:-1
Center:-1.589,-1.092,-0.230
Normal:-0.925,0.233,-0.300
NumPatches:12
-2.250, -4.687, -0.982
-1.858, -3.369, -1.167
-1.312, -0.761, -0.827
-1.241, -0.402, -0.768
-1.364, -0.152, -0.194
-1.483, -0.140, 0.183
-1.594, -0.143, 0.523
-1.634, -0.269, 0.547
-1.651, -0.332, 0.552
-1.873, -1.556, 0.284
-2.205, -3.730, -0.378
-2.391, -4.969, -0.766
RegionID:-1
Center:0.651,-1.442,0.155
Normal:-0.929,0.224,-0.294
NumPatches:17
0.352, -2.507, 0.288
0.501, -2.455, -0.143
0.588, -2.413, -0.388
0.701, -2.012, -0.437
0.881, -1.335, -0.491
0.955, -1.056, -0.513
0.968, -0.996, -0.507
1.008, -0.750, -0.445
0.986, -0.729, -0.360
0.968, -0.713, -0.291
0.776, -0.733, 0.302
0.758, -0.739, 0.355
0.482, -1.243, 0.843
0.173, -1.968, 1.267
0.133, -2.393, 1.069
0.139, -2.496, 0.970
0.168, -2.538, 0.846
RegionID:-1
Center:1.141,-0.175,0.183
Normal:-0.926,0.241,-0.291
NumPatches:12
0.903, -0.576, 0.609
0.938, -0.582, 0.492
1.157, -0.566, -0.190
1.180, -0.556, -0.256
1.220, -0.487, -0.327
1.297, -0.286, -0.406
1.340, -0.124, -0.408
1.406, 0.194, -0.356
1.420, 0.497, -0.148
1.126, 0.348, 0.665
1.102, 0.331, 0.728
0.887, -0.565, 0.669
RegionID:-1
Center:1.491,2.237,0.673
Normal:-0.922,0.259,-0.287
NumPatches:13
1.348, 1.332, 0.315
1.471, 1.427, 0.007
1.526, 1.481, -0.123
1.578, 1.539, -0.239
1.860, 2.795, -0.009
1.884, 2.902, 0.013
2.168, 4.340, 0.397
2.067, 4.540, 0.904
1.675, 3.657, 1.367
1.418, 2.832, 1.447
1.176, 2.041, 1.510
1.124, 1.549, 1.233
1.125, 1.466, 1.155
RegionID:-1
Center:-1.153,-2.357,1.175
Normal:0.299,-0.019,-0.954
NumPatches:13
-1.121, -5.178, 1.241
-0.568, -3.422, 1.379
-0.462, -3.046, 1.405
-0.393, -2.800, 1.422
-0.313, -2.509, 1.441
-0.259, -2.273, 1.453
-1.538, -0.635, 1.020
-1.580, -0.921, 1.012
-1.654, -1.550, 1.001
-1.821, -3.799, 0.994
-1.899, -5.023, 0.994
-1.870, -5.141, 1.005
-1.827, -5.218, 1.020
RegionID:-1
Center:1.237,0.790,0.758
Normal:-0.914,0.294,-0.280
NumPatches:9
1.190, 0.644, 0.758
1.218, 0.661, 0.683
1.399, 0.911, 0.355
1.243, 0.907, 0.858
1.215, 0.903, 0.948
1.185, 0.750, 0.885
1.177, 0.707, 0.867
1.173, 0.686, 0.858
1.164, 0.643, 0.839
RegionID:-1
Center:0.150,3.029,1.542
Normal:0.310,-0.010,-0.951
NumPatches:6
0.932, 2.668, 1.801
1.452, 5.519, 1.941
1.013, 6.260, 1.790
0.920, 6.167, 1.761
-0.790, 2.005, 1.246
-0.860, 1.687, 1.226
