NumRegions:8
RegionID:-1
Center:-1.583,-1.131,-0.221
Normal:-0.932,0.201,-0.301
NumPatches:14
-2.105, -4.669, -0.968
-1.767, -3.394, -1.161
-1.304, -0.730, -0.814
-1.245, -0.384, -0.766
-1.379, -0.152, -0.197
-1.500, -0.142, 0.184
-1.582, -0.143, 0.439
-1.612, -0.145, 0.529
-1.645, -0.269, 0.548
-1.657, -0.313, 0.554
-1.705, -0.623, 0.498
-1.850, -1.612, 0.285
-2.166, -4.111, -0.408
-2.276, -5.194, -0.791
RegionID:-1
Center:0.971,1.734,-0.833
Normal:0.297,-0.030,-0.954
NumPatches:9
1.076, 1.274, -0.786
1.152, 1.426, -0.767
1.166, 1.788, -0.774
1.065, 2.497, -0.828
0.904, 2.283, -0.871
0.772, 1.955, -0.902
0.721, 1.766, -0.912
0.830, 1.337, -0.864
0.954, 1.182, -0.821
RegionID:-1
Center:0.686,-1.326,0.163
Normal:-0.936,0.190,-0.297
NumPatches:16
0.289, -2.458, 0.690
0.378, -2.461, 0.407
0.509, -2.436, 0.013
0.645, -2.389, -0.386
0.820, -1.667, -0.476
0.966, -0.995, -0.507
1.006, -0.673, -0.426
0.971, -0.662, -0.309
0.815, -0.645, 0.191
0.737, -0.643, 0.439
0.685, -0.646, 0.600
0.257, -1.863, 1.170
0.212, -2.062, 1.186
0.201, -2.209, 1.127
0.229, -2.378, 0.930
0.254, -2.433, 0.815
RegionID:-1
Center:1.126,-0.087,0.188
Normal:-0.933,0.210,-0.292
NumPatches:13
0.907, -0.503, 0.590
1.026, -0.508, 0.203
1.128, -0.501, -0.116
1.150, -0.494, -0.183
1.172, -0.483, -0.246
1.226, -0.454, -0.395
1.233, -0.423, -0.397
1.268, -0.265, -0.393
1.369, 0.242, -0.352
1.419, 0.623, -0.235
1.392, 0.625, -0.150
1.072, 0.428, 0.731
0.890, -0.494, 0.648
RegionID:-1
Center:1.399,2.332,0.659
Normal:-0.930,0.227,-0.288
NumPatches:15
1.117, 1.565, 0.962
1.286, 1.441, 0.319
1.449, 1.550, -0.122
1.519, 1.808, -0.144
1.579, 2.031, -0.160
1.754, 2.940, -0.010
1.896, 3.994, 0.365
1.893, 4.303, 0.617
1.730, 4.192, 1.057
1.642, 4.088, 1.259
1.284, 2.824, 1.418
1.074, 2.034, 1.475
1.049, 1.816, 1.380
1.046, 1.647, 1.257
1.079, 1.597, 1.111
RegionID:-1
Center:-1.095,-2.378,1.194
Normal:0.299,-0.018,-0.954
NumPatches:9
-1.019, -5.334, 1.273
-0.774, -4.602, 1.336
-0.329, -2.856, 1.443
-0.255, -2.558, 1.461
-0.206, -2.302, 1.471
-1.522, -0.695, 1.028
-1.569, -0.967, 1.019
-1.671, -1.992, 1.006
-1.790, -5.326, 1.031
RegionID:-1
Center:0.005,2.936,1.494
Normal:0.307,-0.005,-0.952
NumPatches:10
0.807, 2.622, 1.755
1.133, 4.528, 1.850
1.279, 5.402, 1.893
1.018, 6.298, 1.804
0.748, 6.028, 1.718
0.050, 4.397, 1.502
-0.309, 3.469, 1.391
-0.702, 2.395, 1.269
-0.867, 1.917, 1.218
-0.975, 1.571, 1.185
RegionID:-1
Center:1.194,0.908,0.770
Normal:-0.916,0.288,-0.279
NumPatches:10
1.147, 0.759, 0.770
1.176, 0.779, 0.696
1.322, 0.991, 0.435
1.329, 1.018, 0.441
1.167, 1.013, 0.968
1.150, 0.922, 0.928
1.144, 0.887, 0.912
1.136, 0.842, 0.892
1.132, 0.820, 0.882
1.128, 0.796, 0.871
