NumRegions:6
RegionID:-1
Center:-1.523,-1.219,-0.208
Normal:-0.948,0.069,-0.309
NumPatches:14
-1.386, -3.450, -1.127
-1.275, -0.409, -0.788
-1.275, -0.392, -0.785
-1.447, -0.139, -0.202
-1.516, -0.107, 0.017
-1.658, -0.107, 0.453
-1.673, -0.236, 0.469
-1.699, -0.505, 0.491
-1.710, -0.622, 0.498
-1.726, -1.397, 0.375
-1.730, -2.305, 0.185
-1.727, -3.810, -0.161
-1.715, -5.069, -0.478
-1.648, -5.767, -0.840
RegionID:-1
Center:0.779,-0.987,0.119
Normal:-0.951,0.058,-0.305
NumPatches:15
0.862, -2.045, -0.341
0.899, -1.781, -0.407
0.999, -0.752, -0.524
1.012, -0.390, -0.494
1.010, -0.359, -0.484
1.009, -0.343, -0.477
0.938, -0.276, -0.244
0.921, -0.272, -0.191
0.839, -0.289, 0.064
0.698, -0.320, 0.496
0.360, -1.916, 1.249
0.383, -1.994, 1.162
0.435, -2.134, 0.973
0.509, -2.198, 0.731
0.780, -2.293, -0.133
RegionID:-1
Center:1.030,0.230,0.155
Normal:-0.948,0.086,-0.307
NumPatches:14
0.955, -0.171, 0.277
1.086, -0.164, -0.127
1.153, -0.158, -0.330
1.186, -0.130, -0.426
1.188, -0.116, -0.427
1.190, -0.086, -0.425
1.191, -0.071, -0.424
1.205, 0.282, -0.367
1.220, 0.758, -0.283
1.208, 0.858, -0.218
0.911, 0.799, 0.682
0.888, 0.789, 0.749
0.863, -0.153, 0.565
0.894, -0.168, 0.465
RegionID:-1
Center:0.984,2.822,0.576
Normal:-0.950,0.092,-0.299
NumPatches:13
1.093, 2.091, 0.004
1.155, 2.226, -0.153
1.167, 2.320, -0.160
1.178, 2.415, -0.167
1.233, 2.878, -0.199
1.265, 3.158, -0.216
1.282, 3.308, -0.224
1.261, 4.120, 0.090
1.120, 4.260, 0.583
0.978, 4.121, 0.991
0.909, 4.022, 1.181
0.684, 2.267, 1.358
0.663, 1.969, 1.335
RegionID:-1
Center:-0.534,2.609,1.332
Normal:0.307,0.003,-0.952
NumPatches:6
0.403, 2.571, 1.634
0.482, 4.881, 1.666
0.503, 5.836, 1.675
-0.170, 6.307, 1.459
-1.155, 3.083, 1.133
-1.418, 0.917, 1.042
RegionID:-1
Center:-0.921,-2.409,1.240
Normal:0.302,-0.016,-0.953
NumPatches:9
-0.232, -5.273, 1.507
-0.007, -2.411, 1.530
-1.517, -0.693, 1.022
-1.544, -1.005, 1.018
-1.518, -1.824, 1.040
-1.342, -3.652, 1.127
-1.198, -4.932, 1.195
-1.057, -5.172, 1.243
-0.955, -5.337, 1.279
