NumRegions:6
RegionID:-1
Center:-1.496,-1.228,-0.207
Normal:-0.950,0.023,-0.310
NumPatches:14
-1.416, -5.235, -0.752
-1.267, -3.269, -1.060
-1.291, -0.679, -0.793
-1.292, -0.662, -0.790
-1.302, -0.417, -0.739
-1.310, -0.388, -0.714
-1.467, -0.107, -0.211
-1.489, -0.089, -0.143
-1.654, -0.080, 0.366
-1.685, -0.088, 0.460
-1.715, -0.675, 0.507
-1.636, -3.285, 0.068
-1.578, -4.145, -0.173
-1.502, -5.268, -0.491
RegionID:-1
Center:0.804,-0.827,0.080
Normal:-0.952,0.010,-0.307
NumPatches:15
0.891, -2.026, -0.226
0.925, -1.933, -0.329
0.950, -1.722, -0.400
1.006, -0.524, -0.536
1.008, -0.213, -0.532
1.006, -0.199, -0.528
0.996, -0.157, -0.493
0.970, -0.150, -0.414
0.948, -0.146, -0.346
0.848, -0.151, -0.036
0.714, -0.174, 0.380
0.686, -0.198, 0.463
0.441, -1.859, 1.173
0.447, -1.964, 1.151
0.558, -2.043, 0.805
RegionID:-1
Center:0.992,0.355,0.138
Normal:-0.952,0.040,-0.303
NumPatches:11
0.861, -0.024, 0.497
1.040, -0.017, -0.063
1.118, 0.008, -0.305
1.146, 0.020, -0.390
1.160, 0.168, -0.416
1.162, 0.198, -0.417
1.164, 0.778, -0.347
1.155, 0.954, -0.296
1.137, 1.041, -0.229
0.812, 0.934, 0.778
0.846, -0.022, 0.545
RegionID:-1
Center:0.832,2.988,0.526
Normal:-0.954,0.042,-0.297
NumPatches:16
1.017, 2.365, -0.156
1.032, 2.585, -0.174
1.048, 2.824, -0.191
1.056, 2.956, -0.200
1.066, 3.100, -0.209
1.074, 3.243, -0.217
1.078, 3.376, -0.211
1.072, 3.679, -0.150
1.015, 4.259, 0.117
0.806, 4.079, 0.761
0.743, 4.010, 0.956
0.685, 3.700, 1.097
0.609, 3.085, 1.256
0.580, 2.781, 1.305
0.554, 2.212, 1.309
0.564, 2.128, 1.266
RegionID:-1
Center:-0.631,2.585,1.295
Normal:0.305,-0.002,-0.952
NumPatches:8
0.262, 2.484, 1.582
0.203, 5.443, 1.556
0.144, 6.597, 1.534
0.062, 6.487, 1.508
-0.566, 5.625, 1.309
-0.683, 5.421, 1.272
-1.151, 3.078, 1.127
-1.465, 0.800, 1.032
RegionID:-1
Center:-0.837,-2.451,1.267
Normal:0.300,-0.016,-0.954
NumPatches:9
-0.171, -5.300, 1.524
-0.085, -4.514, 1.538
-0.021, -3.903, 1.548
0.068, -2.770, 1.557
0.086, -2.468, 1.558
-1.505, -0.732, 1.028
-1.512, -1.813, 1.043
-1.004, -5.228, 1.261
-0.953, -5.317, 1.278
