NumRegions:7
RegionID:-1
Center:-1.480,-1.249,-0.197
Normal:-0.951,-0.003,-0.309
NumPatches:17
-1.298, -5.039, -0.721
-1.210, -3.126, -1.012
-1.206, -3.008, -1.023
-1.289, -0.410, -0.795
-1.291, -0.375, -0.789
-1.478, -0.089, -0.213
-1.612, -0.077, 0.199
-1.639, -0.079, 0.281
-1.667, -0.081, 0.368
-1.698, -0.089, 0.464
-1.708, -0.555, 0.499
-1.709, -0.602, 0.502
-1.667, -1.564, 0.382
-1.640, -2.077, 0.304
-1.567, -3.463, 0.093
-1.473, -4.529, -0.188
-1.355, -5.834, -0.539
RegionID:-1
Center:0.808,-0.773,0.088
Normal:-0.952,-0.016,-0.307
NumPatches:17
0.926, -1.914, -0.216
0.983, -1.726, -0.403
1.006, -0.775, -0.526
1.004, -0.422, -0.538
1.000, -0.239, -0.536
0.999, -0.213, -0.534
0.998, -0.200, -0.531
0.994, -0.159, -0.521
0.983, -0.120, -0.491
0.958, -0.113, -0.412
0.901, -0.108, -0.235
0.806, -0.102, 0.060
0.694, -0.096, 0.405
0.681, -0.132, 0.448
0.441, -1.974, 1.292
0.522, -1.982, 1.040
0.777, -1.982, 0.249
RegionID:-1
Center:-1.864,1.847,-0.640
Normal:-0.279,-0.957,-0.079
NumPatches:7
-1.968, 1.907, -1.006
-2.211, 1.933, -0.460
-1.842, 1.799, -0.137
-1.602, 1.769, -0.617
-1.701, 1.823, -0.926
-1.831, 1.865, -0.972
-1.899, 1.887, -0.995
RegionID:-1
Center:0.967,0.433,0.137
Normal:-0.953,0.015,-0.303
NumPatches:10
0.934, 0.057, 0.221
1.079, 0.059, -0.235
1.140, 0.109, -0.423
1.153, 0.463, -0.447
1.096, 1.132, -0.234
0.812, 1.032, 0.655
0.767, 1.000, 0.792
0.834, 0.076, 0.538
0.848, 0.066, 0.493
0.920, 0.058, 0.265
RegionID:-1
Center:0.736,3.075,0.539
Normal:-0.955,0.017,-0.296
NumPatches:12
0.803, 2.389, 0.285
0.893, 2.553, 0.002
0.950, 2.659, -0.177
0.977, 3.360, -0.223
0.972, 4.058, -0.164
0.751, 4.057, 0.548
0.689, 4.028, 0.746
0.628, 3.944, 0.936
0.572, 3.827, 1.112
0.521, 3.033, 1.231
0.478, 2.255, 1.323
0.491, 2.169, 1.278
RegionID:-1
Center:-0.712,2.418,1.273
Normal:0.299,0.002,-0.954
NumPatches:9
0.169, 2.447, 1.549
0.068, 5.328, 1.523
-0.021, 6.392, 1.498
-0.097, 6.300, 1.474
-0.631, 5.547, 1.305
-1.102, 3.198, 1.153
-1.424, 1.486, 1.048
-1.469, 1.048, 1.034
-1.491, 0.722, 1.026
RegionID:-1
Center:-0.794,-2.467,1.286
Normal:0.301,-0.017,-0.953
NumPatches:9
0.024, -4.629, 1.583
0.136, -2.809, 1.586
0.145, -2.490, 1.583
-1.521, -0.671, 1.024
-1.474, -1.096, 1.046
-1.109, -4.079, 1.216
-1.048, -4.314, 1.239
-0.234, -5.268, 1.513
-0.173, -5.324, 1.534
