NumRegions:5
RegionID:-1
Center:0.809,-0.232,0.051
Normal:-0.931,-0.207,-0.301
NumPatches:12
1.004, -0.259, -0.534
0.896, 0.291, -0.577
0.882, 0.347, -0.573
0.850, 0.478, -0.563
0.832, 0.519, -0.535
0.781, 0.559, -0.405
0.547, 0.523, 0.343
0.567, 0.315, 0.422
0.765, -1.423, 1.006
0.804, -1.539, 0.963
0.933, -1.573, 0.589
1.213, -1.428, -0.377
RegionID:-1
Center:-1.313,-1.375,-0.142
Normal:-0.932,-0.199,-0.303
NumPatches:11
-0.360, -5.332, -0.475
-0.707, -2.965, -0.960
-1.305, -0.398, -0.806
-1.562, -0.075, -0.228
-1.675, -0.080, 0.123
-1.729, -0.084, 0.292
-1.791, -0.094, 0.488
-1.652, -0.770, 0.505
-1.643, -0.814, 0.505
-0.942, -3.834, 0.332
-0.277, -6.059, -0.252
RegionID:-1
Center:0.694,1.106,0.116
Normal:-0.939,-0.173,-0.297
NumPatches:12
0.886, 0.786, -0.304
0.845, 1.077, -0.344
0.738, 1.719, -0.378
0.689, 1.857, -0.302
0.643, 1.950, -0.213
0.601, 2.015, -0.118
0.553, 1.699, 0.218
0.478, 1.139, 0.781
0.586, 0.800, 0.636
0.614, 0.772, 0.565
0.716, 0.764, 0.248
0.888, 0.763, -0.296
RegionID:-1
Center:-1.078,1.921,1.160
Normal:0.313,-0.002,-0.950
NumPatches:14
-1.425, 1.157, 1.048
-1.269, 1.232, 1.099
-0.285, 2.226, 1.421
-0.391, 2.725, 1.385
-0.568, 3.307, 1.326
-0.728, 3.693, 1.272
-0.908, 3.471, 1.213
-1.007, 3.336, 1.181
-1.686, 2.270, 0.960
-1.702, 2.233, 0.954
-1.763, 2.087, 0.935
-1.812, 1.553, 0.920
-1.735, 1.205, 0.946
-1.615, 1.103, 0.985
RegionID:-1
Center:-0.416,-2.524,1.397
Normal:0.302,-0.013,-0.953
NumPatches:10
0.874, -4.540, 1.834
0.583, -2.642, 1.715
-1.440, -0.908, 1.050
-1.421, -0.973, 1.057
-1.077, -2.074, 1.181
-0.343, -4.187, 1.444
-0.195, -4.337, 1.493
0.195, -4.723, 1.622
0.386, -4.912, 1.685
0.520, -5.033, 1.729
