NumRegions:8
RegionID:-1
Center:0.932,-1.495,-0.795
Normal:-0.864,-0.366,-0.347
NumPatches:6
1.092, -1.909, -0.756
0.979, -1.574, -0.829
0.877, -1.295, -0.870
0.773, -1.047, -0.873
-0.021, 0.001, -0.002
1.106, -1.954, -0.744
RegionID:-1
Center:-1.299,-1.360,-0.129
Normal:-0.928,-0.216,-0.302
NumPatches:12
-0.293, -5.204, -0.465
-0.622, -3.235, -0.864
-1.304, -0.397, -0.802
-1.566, -0.075, -0.228
-1.615, -0.077, -0.076
-1.735, -0.084, 0.296
-1.798, -0.092, 0.496
-1.609, -0.925, 0.511
-1.429, -1.644, 0.475
-0.880, -3.798, 0.330
-0.570, -4.817, 0.109
-0.195, -5.931, -0.244
RegionID:-1
Center:0.807,-0.190,0.048
Normal:-0.926,-0.223,-0.303
NumPatches:16
1.187, -1.335, -0.268
1.181, -1.223, -0.335
1.137, -0.903, -0.434
1.110, -0.741, -0.474
1.022, -0.253, -0.562
1.013, -0.211, -0.567
0.844, 0.489, -0.566
0.818, 0.569, -0.546
0.815, 0.578, -0.541
0.769, 0.598, -0.417
0.576, 0.594, 0.175
0.532, 0.589, 0.314
0.538, 0.528, 0.342
0.790, -1.387, 0.983
0.950, -1.500, 0.575
1.123, -1.458, 0.018
RegionID:-1
Center:0.665,1.167,0.136
Normal:-0.973,-0.005,-0.229
NumPatches:11
0.667, 0.849, 0.135
0.757, 0.861, -0.249
0.774, 0.865, -0.320
0.794, 0.951, -0.407
0.795, 0.977, -0.414
0.778, 1.676, -0.355
0.761, 1.957, -0.289
0.490, 3.413, 0.838
0.505, 1.187, 0.815
0.545, 0.865, 0.654
0.654, 0.848, 0.191
RegionID:-1
Center:-1.698,0.085,0.071
Normal:-0.943,-0.128,-0.308
NumPatches:9
-1.595, 0.080, -0.243
-1.598, 0.101, -0.243
-1.681, 0.108, 0.010
-1.721, 0.111, 0.129
-1.781, 0.114, 0.312
-1.811, 0.109, 0.406
-1.803, 0.063, 0.403
-1.674, 0.059, 0.009
-1.593, 0.060, -0.241
RegionID:-1
Center:-1.104,1.921,1.155
Normal:0.312,-0.000,-0.950
NumPatches:13
-1.560, 1.209, 1.006
-1.376, 1.266, 1.066
-1.212, 1.331, 1.120
-0.311, 2.211, 1.416
-0.453, 2.693, 1.369
-0.639, 3.237, 1.307
-0.805, 3.614, 1.253
-0.978, 3.395, 1.196
-1.674, 2.315, 0.968
-1.708, 2.242, 0.957
-1.819, 2.000, 0.920
-1.833, 1.535, 0.916
-1.764, 1.164, 0.938
RegionID:-1
Center:-0.329,-2.627,1.430
Normal:0.300,-0.013,-0.954
NumPatches:8
0.932, -4.553, 1.854
0.854, -3.895, 1.820
0.709, -3.020, 1.762
0.622, -2.660, 1.730
-1.408, -0.986, 1.067
-0.999, -2.178, 1.212
-0.143, -4.407, 1.513
0.517, -5.019, 1.730
RegionID:-1
Center:-1.639,0.427,0.987
Normal:0.316,-0.043,-0.948
NumPatches:7
-1.598, 0.252, 1.009
-1.572, 0.373, 1.012
-1.644, 0.669, 0.974
-1.696, 0.475, 0.966
-1.702, 0.451, 0.965
-1.709, 0.402, 0.965
-1.612, 0.193, 1.006
