NumRegions:9
RegionID:-1
Center:0.788,-0.004,0.053
Normal:-0.948,-0.178,-0.263
NumPatches:17
1.112, -1.253, -0.275
1.126, -1.205, -0.356
1.041, -0.534, -0.503
0.992, -0.179, -0.568
0.882, 0.447, -0.594
0.875, 0.480, -0.591
0.635, 1.579, -0.467
0.524, 1.982, -0.339
0.463, 2.003, -0.130
0.412, 1.779, 0.203
0.376, 1.149, 0.759
0.788, -1.395, 0.994
0.816, -1.411, 0.902
0.843, -1.421, 0.811
0.894, -1.421, 0.628
0.986, -1.397, 0.279
1.059, -1.373, -0.000
RegionID:-1
Center:0.960,-1.541,-0.809
Normal:0.301,-0.027,-0.953
NumPatches:11
1.208, -1.723, -0.726
1.221, -1.607, -0.725
1.136, -1.421, -0.757
1.051, -1.279, -0.788
0.909, -1.086, -0.838
0.851, -1.094, -0.856
0.768, -1.188, -0.880
0.731, -1.232, -0.890
0.807, -1.873, -0.848
0.876, -2.076, -0.820
1.009, -2.333, -0.771
RegionID:-1
Center:-1.275,-1.374,-0.131
Normal:-0.924,-0.234,-0.303
NumPatches:15
-0.346, -4.419, -0.606
-0.576, -3.198, -0.852
-1.303, -0.396, -0.802
-1.308, -0.380, -0.801
-1.573, -0.075, -0.229
-1.654, -0.080, 0.021
-1.686, -0.082, 0.121
-1.741, -0.086, 0.293
-1.807, -0.092, 0.498
-1.615, -0.849, 0.501
-1.388, -1.719, 0.480
-1.026, -3.074, 0.426
-0.766, -3.995, 0.345
-0.417, -5.068, 0.111
-0.047, -6.060, -0.250
RegionID:-1
Center:-1.721,0.105,0.101
Normal:-0.940,-0.169,-0.296
NumPatches:8
-1.608, 0.080, -0.245
-1.619, 0.144, -0.247
-1.738, 0.158, 0.124
-1.827, 0.156, 0.408
-1.823, 0.133, 0.409
-1.810, 0.063, 0.406
-1.720, 0.056, 0.124
-1.605, 0.060, -0.244
RegionID:-1
Center:-1.135,1.873,1.143
Normal:0.315,-0.000,-0.949
NumPatches:12
-1.159, 1.407, 1.135
-0.970, 1.578, 1.198
-0.337, 2.176, 1.407
-0.482, 2.652, 1.359
-0.567, 2.871, 1.331
-1.647, 2.338, 0.973
-1.669, 2.309, 0.966
-1.688, 2.276, 0.959
-1.706, 2.240, 0.954
-1.826, 1.959, 0.914
-1.845, 1.467, 0.908
-1.774, 1.108, 0.931
RegionID:-1
Center:0.510,-3.393,1.705
Normal:0.319,0.000,-0.948
NumPatches:8
1.033, -4.706, 1.881
0.928, -3.979, 1.846
0.692, -2.687, 1.767
0.499, -2.613, 1.702
0.164, -2.497, 1.589
0.196, -3.083, 1.599
0.326, -4.865, 1.642
0.393, -4.937, 1.665
RegionID:-1
Center:-0.084,-3.201,1.562
Normal:0.234,-0.004,-0.972
NumPatches:12
0.145, -3.166, 1.617
0.123, -2.787, 1.610
0.069, -2.463, 1.596
-0.059, -2.372, 1.565
-0.204, -2.285, 1.530
-0.232, -2.270, 1.523
-0.280, -2.950, 1.514
-0.309, -3.394, 1.509
-0.310, -3.718, 1.510
0.017, -4.587, 1.592
0.136, -4.702, 1.621
0.197, -4.755, 1.636
RegionID:-1
Center:-0.832,-1.994,1.261
Normal:0.335,-0.003,-0.942
NumPatches:8
-0.357, -3.206, 1.434
-0.316, -2.931, 1.448
-0.285, -2.593, 1.458
-0.265, -2.256, 1.464
-1.429, -0.927, 1.046
-0.974, -2.226, 1.212
-0.453, -3.479, 1.401
-0.414, -3.510, 1.415
RegionID:-1
Center:-1.443,0.926,1.044
Normal:0.311,-0.028,-0.950
NumPatches:5
-1.419, 0.901, 1.052
-1.342, 1.092, 1.072
-1.524, 1.052, 1.014
-1.551, 0.982, 1.007
-1.498, 0.725, 1.032
