NumRegions:9
RegionID:-1
Center:0.951,-1.749,-0.789
Normal:-0.498,-0.006,-0.867
NumPatches:7
1.094, -1.663, -0.871
1.091, -1.621, -0.870
0.998, -1.411, -0.818
0.897, -1.199, -0.761
0.836, -1.082, -0.728
-0.115, 0.007, -0.189
1.064, -2.746, -0.847
RegionID:-1
Center:0.804,-0.064,0.043
Normal:-0.917,-0.267,-0.297
NumPatches:13
1.215, -1.071, -0.322
1.218, -1.001, -0.394
0.978, 0.051, -0.600
0.791, 0.746, -0.649
0.735, 0.806, -0.529
0.716, 0.825, -0.487
0.603, 0.793, -0.111
0.552, 0.778, 0.060
0.542, 0.730, 0.135
0.531, 0.611, 0.277
0.575, 0.298, 0.421
0.861, -1.283, 0.962
1.038, -1.810, 0.891
RegionID:-1
Center:-1.228,-1.404,-0.115
Normal:-0.916,-0.263,-0.302
NumPatches:16
-0.487, -3.155, -0.836
-1.289, -0.409, -0.798
-1.299, -0.377, -0.796
-1.573, -0.075, -0.229
-1.654, -0.079, 0.022
-1.686, -0.081, 0.122
-1.742, -0.085, 0.294
-1.772, -0.091, 0.391
-1.794, -0.136, 0.495
-1.782, -0.178, 0.497
-1.513, -1.139, 0.520
-1.293, -1.879, 0.497
-0.897, -3.205, 0.451
-0.590, -4.159, 0.354
-0.178, -5.318, 0.114
0.233, -6.338, -0.245
RegionID:-1
Center:0.562,1.386,0.106
Normal:-0.945,-0.175,-0.277
NumPatches:12
0.743, 1.135, -0.353
0.736, 1.190, -0.366
0.733, 1.216, -0.371
0.610, 1.941, -0.409
0.547, 2.162, -0.332
0.506, 2.022, -0.105
0.448, 1.809, 0.227
0.341, 1.355, 0.880
0.392, 1.204, 0.802
0.634, 0.821, 0.215
0.703, 0.822, -0.020
0.717, 0.828, -0.073
RegionID:-1
Center:-1.724,0.128,0.054
Normal:-0.921,-0.250,-0.297
NumPatches:10
-1.630, 0.143, -0.249
-1.647, 0.210, -0.253
-1.831, 0.210, 0.319
-1.848, 0.157, 0.413
-1.841, 0.135, 0.413
-1.834, 0.111, 0.412
-1.820, 0.062, 0.406
-1.728, 0.057, 0.127
-1.692, 0.057, 0.016
-1.608, 0.059, -0.245
RegionID:-1
Center:-1.156,1.946,1.138
Normal:0.316,0.001,-0.949
NumPatches:12
-1.020, 1.528, 1.183
-1.002, 1.541, 1.189
-0.456, 2.094, 1.371
-0.410, 2.147, 1.387
-0.540, 2.615, 1.344
-0.656, 2.774, 1.305
-1.905, 2.491, 0.889
-1.928, 2.392, 0.881
-1.938, 2.341, 0.877
-1.903, 1.899, 0.889
-1.848, 1.431, 0.907
-1.712, 1.286, 0.952
RegionID:-1
Center:-0.200,-2.673,1.474
Normal:0.312,-0.005,-0.950
NumPatches:10
1.151, -4.724, 1.929
1.030, -3.994, 1.885
0.920, -3.427, 1.846
0.779, -2.725, 1.796
-1.323, -1.163, 1.096
-0.859, -2.291, 1.255
-0.295, -3.616, 1.447
0.256, -4.770, 1.635
0.320, -4.833, 1.656
0.451, -4.957, 1.700
RegionID:-1
Center:-1.639,0.313,0.981
Normal:0.357,-0.014,-0.934
NumPatches:9
-1.601, 0.073, 0.999
-1.595, 0.132, 1.001
-1.579, 0.298, 1.005
-1.657, 0.581, 0.970
-1.667, 0.539, 0.967
-1.677, 0.497, 0.964
-1.710, 0.343, 0.954
-1.714, 0.319, 0.953
-1.607, 0.053, 0.997
RegionID:-1
Center:-1.446,1.052,1.044
Normal:0.289,0.009,-0.957
NumPatches:8
-1.288, 1.185, 1.092
-1.410, 1.197, 1.056
-1.425, 1.182, 1.051
-1.529, 1.042, 1.018
-1.537, 1.019, 1.016
-1.553, 0.974, 1.010
-1.568, 0.929, 1.006
-1.451, 0.841, 1.040
