NumRegions:9
RegionID:-1
Center:0.790,0.173,0.055
Normal:-0.915,-0.300,-0.271
NumPatches:16
1.258, -0.857, -0.386
1.220, -0.702, -0.428
1.078, -0.175, -0.534
0.946, 0.289, -0.600
0.942, 0.301, -0.602
0.772, 0.820, -0.599
0.698, 1.034, -0.587
0.371, 1.911, -0.454
0.264, 2.184, -0.394
0.157, 2.434, -0.308
0.095, 1.564, 0.862
0.122, 1.447, 0.901
1.079, -1.649, 1.095
1.139, -1.772, 1.028
1.212, -1.775, 0.785
1.443, -1.694, -0.085
RegionID:-1
Center:-1.149,-1.371,-0.072
Normal:-0.903,-0.311,-0.295
NumPatches:14
-0.287, -3.155, -0.829
-1.260, -0.382, -0.777
-1.547, -0.073, -0.225
-1.596, -0.074, -0.074
-1.627, -0.075, 0.024
-1.713, -0.081, 0.294
-1.775, -0.088, 0.491
-1.686, -0.423, 0.570
-1.541, -0.854, 0.582
-1.505, -0.959, 0.583
-0.550, -3.646, 0.496
-0.190, -4.582, 0.380
0.225, -5.536, 0.118
0.369, -5.626, -0.230
RegionID:-1
Center:1.138,-1.114,-0.724
Normal:-0.751,-0.623,-0.217
NumPatches:7
1.269, -1.273, -0.722
1.141, -1.096, -0.784
1.064, -1.001, -0.792
1.041, -0.974, -0.788
1.030, -0.963, -0.785
-0.004, 0.009, 0.005
1.366, -1.412, -0.657
RegionID:-1
Center:-1.715,0.215,-0.052
Normal:-0.901,-0.315,-0.298
NumPatches:11
-1.521, 0.327, -0.758
-1.529, 0.346, -0.754
-1.587, 0.358, -0.591
-1.891, 0.357, 0.328
-1.851, 0.159, 0.417
-1.832, 0.110, 0.412
-1.821, 0.084, 0.407
-1.809, 0.057, 0.399
-1.648, 0.052, -0.084
-1.621, 0.052, -0.164
-1.598, 0.056, -0.240
RegionID:-1
Center:-1.782,2.088,0.932
Normal:0.335,0.008,-0.942
NumPatches:9
-1.682, 1.856, 0.965
-1.626, 1.934, 0.986
-1.517, 2.171, 1.027
-1.660, 2.312, 0.977
-1.932, 2.408, 0.881
-1.949, 2.368, 0.875
-1.980, 2.285, 0.863
-2.008, 2.201, 0.852
-1.931, 1.834, 0.877
RegionID:-1
Center:-0.863,2.094,1.237
Normal:0.330,0.004,-0.944
NumPatches:9
-0.977, 1.577, 1.195
-0.482, 2.088, 1.370
-0.952, 3.463, 1.211
-1.017, 3.369, 1.188
-1.048, 3.322, 1.177
-1.207, 1.845, 1.116
-1.151, 1.615, 1.135
-1.059, 1.535, 1.167
-1.027, 1.533, 1.178
RegionID:-1
Center:0.094,-2.859,1.573
Normal:0.311,0.006,-0.950
NumPatches:8
1.461, -4.155, 2.012
0.951, -2.715, 1.854
-1.041, -1.542, 1.211
-1.080, -1.554, 1.198
-0.032, -3.816, 1.526
0.166, -3.987, 1.590
0.552, -4.279, 1.714
1.081, -4.667, 1.885
RegionID:-1
Center:-1.506,1.359,1.024
Normal:0.329,-0.020,-0.944
NumPatches:8
-1.308, 1.384, 1.093
-1.255, 1.465, 1.109
-1.414, 1.546, 1.052
-1.636, 1.478, 0.976
-1.650, 1.453, 0.972
-1.676, 1.401, 0.964
-1.695, 1.344, 0.958
-1.617, 1.104, 0.991
RegionID:-1
Center:-1.652,0.352,0.982
Normal:0.347,-0.004,-0.938
NumPatches:9
-1.601, 0.152, 1.002
-1.577, 0.338, 1.010
-1.667, 0.584, 0.976
-1.674, 0.564, 0.973
-1.703, 0.435, 0.963
-1.716, 0.339, 0.959
-1.717, 0.315, 0.959
-1.716, 0.291, 0.959
-1.604, 0.133, 1.001
