NumRegions:11
RegionID:-1
Center:-1.580,0.460,-0.168
Normal:-0.909,-0.302,-0.286
NumPatches:12
-1.354, 0.451, -0.874
-1.402, 0.668, -0.952
-1.467, 0.836, -0.921
-1.562, 0.861, -0.648
-1.888, 0.897, 0.350
-1.763, 0.376, 0.502
-1.672, 0.059, 0.550
-1.639, 0.051, 0.451
-1.583, 0.051, 0.274
-1.457, 0.062, -0.138
-1.353, 0.268, -0.684
-1.338, 0.302, -0.769
RegionID:-1
Center:-1.053,-1.202,-0.036
Normal:-0.908,-0.297,-0.295
NumPatches:15
0.202, -4.673, -0.411
-0.266, -2.894, -0.758
-0.859, -1.091, -0.747
-1.124, -0.340, -0.685
-1.395, -0.064, -0.129
-1.446, -0.063, 0.029
-1.547, -0.072, 0.348
-1.603, -0.080, 0.532
-1.531, -0.366, 0.595
-1.332, -1.026, 0.648
-0.651, -3.001, 0.533
-0.450, -3.565, 0.484
-0.139, -4.403, 0.367
0.205, -5.203, 0.110
0.337, -5.282, -0.217
RegionID:-1
Center:1.081,-1.579,-0.776
Normal:0.298,0.003,-0.955
NumPatches:10
1.570, -2.602, -0.626
1.217, -1.281, -0.733
1.111, -1.200, -0.766
1.011, -1.242, -0.797
0.848, -1.316, -0.848
0.812, -1.350, -0.859
0.801, -1.364, -0.863
0.870, -1.520, -0.842
0.957, -1.697, -0.815
1.536, -2.613, -0.637
RegionID:-1
Center:0.846,0.464,0.114
Normal:-0.922,-0.265,-0.283
NumPatches:13
1.057, 0.423, -0.539
1.031, 0.520, -0.543
0.815, 1.244, -0.519
0.272, 2.960, -0.356
-0.008, 3.115, 0.411
0.034, 2.321, 1.016
0.126, 1.834, 1.175
0.956, -0.540, 0.695
0.979, -0.554, 0.635
1.069, -0.543, 0.329
1.186, -0.528, -0.066
1.204, -0.519, -0.133
1.263, -0.421, -0.417
RegionID:-1
Center:0.966,-2.453,-0.816
Normal:0.320,0.010,-0.948
NumPatches:10
1.260, -3.232, -0.725
1.308, -3.125, -0.707
1.057, -2.331, -0.783
0.756, -1.669, -0.878
0.739, -1.686, -0.884
0.759, -1.926, -0.880
0.810, -2.295, -0.866
0.862, -2.592, -0.852
0.995, -2.984, -0.812
1.233, -3.281, -0.735
RegionID:-1
Center:1.559,-1.021,0.519
Normal:-0.902,-0.322,-0.289
NumPatches:10
1.832, -1.206, -0.127
1.743, -0.887, -0.206
1.730, -0.852, -0.202
1.675, -0.785, -0.107
1.622, -0.743, 0.012
1.325, -0.764, 0.962
1.424, -1.252, 1.195
1.460, -1.283, 1.118
1.497, -1.287, 1.008
1.814, -1.271, 0.002
RegionID:-1
Center:-0.613,2.496,1.327
Normal:0.313,0.001,-0.950
NumPatches:12
-0.441, 2.115, 1.384
-0.416, 2.134, 1.392
-0.366, 2.178, 1.408
-0.575, 2.896, 1.340
-0.716, 3.183, 1.294
-0.749, 3.155, 1.282
-0.815, 3.095, 1.261
-0.846, 3.056, 1.250
-0.876, 3.016, 1.240
-0.772, 2.430, 1.275
-0.695, 2.175, 1.300
-0.512, 2.065, 1.360
RegionID:-1
Center:0.849,-3.296,1.790
Normal:0.315,0.004,-0.949
NumPatches:7
1.337, -4.107, 1.949
0.994, -2.717, 1.840
0.747, -2.650, 1.759
0.458, -2.578, 1.663
0.520, -3.207, 1.681
0.732, -4.386, 1.747
0.997, -4.567, 1.834
RegionID:-1
Center:0.179,-3.168,1.603
Normal:0.314,0.059,-0.948
NumPatches:10
0.400, -3.152, 1.678
0.250, -2.630, 1.661
-0.021, -2.482, 1.580
-0.135, -2.460, 1.544
-0.193, -2.581, 1.517
-0.255, -2.848, 1.480
0.225, -4.000, 1.567
0.281, -4.054, 1.582
0.336, -4.099, 1.597
0.623, -4.297, 1.680
RegionID:-1
Center:-1.572,0.699,1.016
Normal:0.355,-0.036,-0.934
NumPatches:8
-1.566, 0.512, 1.026
-1.559, 0.531, 1.028
-1.500, 0.720, 1.043
-1.495, 0.743, 1.044
-1.583, 0.908, 1.004
-1.592, 0.887, 1.001
-1.654, 0.707, 0.985
-1.574, 0.493, 1.023
RegionID:-1
Center:-0.602,-2.083,1.325
Normal:0.320,0.012,-0.947
NumPatches:9
-0.383, -2.148, 1.398
-0.571, -1.994, 1.337
-0.743, -1.855, 1.280
-0.839, -1.777, 1.249
-0.704, -2.158, 1.289
-0.630, -2.237, 1.313
-0.449, -2.393, 1.372
-0.422, -2.416, 1.381
-0.395, -2.433, 1.390
