NumRegions:11
RegionID:-1
Center:0.976,-1.576,-0.816
Normal:0.326,0.042,-0.944
NumPatches:12
1.312, -1.944, -0.716
1.326, -1.913, -0.710
1.336, -1.875, -0.704
1.102, -1.490, -0.768
0.914, -1.269, -0.823
0.787, -1.191, -0.863
0.769, -1.190, -0.870
0.690, -1.314, -0.903
0.724, -1.527, -0.900
0.899, -1.825, -0.853
1.055, -1.936, -0.804
1.264, -2.029, -0.736
RegionID:-1
Center:-1.019,-1.144,-0.033
Normal:-0.919,-0.253,-0.302
NumPatches:14
-0.148, -3.473, -0.731
-0.239, -3.060, -0.801
-0.808, -1.081, -0.730
-1.049, -0.318, -0.637
-1.272, -0.057, -0.177
-1.340, -0.056, 0.032
-1.412, -0.062, 0.256
-1.521, -0.071, 0.593
-1.238, -1.162, 0.648
-0.533, -3.518, 0.479
-0.334, -4.075, 0.342
-0.046, -4.838, 0.105
0.088, -4.966, -0.196
0.150, -4.906, -0.434
RegionID:-1
Center:-1.498,0.569,-0.115
Normal:-0.915,-0.267,-0.301
NumPatches:14
-1.253, 0.402, -0.713
-1.327, 0.804, -0.844
-1.398, 1.040, -0.838
-1.507, 1.124, -0.580
-1.758, 1.172, 0.141
-1.784, 1.138, 0.250
-1.790, 1.049, 0.348
-1.706, 0.589, 0.500
-1.641, 0.307, 0.553
-1.610, 0.214, 0.540
-1.566, 0.088, 0.519
-1.550, 0.046, 0.507
-1.339, 0.037, -0.126
-1.326, 0.060, -0.187
RegionID:-1
Center:1.007,-2.596,-0.812
Normal:0.316,0.008,-0.949
NumPatches:7
1.013, -3.028, -0.813
1.196, -2.652, -0.749
1.076, -2.295, -0.786
0.939, -2.064, -0.830
0.821, -1.875, -0.868
0.882, -3.146, -0.858
0.931, -3.170, -0.842
RegionID:-1
Center:0.898,0.605,0.141
Normal:-0.930,-0.215,-0.298
NumPatches:11
1.265, -0.232, -0.400
1.214, 0.048, -0.441
1.019, 0.968, -0.496
0.926, 1.358, -0.487
0.548, 2.776, -0.334
-0.089, 4.338, 0.528
0.281, 1.853, 1.167
0.948, -0.289, 0.631
0.968, -0.298, 0.577
1.091, -0.306, 0.197
1.255, -0.282, -0.331
RegionID:-1
Center:1.545,-0.845,0.479
Normal:-0.914,-0.276,-0.296
NumPatches:14
1.739, -0.758, -0.201
1.730, -0.731, -0.200
1.722, -0.703, -0.198
1.712, -0.675, -0.196
1.693, -0.617, -0.190
1.658, -0.601, -0.097
1.618, -0.585, 0.010
1.427, -0.571, 0.587
1.329, -0.603, 0.920
1.422, -1.146, 1.140
1.459, -1.160, 1.038
1.493, -1.165, 0.935
1.684, -1.150, 0.333
1.821, -1.112, -0.124
RegionID:-1
Center:1.518,-1.870,0.370
Normal:-0.916,-0.266,-0.299
NumPatches:7
1.732, -2.023, -0.148
1.645, -1.890, -0.001
1.571, -1.802, 0.147
1.425, -1.667, 0.476
1.320, -1.729, 0.853
1.338, -1.834, 0.890
1.674, -2.182, 0.170
RegionID:-1
Center:-0.575,2.441,1.339
Normal:0.304,-0.004,-0.953
NumPatches:9
-0.512, 2.038, 1.361
-0.237, 2.249, 1.447
-0.396, 2.768, 1.395
-0.682, 3.223, 1.302
-0.877, 3.020, 1.240
-0.937, 2.951, 1.221
-0.965, 2.910, 1.212
-0.743, 2.132, 1.287
-0.668, 1.949, 1.311
RegionID:-1
Center:0.197,-2.926,1.571
Normal:0.313,0.014,-0.950
NumPatches:11
1.202, -4.012, 1.885
1.012, -2.986, 1.838
0.910, -2.686, 1.809
-0.853, -1.742, 1.242
-0.723, -2.113, 1.279
0.070, -3.845, 1.515
0.120, -3.894, 1.531
0.170, -3.936, 1.547
0.380, -4.092, 1.614
0.670, -4.300, 1.706
0.858, -4.427, 1.766
RegionID:-1
Center:-1.459,1.009,1.043
Normal:0.298,-0.017,-0.954
NumPatches:9
-1.515, 0.689, 1.031
-1.344, 1.062, 1.078
-1.292, 1.189, 1.092
-1.268, 1.261, 1.098
-1.540, 1.312, 1.012
-1.599, 1.164, 0.996
-1.609, 1.140, 0.994
-1.587, 0.889, 1.005
-1.525, 0.671, 1.028
RegionID:-1
Center:1.252,-1.957,1.287
Normal:-0.924,-0.261,-0.279
NumPatches:13
1.352, -2.434, 1.400
1.341, -2.355, 1.362
1.296, -2.026, 1.204
1.285, -1.948, 1.169
1.249, -1.718, 1.071
1.198, -1.619, 1.150
1.169, -1.707, 1.326
1.173, -1.743, 1.348
1.178, -1.792, 1.377
1.184, -1.850, 1.412
1.191, -1.912, 1.447
1.198, -1.973, 1.481
1.357, -2.522, 1.466
