NumRegions:11
RegionID:-1
Center:-0.999,-1.123,-0.021
Normal:-0.925,-0.232,-0.301
NumPatches:15
-0.207, -3.218, -0.843
-0.794, -1.051, -0.707
-1.001, -0.332, -0.626
-1.008, -0.320, -0.615
-1.205, -0.113, -0.166
-1.284, -0.054, 0.032
-1.352, -0.060, 0.246
-1.455, -0.068, 0.568
-1.429, -0.268, 0.644
-1.423, -0.303, 0.650
-1.346, -0.623, 0.663
-1.191, -1.235, 0.655
-0.571, -3.474, 0.474
-0.383, -4.050, 0.340
0.256, -5.912, -0.191
RegionID:-1
Center:-1.444,0.654,-0.146
Normal:-0.923,-0.239,-0.301
NumPatches:15
-1.184, 0.292, -0.655
-1.188, 0.316, -0.663
-1.260, 0.768, -0.802
-1.356, 1.246, -0.887
-1.398, 1.311, -0.808
-1.434, 1.325, -0.711
-1.501, 1.335, -0.513
-1.752, 1.334, 0.255
-1.733, 1.141, 0.352
-1.655, 0.661, 0.492
-1.615, 0.429, 0.554
-1.532, 0.164, 0.512
-1.526, 0.143, 0.508
-1.309, 0.101, -0.122
-1.181, 0.267, -0.647
RegionID:-1
Center:1.011,-1.531,-0.762
Normal:0.766,0.602,-0.226
NumPatches:5
0.015, 0.023, -0.002
0.838, -1.358, -0.888
0.947, -1.490, -0.869
1.066, -1.632, -0.844
1.320, -1.919, -0.748
RegionID:-1
Center:0.939,-2.449,-0.834
Normal:0.305,0.005,-0.952
NumPatches:9
0.987, -3.072, -0.822
1.220, -2.621, -0.746
1.094, -2.261, -0.784
0.924, -1.790, -0.836
0.833, -1.667, -0.864
0.801, -1.658, -0.875
0.748, -1.707, -0.892
0.748, -2.778, -0.897
0.825, -3.251, -0.875
RegionID:-1
Center:0.928,0.664,0.172
Normal:-0.934,-0.199,-0.297
NumPatches:14
1.245, 0.113, -0.455
1.093, 0.899, -0.502
0.919, 1.668, -0.469
0.630, 2.842, -0.347
0.517, 3.185, -0.222
0.162, 3.295, 0.819
0.215, 2.578, 1.131
0.276, 2.139, 1.233
0.333, 1.902, 1.214
0.967, -0.207, 0.632
0.986, -0.209, 0.574
1.185, -0.202, -0.059
1.244, -0.190, -0.249
1.290, -0.170, -0.407
RegionID:-1
Center:1.546,-0.740,0.450
Normal:-0.922,-0.254,-0.293
NumPatches:11
1.777, -0.824, -0.205
1.737, -0.685, -0.199
1.672, -0.470, -0.180
1.641, -0.460, -0.092
1.608, -0.455, 0.008
1.449, -0.438, 0.493
1.402, -0.445, 0.647
1.331, -0.471, 0.893
1.430, -1.096, 1.125
1.682, -1.094, 0.328
1.821, -1.080, -0.121
RegionID:-1
Center:1.500,-1.726,0.318
Normal:-0.922,-0.241,-0.304
NumPatches:8
1.684, -1.839, -0.151
1.632, -1.653, -0.139
1.518, -1.568, 0.140
1.289, -1.441, 0.733
1.315, -1.669, 0.835
1.380, -1.800, 0.741
1.473, -1.868, 0.514
1.715, -1.953, -0.153
RegionID:-1
Center:-0.532,2.457,1.343
Normal:0.306,-0.009,-0.952
NumPatches:14
-0.600, 1.974, 1.326
-0.556, 2.001, 1.340
-0.367, 2.135, 1.399
-0.264, 2.212, 1.431
-0.182, 2.278, 1.457
-0.240, 2.517, 1.436
-0.330, 2.784, 1.404
-0.441, 2.986, 1.367
-0.676, 3.192, 1.289
-0.871, 3.000, 1.228
-0.899, 2.954, 1.220
-0.718, 2.148, 1.286
-0.670, 1.973, 1.303
-0.645, 1.962, 1.311
RegionID:-1
Center:0.319,-3.107,1.613
Normal:0.299,0.016,-0.954
NumPatches:11
1.132, -3.956, 1.854
0.985, -3.005, 1.824
0.901, -2.666, 1.803
-0.425, -2.122, 1.396
-0.403, -2.721, 1.393
-0.296, -3.090, 1.420
-0.029, -3.777, 1.493
0.069, -3.867, 1.522
0.118, -3.906, 1.537
0.381, -4.104, 1.616
0.865, -4.448, 1.762
RegionID:-1
Center:-1.439,1.169,1.045
Normal:0.298,-0.008,-0.954
NumPatches:7
-1.224, 1.306, 1.111
-1.521, 1.724, 1.015
-1.535, 1.698, 1.010
-1.618, 1.541, 0.986
-1.573, 1.195, 1.003
-1.547, 0.996, 1.012
-1.491, 0.746, 1.032
RegionID:-1
Center:1.244,-1.900,1.257
Normal:-0.921,-0.247,-0.302
NumPatches:8
1.287, -1.959, 1.174
1.277, -1.880, 1.140
1.250, -1.671, 1.052
1.155, -1.544, 1.237
1.176, -1.794, 1.379
1.180, -1.846, 1.409
1.191, -1.969, 1.475
1.341, -2.430, 1.395
