NumRegions:11
RegionID:-1
Center:-1.276,0.648,-0.074
Normal:-0.939,-0.172,-0.297
NumPatches:18
-1.059, 0.219, -0.512
-1.028, 0.262, -0.635
-1.031, 0.292, -0.643
-1.086, 0.678, -0.691
-1.133, 0.963, -0.710
-1.177, 1.188, -0.700
-1.222, 1.382, -0.669
-1.265, 1.504, -0.606
-1.308, 1.611, -0.530
-1.379, 1.650, -0.329
-1.540, 1.699, 0.150
-1.593, 1.604, 0.374
-1.500, 0.783, 0.555
-1.456, 0.481, 0.592
-1.401, 0.131, 0.620
-1.270, 0.101, 0.225
-1.165, 0.091, -0.104
-1.146, 0.107, -0.172
RegionID:-1
Center:0.978,-1.564,-0.822
Normal:0.270,-0.074,-0.960
NumPatches:9
1.217, -1.690, -0.745
1.119, -1.508, -0.787
1.011, -1.391, -0.827
0.888, -1.302, -0.868
0.864, -1.306, -0.874
0.777, -1.410, -0.891
0.771, -1.479, -0.887
0.855, -1.640, -0.851
1.129, -2.079, -0.740
RegionID:-1
Center:-0.971,-1.023,-0.007
Normal:-0.941,-0.162,-0.298
NumPatches:12
-0.333, -3.195, -0.841
-0.798, -0.876, -0.637
-0.934, -0.282, -0.531
-1.099, -0.048, -0.134
-1.152, -0.049, 0.032
-1.211, -0.054, 0.222
-1.329, -0.064, 0.599
-1.327, -0.233, 0.687
-1.202, -0.954, 0.683
-0.736, -3.226, 0.448
-0.423, -4.403, 0.100
-0.039, -5.607, -0.458
RegionID:-1
Center:0.976,-2.311,-0.814
Normal:0.324,0.010,-0.946
NumPatches:8
1.054, -2.924, -0.794
1.141, -2.723, -0.762
1.136, -2.205, -0.758
1.000, -1.926, -0.802
0.798, -1.659, -0.868
0.810, -2.218, -0.870
0.885, -2.543, -0.848
1.003, -3.017, -0.812
RegionID:-1
Center:1.037,0.808,0.225
Normal:-0.945,-0.135,-0.298
NumPatches:18
1.273, 0.596, -0.428
1.182, 1.226, -0.424
1.099, 1.787, -0.416
0.838, 3.212, -0.235
0.748, 3.337, -0.008
0.725, 3.359, 0.056
0.558, 3.470, 0.533
0.525, 2.786, 0.950
0.520, 2.610, 1.043
0.536, 2.085, 1.234
0.545, 1.920, 1.278
1.013, 0.039, 0.649
1.052, 0.029, 0.532
1.069, 0.028, 0.477
1.087, 0.028, 0.422
1.156, 0.029, 0.203
1.325, 0.036, -0.336
1.349, 0.039, -0.413
RegionID:-1
Center:1.551,-0.508,0.418
Normal:-0.939,-0.181,-0.292
NumPatches:15
1.785, -0.866, -0.113
1.806, -0.819, -0.210
1.724, -0.289, -0.273
1.719, -0.267, -0.272
1.715, -0.245, -0.271
1.705, -0.199, -0.267
1.581, -0.162, 0.108
1.555, -0.155, 0.186
1.485, -0.144, 0.406
1.461, -0.140, 0.479
1.439, -0.139, 0.552
1.349, -0.170, 0.858
1.431, -0.930, 1.066
1.582, -0.952, 0.593
1.756, -0.908, 0.007
RegionID:-1
Center:1.477,-1.462,0.126
Normal:-0.937,-0.186,-0.294
NumPatches:11
1.599, -1.662, -0.135
1.577, -1.410, -0.227
1.568, -1.367, -0.223
1.518, -1.291, -0.114
1.470, -1.245, 0.012
1.383, -1.302, 0.325
1.357, -1.327, 0.422
1.336, -1.382, 0.524
1.400, -1.611, 0.466
1.519, -1.713, 0.151
1.568, -1.741, 0.012
RegionID:-1
Center:0.434,-3.425,1.654
Normal:0.309,0.001,-0.951
NumPatches:8
0.615, -4.316, 1.712
0.902, -3.873, 1.806
0.833, -3.032, 1.785
0.799, -2.678, 1.774
0.753, -2.652, 1.759
0.422, -2.548, 1.652
-0.295, -3.575, 1.417
-0.031, -4.471, 1.502
RegionID:-1
Center:-0.260,2.636,1.422
Normal:0.315,-0.011,-0.949
NumPatches:7
-0.080, 2.302, 1.486
0.047, 2.413, 1.527
-0.303, 3.541, 1.398
-0.423, 3.426, 1.359
-0.511, 2.902, 1.336
-0.420, 2.378, 1.372
-0.371, 2.142, 1.391
RegionID:-1
Center:-1.269,1.373,1.106
Normal:0.278,0.002,-0.961
NumPatches:7
-1.112, 1.486, 1.151
-1.087, 1.530, 1.159
-1.158, 1.612, 1.138
-1.310, 1.739, 1.095
-1.329, 1.721, 1.089
-1.371, 1.642, 1.077
-1.396, 1.003, 1.068
RegionID:-1
Center:1.192,-1.777,1.212
Normal:-0.939,-0.168,-0.299
NumPatches:13
1.254, -2.346, 1.337
1.238, -1.887, 1.131
1.236, -1.831, 1.106
1.233, -1.775, 1.083
1.230, -1.725, 1.064
1.222, -1.581, 1.008
1.187, -1.390, 1.010
1.150, -1.328, 1.091
1.143, -1.519, 1.221
1.144, -1.695, 1.317
1.145, -1.740, 1.340
1.149, -1.959, 1.452
1.257, -2.416, 1.369
