NumRegions:12
RegionID:-1
Center:-1.191,0.622,-0.019
Normal:-0.944,-0.120,-0.306
NumPatches:18
-0.983, 0.271, -0.524
-0.978, 0.297, -0.550
-0.993, 0.621, -0.630
-1.024, 0.938, -0.661
-1.053, 1.125, -0.642
-1.118, 1.376, -0.542
-1.153, 1.495, -0.479
-1.191, 1.591, -0.401
-1.262, 1.677, -0.215
-1.443, 1.860, 0.271
-1.447, 1.652, 0.365
-1.401, 0.687, 0.601
-1.363, 0.322, 0.626
-1.333, 0.144, 0.604
-1.319, 0.075, 0.589
-1.210, 0.035, 0.269
-1.102, 0.028, -0.062
-1.068, 0.042, -0.173
RegionID:-1
Center:1.046,-1.441,-0.791
Normal:0.291,-0.018,-0.957
NumPatches:8
1.181, -1.690, -0.745
1.195, -1.664, -0.741
1.178, -1.404, -0.751
1.077, -1.239, -0.785
0.956, -1.232, -0.822
0.865, -1.311, -0.848
0.866, -1.355, -0.847
1.149, -1.736, -0.754
RegionID:-1
Center:-0.970,-0.983,0.003
Normal:-0.945,-0.115,-0.306
NumPatches:17
-0.360, -4.366, -0.604
-0.418, -3.230, -0.853
-0.782, -0.860, -0.624
-0.862, -0.402, -0.551
-0.923, -0.268, -0.413
-1.047, -0.046, -0.112
-1.088, -0.048, 0.015
-1.114, -0.049, 0.095
-1.152, -0.051, 0.213
-1.172, -0.052, 0.277
-1.240, -0.059, 0.488
-1.297, -0.064, 0.668
-1.250, -0.451, 0.667
-1.194, -0.900, 0.664
-1.148, -1.194, 0.633
-0.749, -3.609, 0.311
-0.370, -5.427, -0.173
RegionID:-1
Center:0.951,-2.370,-0.814
Normal:0.320,-0.001,-0.947
NumPatches:8
0.952, -2.967, -0.813
1.005, -2.888, -0.795
1.149, -2.179, -0.747
1.041, -1.943, -0.784
0.894, -1.786, -0.834
0.810, -2.215, -0.861
0.775, -2.629, -0.873
0.867, -3.090, -0.841
RegionID:-1
Center:1.089,0.949,0.290
Normal:-0.949,-0.081,-0.305
NumPatches:10
1.307, 1.113, -0.431
1.058, 3.307, -0.242
0.732, 4.075, 0.569
0.594, 3.442, 1.169
0.605, 2.815, 1.302
0.672, 1.953, 1.323
1.034, 0.172, 0.669
1.073, 0.166, 0.549
1.164, 0.161, 0.265
1.361, 0.175, -0.352
RegionID:-1
Center:1.555,-0.383,0.416
Normal:-0.945,-0.127,-0.300
NumPatches:11
1.804, -0.765, -0.206
1.696, -0.028, -0.176
1.553, -0.002, 0.262
1.506, 0.003, 0.409
1.482, 0.004, 0.483
1.412, 0.001, 0.706
1.364, -0.002, 0.859
1.421, -0.834, 1.031
1.706, -0.810, 0.123
1.742, -0.800, 0.005
1.777, -0.785, -0.112
RegionID:-1
Center:1.364,-1.288,0.320
Normal:-0.944,-0.122,-0.306
NumPatches:9
1.533, -1.268, -0.209
1.528, -1.236, -0.208
1.523, -1.200, -0.205
1.446, -1.137, 0.008
1.240, -1.133, 0.643
1.184, -1.206, 0.842
1.255, -1.476, 0.733
1.452, -1.490, 0.131
1.534, -1.485, -0.125
RegionID:-1
Center:-0.124,2.875,1.456
Normal:0.336,-0.007,-0.942
NumPatches:11
-0.138, 2.261, 1.455
-0.110, 2.275, 1.465
0.157, 2.425, 1.560
0.105, 2.700, 1.539
-0.203, 4.206, 1.418
-0.252, 4.150, 1.401
-0.347, 4.036, 1.368
-0.343, 3.483, 1.373
-0.310, 3.038, 1.388
-0.249, 2.467, 1.414
-0.215, 2.239, 1.428
RegionID:-1
Center:0.243,-3.346,1.603
Normal:0.315,-0.004,-0.949
NumPatches:11
0.498, -4.252, 1.691
0.744, -3.824, 1.771
0.727, -2.671, 1.761
0.647, -2.642, 1.734
0.358, -2.537, 1.638
0.331, -2.546, 1.629
-0.365, -3.054, 1.400
-0.417, -3.463, 1.384
-0.241, -4.287, 1.446
-0.189, -4.360, 1.463
-0.137, -4.417, 1.481
RegionID:-1
Center:-0.610,2.508,1.391
Normal:0.294,-0.084,-0.952
NumPatches:7
-0.592, 2.142, 1.429
-0.543, 2.182, 1.441
-0.401, 2.473, 1.459
-0.437, 2.808, 1.418
-0.713, 3.122, 1.305
-0.830, 2.499, 1.324
-0.617, 2.124, 1.423
RegionID:-1
Center:1.146,-1.768,1.208
Normal:-0.945,-0.129,-0.300
NumPatches:11
1.189, -2.291, 1.298
1.191, -1.870, 1.111
1.191, -1.817, 1.088
1.190, -1.757, 1.064
1.160, -1.384, 0.998
1.126, -1.356, 1.095
1.111, -1.559, 1.229
1.106, -1.675, 1.293
1.105, -1.731, 1.322
1.099, -1.998, 1.456
1.188, -2.339, 1.321
RegionID:-1
Center:-1.074,1.543,1.159
Normal:0.268,0.019,-0.963
NumPatches:10
-0.961, 1.583, 1.191
-0.945, 1.602, 1.196
-0.867, 1.702, 1.220
-0.851, 1.725, 1.225
-1.202, 1.566, 1.124
-1.235, 1.529, 1.114
-1.248, 1.507, 1.110
-1.262, 1.485, 1.106
-1.270, 1.456, 1.103
-1.186, 1.365, 1.124
