NumRegions:11
RegionID:-1
Center:0.958,-1.986,-0.810
Normal:0.324,-0.000,-0.946
NumPatches:8
1.100, -2.302, -0.761
1.147, -2.177, -0.745
1.036, -1.892, -0.783
0.959, -1.702, -0.809
0.806, -1.424, -0.862
0.737, -1.322, -0.885
0.864, -2.124, -0.842
0.950, -2.436, -0.812
RegionID:-1
Center:-1.141,0.586,-0.002
Normal:-0.949,-0.104,-0.298
NumPatches:18
-1.031, 0.052, -0.167
-0.951, 0.187, -0.468
-0.936, 0.282, -0.550
-0.953, 0.526, -0.581
-1.004, 1.127, -0.628
-1.086, 1.296, -0.426
-1.354, 1.787, 0.258
-1.389, 1.781, 0.370
-1.368, 1.218, 0.500
-1.350, 0.771, 0.599
-1.328, 0.478, 0.633
-1.301, 0.139, 0.665
-1.293, 0.074, 0.661
-1.286, 0.040, 0.650
-1.204, 0.032, 0.394
-1.184, 0.032, 0.329
-1.126, 0.033, 0.145
-1.046, 0.043, -0.116
RegionID:-1
Center:-0.960,-0.961,0.001
Normal:-0.948,-0.093,-0.306
NumPatches:17
-0.308, -5.295, -0.697
-0.459, -3.232, -0.856
-0.710, -1.143, -0.717
-0.838, -0.417, -0.542
-0.896, -0.275, -0.404
-1.015, -0.044, -0.108
-1.080, -0.047, 0.095
-1.115, -0.049, 0.206
-1.135, -0.051, 0.267
-1.199, -0.057, 0.468
-1.226, -0.059, 0.551
-1.255, -0.062, 0.642
-1.252, -0.109, 0.647
-1.218, -0.586, 0.686
-1.140, -1.217, 0.638
-0.810, -3.457, 0.300
-0.463, -5.520, -0.145
RegionID:-1
Center:1.118,1.055,0.324
Normal:-0.950,-0.060,-0.306
NumPatches:16
1.373, 0.709, -0.398
1.327, 1.312, -0.374
1.285, 1.758, -0.331
1.232, 2.226, -0.255
1.048, 3.526, 0.060
0.857, 3.804, 0.599
0.672, 3.581, 1.219
0.672, 3.225, 1.288
0.714, 2.246, 1.349
0.737, 1.951, 1.335
1.047, 0.299, 0.694
1.069, 0.289, 0.629
1.089, 0.282, 0.567
1.146, 0.280, 0.390
1.315, 0.288, -0.138
1.386, 0.302, -0.360
RegionID:-1
Center:1.562,-0.270,0.414
Normal:-0.947,-0.102,-0.304
NumPatches:12
1.796, -0.612, -0.201
1.793, -0.588, -0.201
1.709, 0.130, -0.178
1.517, 0.144, 0.414
1.397, 0.144, 0.789
1.371, 0.142, 0.870
1.422, -0.722, 0.999
1.452, -0.728, 0.907
1.564, -0.719, 0.555
1.702, -0.706, 0.122
1.738, -0.696, 0.007
1.774, -0.683, -0.109
RegionID:-1
Center:1.263,-1.337,0.650
Normal:-0.944,-0.112,-0.309
NumPatches:12
1.539, -1.299, -0.210
1.535, -1.268, -0.209
1.518, -1.140, -0.201
1.506, -1.069, -0.193
1.437, -1.045, 0.010
1.238, -0.979, 0.596
1.186, -0.982, 0.757
1.155, -1.059, 0.880
1.122, -1.202, 1.032
1.100, -1.566, 1.230
1.085, -1.900, 1.400
1.161, -2.434, 1.361
RegionID:-1
Center:-0.092,3.130,1.473
Normal:0.342,0.001,-0.940
NumPatches:10
-0.109, 2.288, 1.466
-0.082, 2.301, 1.476
0.221, 2.467, 1.586
0.171, 2.744, 1.568
-0.241, 5.028, 1.420
-0.461, 4.734, 1.340
-0.512, 4.662, 1.321
-0.348, 3.487, 1.380
-0.278, 3.074, 1.405
-0.136, 2.274, 1.456
RegionID:-1
Center:0.116,-3.208,1.560
Normal:0.312,-0.002,-0.950
NumPatches:11
0.443, -4.214, 1.670
0.642, -3.779, 1.734
0.696, -2.974, 1.750
0.649, -2.641, 1.734
0.609, -2.624, 1.721
0.392, -2.543, 1.649
0.330, -2.537, 1.629
0.302, -2.540, 1.620
-0.654, -2.805, 1.307
-0.289, -4.244, 1.430
-0.240, -4.290, 1.446
RegionID:-1
Center:-0.670,2.477,1.370
Normal:0.434,-0.030,-0.900
NumPatches:11
-0.654, 2.062, 1.391
-0.449, 2.225, 1.485
-0.366, 2.344, 1.521
-0.567, 2.942, 1.404
-0.627, 2.959, 1.375
-0.746, 2.852, 1.321
-0.774, 2.821, 1.309
-0.945, 2.554, 1.235
-0.896, 2.246, 1.269
-0.792, 2.116, 1.323
-0.697, 2.050, 1.371
RegionID:-1
Center:-0.988,1.603,1.150
Normal:-0.331,0.374,-0.866
NumPatches:6
0.027, -0.033, 0.054
-0.854, 2.154, 1.336
-0.898, 2.110, 1.334
-1.160, 1.554, 1.194
-1.180, 1.500, 1.179
-1.233, 1.319, 1.120
RegionID:-1
Center:-0.752,-2.013,1.283
Normal:0.281,0.003,-0.960
NumPatches:7
-0.625, -2.243, 1.319
-0.631, -1.962, 1.319
-0.717, -1.870, 1.294
-0.911, -1.700, 1.237
-0.729, -2.448, 1.288
-0.705, -2.486, 1.295
-0.679, -2.520, 1.303
