NumRegions:10
RegionID:-1
Center:-1.087,0.571,0.023
Normal:-0.950,-0.080,-0.301
NumPatches:21
-0.889, 0.254, -0.519
-0.886, 0.282, -0.538
-0.887, 0.373, -0.559
-0.917, 0.786, -0.571
-0.938, 0.907, -0.539
-0.959, 1.006, -0.496
-0.983, 1.090, -0.444
-1.008, 1.176, -0.388
-1.122, 1.439, -0.096
-1.312, 1.636, 0.452
-1.298, 0.894, 0.602
-1.270, 0.331, 0.665
-1.254, 0.183, 0.651
-1.252, 0.167, 0.650
-1.237, 0.069, 0.630
-1.235, 0.053, 0.627
-1.232, 0.037, 0.621
-1.157, 0.032, 0.385
-1.136, 0.031, 0.320
-1.014, 0.028, -0.064
-0.985, 0.027, -0.157
RegionID:-1
Center:0.923,-1.885,-0.821
Normal:0.284,-0.006,-0.959
NumPatches:10
1.106, -2.317, -0.764
1.113, -1.803, -0.765
1.017, -1.613, -0.795
0.913, -1.440, -0.827
0.821, -1.356, -0.855
0.794, -1.375, -0.863
0.762, -1.452, -0.871
0.741, -1.715, -0.876
0.756, -1.936, -0.870
0.914, -2.526, -0.820
RegionID:-1
Center:-0.956,-0.915,0.002
Normal:-0.950,-0.062,-0.306
NumPatches:21
-0.534, -3.623, -0.760
-0.539, -3.150, -0.840
-0.735, -0.999, -0.666
-0.820, -0.418, -0.521
-0.874, -0.243, -0.389
-0.964, -0.042, -0.150
-0.979, -0.043, -0.103
-1.040, -0.045, 0.089
-1.075, -0.048, 0.198
-1.093, -0.049, 0.255
-1.157, -0.055, 0.453
-1.181, -0.057, 0.530
-1.207, -0.060, 0.610
-1.195, -0.540, 0.669
-1.192, -0.626, 0.678
-1.167, -0.927, 0.662
-1.140, -1.186, 0.629
-0.992, -2.520, 0.439
-0.883, -3.372, 0.274
-0.654, -4.868, -0.136
-0.525, -5.398, -0.429
RegionID:-1
Center:1.170,1.127,0.347
Normal:-0.951,-0.054,-0.303
NumPatches:15
1.362, 0.476, -0.140
1.438, 0.503, -0.382
1.438, 0.525, -0.387
1.438, 0.545, -0.389
1.399, 1.064, -0.361
1.309, 2.121, -0.266
1.258, 2.409, -0.157
1.207, 2.396, 0.007
0.852, 2.140, 1.167
0.814, 2.112, 1.293
0.807, 1.940, 1.345
1.082, 0.474, 0.740
1.103, 0.463, 0.675
1.265, 0.456, 0.167
1.340, 0.469, -0.070
RegionID:-1
Center:1.352,-0.954,0.241
Normal:-0.949,-0.077,-0.307
NumPatches:9
1.527, -1.009, -0.284
1.517, -0.924, -0.276
1.513, -0.895, -0.272
1.480, -0.869, -0.176
1.306, -0.788, 0.343
1.185, -0.865, 0.735
1.210, -1.110, 0.720
1.403, -1.090, 0.118
1.473, -1.080, -0.101
RegionID:-1
Center:1.577,-0.129,0.406
Normal:-0.952,-0.067,-0.299
NumPatches:8
1.798, -0.565, -0.198
1.733, 0.282, -0.180
1.672, 0.296, 0.010
1.614, 0.308, 0.192
1.393, 0.303, 0.896
1.432, -0.574, 0.966
1.460, -0.585, 0.880
1.772, -0.587, -0.109
RegionID:-1
Center:0.996,3.083,0.852
Normal:-0.949,0.121,-0.290
NumPatches:7
0.868, 2.390, 0.983
1.003, 2.616, 0.636
1.290, 3.541, 0.082
1.302, 3.652, 0.091
0.934, 3.707, 1.317
0.870, 3.157, 1.298
0.782, 2.277, 1.217
RegionID:-1
Center:1.231,-2.429,1.057
Normal:-0.942,-0.095,-0.323
NumPatches:8
1.631, -3.959, 0.343
1.611, -3.681, 0.319
1.125, -1.037, 0.955
1.059, -1.915, 1.405
1.270, -3.925, 1.385
1.337, -4.048, 1.224
1.412, -4.147, 1.036
1.566, -4.239, 0.614
RegionID:-1
Center:-0.514,2.701,1.346
Normal:0.309,-0.009,-0.951
NumPatches:8
0.285, 2.484, 1.608
0.272, 2.766, 1.601
0.054, 4.442, 1.515
-0.307, 5.992, 1.384
-0.440, 5.890, 1.341
-0.686, 5.513, 1.265
-1.099, 3.171, 1.152
-1.195, 1.374, 1.137
RegionID:-1
Center:-0.148,-2.877,1.478
Normal:0.311,-0.003,-0.950
NumPatches:9
0.389, -4.184, 1.658
0.589, -3.754, 1.722
0.626, -2.987, 1.732
0.619, -2.651, 1.728
-0.821, -1.799, 1.254
-0.856, -2.017, 1.243
-0.809, -2.348, 1.260
-0.431, -4.097, 1.389
-0.288, -4.260, 1.437
