NumRegions:11
RegionID:-1
Center:0.905,-1.465,-0.800
Normal:-0.498,0.073,-0.864
NumPatches:7
1.001, -1.953, -0.896
1.042, -1.520, -0.883
1.044, -1.169, -0.855
1.024, -1.066, -0.835
0.963, -0.993, -0.793
-0.072, 0.018, -0.112
0.852, -2.273, -0.837
RegionID:-1
Center:-0.972,0.513,0.073
Normal:-0.954,0.003,-0.299
NumPatches:17
-0.921, 0.026, -0.097
-0.819, 0.245, -0.420
-0.801, 0.287, -0.477
-0.776, 0.558, -0.553
-0.808, 0.970, -0.446
-0.925, 1.197, -0.072
-1.068, 1.407, 0.387
-1.101, 1.449, 0.491
-1.137, 1.094, 0.604
-1.150, 0.902, 0.644
-1.160, 0.659, 0.673
-1.168, 0.324, 0.696
-1.168, 0.309, 0.697
-1.157, 0.038, 0.658
-1.131, 0.034, 0.575
-1.062, 0.028, 0.354
-1.043, 0.028, 0.296
RegionID:-1
Center:-0.962,-0.832,0.005
Normal:-0.952,0.015,-0.307
NumPatches:19
-0.764, -3.583, -0.738
-0.724, -3.128, -0.841
-0.761, -0.926, -0.621
-0.765, -0.832, -0.604
-0.816, -0.239, -0.417
-0.917, -0.040, -0.094
-0.931, -0.040, -0.051
-0.987, -0.042, 0.121
-1.024, -0.045, 0.235
-1.160, -0.056, 0.659
-1.163, -0.085, 0.667
-1.164, -0.100, 0.669
-1.170, -0.234, 0.681
-1.172, -0.601, 0.668
-1.173, -0.908, 0.657
-1.171, -1.191, 0.637
-1.145, -2.120, 0.514
-1.050, -4.103, 0.123
-0.829, -4.164, -0.563
RegionID:-1
Center:0.850,2.397,-0.884
Normal:0.295,-0.016,-0.955
NumPatches:8
0.864, 1.881, -0.871
0.983, 2.079, -0.838
0.986, 2.539, -0.845
0.946, 2.639, -0.858
0.744, 2.870, -0.925
0.714, 2.898, -0.934
0.665, 2.459, -0.942
0.836, 1.882, -0.880
RegionID:-1
Center:1.336,-0.266,0.258
Normal:-0.954,0.011,-0.301
NumPatches:14
1.463, -0.339, -0.148
1.488, -0.306, -0.228
1.515, -0.272, -0.312
1.515, -0.234, -0.311
1.515, -0.214, -0.310
1.515, -0.195, -0.308
1.464, -0.188, -0.146
1.414, -0.182, 0.011
1.200, -0.185, 0.690
1.178, -0.197, 0.760
1.177, -0.213, 0.762
1.176, -0.229, 0.764
1.173, -0.305, 0.771
1.190, -0.409, 0.715
RegionID:-1
Center:1.296,1.929,0.553
Normal:-0.951,0.066,-0.301
NumPatches:9
1.518, 1.194, -0.308
1.548, 2.287, -0.163
1.593, 5.183, 0.329
1.309, 4.726, 1.126
1.240, 4.140, 1.215
1.136, 3.046, 1.302
1.030, 1.893, 1.384
1.060, 1.561, 1.217
1.209, -0.093, 0.382
RegionID:-1
Center:1.633,0.413,0.429
Normal:-0.953,0.028,-0.303
NumPatches:13
1.568, 0.010, 0.596
1.644, 0.008, 0.358
1.695, 0.010, 0.198
1.790, 0.015, -0.103
1.820, 0.039, -0.194
1.821, 0.062, -0.195
1.848, 0.819, -0.211
1.818, 0.836, -0.114
1.626, 0.866, 0.493
1.479, 0.847, 0.952
1.450, 0.827, 1.044
1.465, 0.026, 0.922
1.543, 0.012, 0.676
RegionID:-1
Center:1.229,-1.953,0.596
Normal:-0.952,-0.048,-0.304
NumPatches:12
1.464, -3.326, 0.075
1.480, -3.061, -0.016
1.484, -1.695, -0.243
1.469, -1.493, -0.228
1.466, -1.455, -0.224
1.388, -1.352, 0.003
1.052, -1.303, 1.050
1.013, -1.591, 1.217
0.976, -1.924, 1.386
1.014, -2.982, 1.431
1.280, -3.393, 0.663
1.394, -3.370, 0.301
RegionID:-1
Center:0.901,-0.512,0.170
Normal:-0.596,0.803,-0.000
NumPatches:11
0.782, -0.601, 0.181
0.792, -0.594, 0.130
0.851, -0.550, -0.008
0.863, -0.541, -0.008
0.979, -0.455, 0.083
1.036, -0.412, 0.144
1.022, -0.423, 0.257
0.949, -0.477, 0.307
0.874, -0.532, 0.299
0.839, -0.559, 0.294
0.773, -0.608, 0.233
RegionID:-1
Center:-0.273,3.010,1.407
Normal:0.314,-0.008,-0.949
NumPatches:13
0.551, 2.559, 1.683
0.516, 3.153, 1.667
0.404, 4.715, 1.617
0.340, 5.537, 1.590
0.229, 6.677, 1.544
0.149, 6.616, 1.518
0.068, 6.519, 1.492
-0.089, 6.292, 1.442
-0.163, 6.184, 1.418
-0.619, 5.429, 1.274
-0.917, 2.855, 1.196
-0.993, 2.084, 1.177
-0.957, 1.584, 1.193
RegionID:-1
Center:-0.353,-2.658,1.417
Normal:0.302,-0.017,-0.953
NumPatches:8
0.382, -3.619, 1.667
0.461, -2.913, 1.680
0.471, -2.592, 1.678
-0.987, -1.603, 1.198
-1.037, -2.125, 1.192
-0.736, -3.787, 1.316
-0.613, -3.909, 1.357
-0.054, -4.041, 1.536
