NumRegions:12
RegionID:-1
Center:0.863,-1.707,-0.814
Normal:-0.805,-0.166,-0.570
NumPatches:6
0.946, -2.098, -0.816
0.963, -1.924, -0.891
0.910, -1.695, -0.884
0.807, -1.267, -0.863
-0.047, -0.001, -0.027
0.941, -2.112, -0.806
RegionID:-1
Center:-0.975,0.516,0.091
Normal:-0.953,0.009,-0.303
NumPatches:22
-0.920, 0.026, -0.098
-0.906, 0.037, -0.141
-0.799, 0.282, -0.471
-0.795, 0.329, -0.481
-0.794, 0.351, -0.485
-0.792, 0.708, -0.479
-0.807, 0.903, -0.427
-0.918, 1.160, -0.070
-1.060, 1.395, 0.383
-1.091, 1.404, 0.482
-1.114, 1.275, 0.551
-1.132, 1.111, 0.603
-1.146, 0.880, 0.640
-1.159, 0.642, 0.673
-1.159, 0.627, 0.674
-1.166, 0.306, 0.687
-1.166, 0.246, 0.685
-1.161, 0.067, 0.663
-1.160, 0.038, 0.659
-1.133, 0.034, 0.575
-1.064, 0.028, 0.357
-1.045, 0.027, 0.295
RegionID:-1
Center:0.860,2.125,-0.867
Normal:0.302,-0.012,-0.953
NumPatches:9
1.083, 1.906, -0.794
1.094, 1.978, -0.791
0.984, 2.553, -0.833
0.959, 2.658, -0.843
0.774, 2.825, -0.904
0.707, 2.862, -0.925
0.637, 2.514, -0.943
0.771, 1.431, -0.887
0.809, 1.374, -0.874
RegionID:-1
Center:-0.967,-0.832,0.011
Normal:-0.951,0.025,-0.308
NumPatches:20
-0.871, -4.475, -0.577
-0.800, -4.393, -0.793
-0.755, -3.032, -0.821
-0.756, -2.299, -0.757
-0.767, -0.840, -0.608
-0.789, -0.441, -0.507
-0.813, -0.239, -0.416
-0.899, -0.040, -0.136
-0.913, -0.040, -0.093
-0.927, -0.040, -0.050
-0.983, -0.042, 0.123
-1.020, -0.045, 0.239
-1.158, -0.056, 0.664
-1.161, -0.086, 0.670
-1.169, -0.249, 0.684
-1.172, -0.295, 0.688
-1.178, -0.657, 0.678
-1.179, -1.194, 0.637
-1.108, -4.450, 0.157
-1.018, -4.595, -0.132
RegionID:-1
Center:1.354,-0.183,0.209
Normal:-0.952,0.006,-0.307
NumPatches:9
1.418, -0.261, 0.011
1.470, -0.248, -0.151
1.495, -0.233, -0.227
1.521, -0.216, -0.308
1.521, -0.101, -0.307
1.179, -0.108, 0.754
1.176, -0.229, 0.762
1.197, -0.250, 0.696
1.259, -0.294, 0.502
RegionID:-1
Center:1.226,-1.846,0.585
Normal:-0.954,-0.035,-0.296
NumPatches:12
1.446, -2.705, -0.021
1.485, -1.280, -0.315
1.321, -1.215, 0.206
1.106, -1.138, 0.890
1.071, -1.198, 1.010
1.015, -1.633, 1.240
0.982, -1.905, 1.377
0.988, -2.645, 1.446
1.007, -2.969, 1.424
1.150, -3.321, 1.003
1.199, -3.377, 0.854
1.362, -3.417, 0.331
RegionID:-1
Center:1.301,2.008,0.563
Normal:-0.950,0.082,-0.302
NumPatches:13
1.478, 1.203, -0.213
1.490, 1.309, -0.223
1.494, 1.344, -0.226
1.539, 1.749, -0.258
1.552, 2.242, -0.164
1.569, 3.099, 0.013
1.574, 4.515, 0.385
1.505, 4.651, 0.637
1.354, 4.790, 1.150
1.276, 4.207, 1.240
1.055, 2.161, 1.378
1.032, 1.868, 1.371
1.178, -0.110, 0.374
RegionID:-1
Center:1.634,0.481,0.441
Normal:-0.952,0.036,-0.305
NumPatches:13
1.645, 0.089, 0.359
1.724, 0.096, 0.115
1.823, 0.106, -0.194
1.825, 0.152, -0.195
1.828, 0.198, -0.196
1.849, 0.685, -0.205
1.828, 0.895, -0.116
1.632, 0.919, 0.501
1.512, 0.911, 0.873
1.450, 0.897, 1.065
1.464, 0.118, 0.927
1.517, 0.108, 0.759
1.594, 0.093, 0.518
RegionID:-1
Center:0.920,-0.427,0.162
Normal:0.601,-0.799,-0.009
NumPatches:11
0.844, -0.485, 0.231
0.859, -0.475, 0.285
0.898, -0.445, 0.294
0.964, -0.395, 0.303
1.021, -0.352, 0.253
1.031, -0.343, 0.140
0.992, -0.372, 0.082
0.879, -0.456, -0.007
0.869, -0.464, -0.006
0.858, -0.472, -0.006
0.828, -0.495, -0.005
RegionID:-1
Center:-0.505,2.761,1.342
Normal:0.355,-0.007,-0.935
NumPatches:9
-0.086, 2.303, 1.505
-0.067, 2.605, 1.510
-0.053, 2.960, 1.512
-0.079, 3.868, 1.495
-0.168, 6.245, 1.442
-0.563, 5.572, 1.298
-0.943, 2.835, 1.175
-0.991, 2.095, 1.163
-0.956, 1.595, 1.181
RegionID:-1
Center:0.267,3.522,1.580
Normal:0.231,-0.010,-0.973
NumPatches:10
0.591, 2.570, 1.667
0.411, 4.741, 1.602
0.233, 6.709, 1.540
0.153, 6.692, 1.521
0.069, 6.597, 1.502
-0.014, 6.483, 1.484
-0.008, 4.376, 1.507
0.021, 2.642, 1.531
0.035, 2.421, 1.537
0.117, 2.400, 1.556
RegionID:-1
Center:-0.366,-2.666,1.417
Normal:0.304,-0.022,-0.952
NumPatches:9
0.335, -3.607, 1.662
0.419, -2.892, 1.672
0.403, -2.571, 1.659
-0.939, -1.662, 1.211
-0.930, -2.244, 1.227
-0.904, -2.540, 1.242
-0.776, -3.725, 1.310
-0.657, -3.877, 1.351
-0.060, -4.014, 1.545
