NumRegions:12
RegionID:-1
Center:0.956,1.578,-0.837
Normal:0.299,-0.019,-0.954
NumPatches:10
0.807, 1.201, -0.876
1.036, 1.357, -0.807
1.137, 1.519, -0.779
1.141, 1.559, -0.779
1.106, 1.914, -0.796
1.032, 2.007, -0.821
1.002, 2.016, -0.831
0.818, 1.680, -0.882
0.740, 1.438, -0.902
0.747, 1.208, -0.895
RegionID:-1
Center:0.941,-1.601,-0.827
Normal:0.254,-0.004,-0.967
NumPatches:12
1.049, -1.980, -0.797
1.081, -1.919, -0.789
1.099, -1.792, -0.785
1.145, -1.467, -0.774
1.055, -1.317, -0.799
0.958, -1.197, -0.824
0.860, -1.105, -0.851
0.795, -1.202, -0.867
0.725, -1.673, -0.884
0.728, -1.736, -0.883
0.801, -1.922, -0.863
0.895, -2.119, -0.837
RegionID:-1
Center:-0.971,0.488,0.089
Normal:-0.954,0.014,-0.300
NumPatches:21
-1.043, 0.028, 0.297
-0.919, 0.026, -0.098
-0.905, 0.037, -0.142
-0.833, 0.182, -0.366
-0.814, 0.267, -0.422
-0.793, 0.537, -0.476
-0.786, 0.742, -0.487
-0.807, 0.857, -0.414
-0.858, 0.953, -0.249
-0.877, 0.984, -0.188
-1.044, 1.226, 0.357
-1.073, 1.249, 0.448
-1.099, 1.213, 0.531
-1.125, 1.133, 0.608
-1.140, 0.921, 0.647
-1.155, 0.715, 0.685
-1.167, 0.373, 0.707
-1.168, 0.343, 0.707
-1.157, 0.038, 0.659
-1.130, 0.034, 0.573
-1.062, 0.028, 0.358
RegionID:-1
Center:-0.972,-0.824,0.018
Normal:-0.952,0.030,-0.304
NumPatches:16
-0.897, -4.307, -0.558
-0.828, -4.260, -0.770
-0.776, -2.956, -0.803
-0.777, -2.185, -0.724
-0.781, -0.982, -0.594
-0.792, -0.655, -0.529
-0.815, -0.239, -0.417
-0.912, -0.040, -0.093
-0.926, -0.040, -0.050
-0.981, -0.042, 0.122
-1.017, -0.045, 0.236
-1.153, -0.056, 0.661
-1.154, -0.070, 0.663
-1.177, -0.362, 0.706
-1.190, -0.993, 0.683
-1.127, -4.341, 0.159
RegionID:-1
Center:0.781,2.531,-0.910
Normal:0.295,-0.016,-0.955
NumPatches:10
0.986, 2.520, -0.846
0.978, 2.586, -0.850
0.955, 2.627, -0.857
0.786, 2.868, -0.914
0.751, 2.899, -0.925
0.717, 2.910, -0.935
0.564, 2.582, -0.978
0.692, 2.105, -0.930
0.757, 2.025, -0.909
0.777, 2.004, -0.902
RegionID:-1
Center:1.245,-1.583,0.504
Normal:-0.953,-0.027,-0.303
NumPatches:12
1.452, -3.163, -0.009
1.504, -1.439, -0.323
1.487, -1.127, -0.297
1.485, -1.098, -0.294
1.474, -0.927, -0.275
1.444, -0.905, -0.181
1.101, -0.896, 0.897
0.973, -1.933, 1.389
0.990, -2.592, 1.393
1.001, -2.889, 1.386
1.033, -3.133, 1.306
1.446, -3.207, 0.013
RegionID:-1
Center:1.311,2.149,0.590
Normal:-0.952,0.076,-0.296
NumPatches:13
1.511, 1.453, -0.232
1.533, 1.663, -0.251
1.549, 2.192, -0.165
1.564, 3.048, 0.005
1.565, 4.527, 0.382
1.552, 4.623, 0.449
1.501, 4.718, 0.637
1.351, 4.875, 1.161
1.275, 4.274, 1.252
1.069, 2.125, 1.364
1.045, 1.867, 1.375
1.067, 1.577, 1.228
1.199, -0.104, 0.372
RegionID:-1
Center:1.638,0.640,0.453
Normal:-0.954,0.041,-0.297
NumPatches:10
1.726, 0.268, 0.117
1.825, 0.288, -0.196
1.830, 0.384, -0.200
1.831, 0.408, -0.201
1.850, 0.787, -0.209
1.835, 1.046, -0.124
1.665, 1.067, 0.425
1.448, 1.057, 1.120
1.470, 0.303, 0.944
1.523, 0.293, 0.772
RegionID:-1
Center:0.901,-0.294,0.151
Normal:0.631,-0.776,-0.014
NumPatches:12
0.804, -0.373, 0.097
0.776, -0.397, 0.199
0.832, -0.353, 0.268
0.853, -0.336, 0.272
0.910, -0.290, 0.282
0.958, -0.250, 0.290
0.979, -0.233, 0.291
1.013, -0.205, 0.242
1.033, -0.188, 0.192
1.039, -0.182, 0.138
0.997, -0.215, 0.069
0.847, -0.335, -0.059
RegionID:-1
Center:1.259,-0.035,0.512
Normal:-0.957,0.022,-0.289
NumPatches:9
1.287, -0.122, 0.415
1.346, -0.061, 0.223
1.352, -0.028, 0.207
1.352, -0.011, 0.206
1.353, 0.032, 0.207
1.312, 0.040, 0.345
1.188, 0.063, 0.755
1.184, -0.113, 0.755
1.204, -0.163, 0.687
RegionID:-1
Center:-0.238,3.030,1.413
Normal:0.308,-0.006,-0.951
NumPatches:12
0.551, 2.551, 1.672
0.578, 2.887, 1.679
0.467, 4.756, 1.631
0.414, 5.610, 1.609
0.229, 6.670, 1.542
0.149, 6.606, 1.517
0.067, 6.497, 1.491
-0.012, 6.391, 1.466
-0.307, 5.885, 1.373
-0.867, 3.428, 1.207
-0.947, 1.861, 1.191
-0.925, 1.623, 1.199
RegionID:-1
Center:-0.364,-2.652,1.426
Normal:0.293,-0.035,-0.956
NumPatches:8
0.333, -3.615, 1.675
0.426, -2.920, 1.678
0.442, -2.600, 1.671
-0.922, -1.673, 1.220
-0.992, -1.866, 1.205
-0.958, -2.234, 1.229
-0.788, -3.770, 1.337
-0.110, -4.039, 1.554
