NumRegions:11
RegionID:-1
Center:0.944,1.678,-0.838
Normal:0.281,-0.009,-0.960
NumPatches:9
0.940, 1.255, -0.835
1.035, 1.317, -0.807
1.180, 1.503, -0.767
1.092, 1.878, -0.796
1.015, 2.093, -0.821
0.905, 2.211, -0.854
0.825, 2.030, -0.876
0.732, 1.747, -0.900
0.812, 1.233, -0.872
RegionID:-1
Center:0.915,-1.695,-0.823
Normal:0.335,-0.004,-0.942
NumPatches:9
0.870, -2.137, -0.837
1.065, -1.952, -0.768
1.088, -1.774, -0.761
1.036, -1.507, -0.780
0.966, -1.406, -0.805
0.884, -1.297, -0.835
0.755, -1.233, -0.881
0.723, -1.722, -0.891
0.849, -2.157, -0.844
RegionID:-1
Center:-0.969,0.471,0.087
Normal:-0.955,0.014,-0.297
NumPatches:16
-0.905, 0.026, -0.142
-0.798, 0.273, -0.471
-0.796, 0.306, -0.476
-0.786, 0.743, -0.488
-0.809, 0.841, -0.410
-0.842, 0.894, -0.301
-1.069, 1.217, 0.443
-1.097, 1.191, 0.531
-1.118, 1.098, 0.596
-1.138, 0.943, 0.652
-1.150, 0.693, 0.678
-1.164, 0.373, 0.706
-1.154, 0.067, 0.661
-1.152, 0.038, 0.654
-1.126, 0.034, 0.568
-1.061, 0.029, 0.359
RegionID:-1
Center:-0.972,-0.811,0.018
Normal:-0.952,0.032,-0.305
NumPatches:17
-0.906, -4.157, -0.534
-0.781, -2.891, -0.792
-0.766, -0.964, -0.639
-0.813, -0.241, -0.417
-0.911, -0.040, -0.093
-0.924, -0.040, -0.050
-0.961, -0.041, 0.063
-0.980, -0.042, 0.123
-1.016, -0.044, 0.235
-1.150, -0.055, 0.653
-1.154, -0.085, 0.662
-1.157, -0.115, 0.669
-1.178, -0.348, 0.708
-1.180, -0.661, 0.684
-1.179, -0.909, 0.656
-1.169, -3.624, 0.343
-1.132, -4.330, 0.155
RegionID:-1
Center:1.265,-1.323,0.448
Normal:-0.952,-0.022,-0.304
NumPatches:11
1.494, -1.766, -0.237
1.506, -0.808, -0.345
1.500, -0.674, -0.338
1.497, -0.608, -0.333
1.471, -0.603, -0.252
1.129, -0.636, 0.821
0.971, -1.983, 1.414
0.971, -2.266, 1.437
1.044, -2.521, 1.228
1.168, -2.778, 0.858
1.451, -2.998, -0.012
RegionID:-1
Center:1.634,0.803,0.486
Normal:-0.952,0.045,-0.301
NumPatches:14
1.706, 0.462, 0.204
1.835, 0.478, -0.200
1.837, 0.503, -0.202
1.845, 0.655, -0.206
1.847, 0.680, -0.207
1.848, 0.706, -0.207
1.846, 1.172, -0.129
1.635, 1.204, 0.540
1.603, 1.201, 0.641
1.463, 1.185, 1.083
1.439, 1.158, 1.153
1.465, 0.498, 0.974
1.521, 0.472, 0.793
1.547, 0.462, 0.707
RegionID:-1
Center:1.312,2.369,0.634
Normal:-0.953,0.057,-0.296
NumPatches:14
1.325, 1.609, 0.448
1.389, 1.606, 0.240
1.463, 1.615, 0.004
1.509, 1.664, -0.135
1.520, 1.810, -0.144
1.537, 2.020, -0.156
1.545, 2.134, -0.162
1.551, 3.060, -0.003
1.531, 4.733, 0.383
1.462, 4.966, 0.651
1.303, 4.876, 1.146
1.233, 4.455, 1.288
1.046, 1.918, 1.404
1.075, 1.628, 1.256
RegionID:-1
Center:0.927,-0.122,0.125
Normal:0.592,-0.806,-0.005
NumPatches:11
0.801, -0.213, 0.053
0.823, -0.198, 0.141
0.928, -0.121, 0.275
0.959, -0.099, 0.282
0.989, -0.077, 0.288
1.015, -0.057, 0.240
1.040, -0.039, 0.192
1.051, -0.030, 0.139
1.001, -0.067, 0.056
0.913, -0.131, -0.005
0.820, -0.199, -0.051
RegionID:-1
Center:0.085,-5.765,0.206
Normal:0.022,1.000,-0.014
NumPatches:6
0.118, -5.762, 0.479
-0.487, -5.754, 0.116
-0.402, -5.761, -0.242
-0.331, -5.762, -0.242
0.526, -5.776, 0.116
0.624, -5.773, 0.477
RegionID:-1
Center:-0.232,3.005,1.428
Normal:0.304,-0.002,-0.953
NumPatches:10
0.554, 2.561, 1.679
0.543, 2.891, 1.675
0.419, 5.682, 1.630
0.322, 6.903, 1.597
0.151, 6.716, 1.543
0.068, 6.613, 1.517
-0.170, 6.204, 1.442
-0.463, 4.710, 1.351
-0.872, 2.243, 1.225
-0.947, 1.615, 1.202
RegionID:-1
Center:-0.383,-2.628,1.424
Normal:0.294,-0.035,-0.955
NumPatches:7
0.334, -3.629, 1.681
0.426, -2.925, 1.684
0.443, -2.607, 1.677
-0.927, -1.690, 1.222
-0.996, -1.876, 1.208
-0.825, -3.705, 1.326
-0.252, -3.916, 1.511
