NumRegions:11
RegionID:-1
Center:0.894,1.874,-0.856
Normal:0.331,-0.021,-0.944
NumPatches:10
0.876, 1.545, -0.855
0.996, 1.746, -0.817
1.093, 1.935, -0.788
1.079, 2.025, -0.794
1.059, 2.050, -0.802
0.907, 2.208, -0.859
0.864, 2.174, -0.873
0.792, 2.072, -0.896
0.653, 1.586, -0.934
0.769, 1.426, -0.890
RegionID:-1
Center:-0.975,-0.811,0.008
Normal:-0.952,0.035,-0.305
NumPatches:19
-0.920, -4.023, -0.532
-0.798, -2.830, -0.775
-0.784, -2.306, -0.761
-0.774, -0.947, -0.634
-0.775, -0.894, -0.628
-0.779, -0.818, -0.604
-0.818, -0.250, -0.419
-0.900, -0.040, -0.137
-0.928, -0.040, -0.051
-0.964, -0.041, 0.063
-0.984, -0.042, 0.123
-1.003, -0.043, 0.183
-1.020, -0.044, 0.235
-1.156, -0.056, 0.661
-1.161, -0.101, 0.671
-1.169, -0.191, 0.686
-1.204, -0.780, 0.726
-1.146, -4.195, 0.154
-1.063, -4.331, -0.121
RegionID:-1
Center:-0.967,0.476,0.085
Normal:-0.956,0.015,-0.293
NumPatches:16
-1.039, 0.028, 0.297
-0.891, 0.025, -0.185
-0.814, 0.281, -0.425
-0.779, 0.651, -0.520
-0.779, 0.685, -0.517
-0.787, 0.745, -0.489
-0.808, 0.837, -0.415
-1.035, 1.145, 0.339
-1.089, 1.150, 0.517
-1.117, 1.150, 0.608
-1.135, 0.962, 0.655
-1.151, 0.740, 0.698
-1.161, 0.421, 0.714
-1.152, 0.038, 0.665
-1.124, 0.034, 0.573
-1.058, 0.028, 0.358
RegionID:-1
Center:1.276,-1.201,0.413
Normal:-0.953,-0.018,-0.303
NumPatches:15
1.493, -1.765, -0.236
1.511, -0.811, -0.346
1.503, -0.610, -0.334
1.502, -0.588, -0.332
1.500, -0.545, -0.329
1.499, -0.524, -0.326
1.497, -0.501, -0.323
1.471, -0.476, -0.242
1.390, -0.465, 0.013
1.189, -0.497, 0.647
1.142, -0.518, 0.797
0.982, -1.860, 1.379
1.007, -2.461, 1.335
1.380, -2.947, 0.191
1.442, -2.957, -0.006
RegionID:-1
Center:1.281,0.221,0.450
Normal:-0.955,0.034,-0.295
NumPatches:7
1.492, 0.239, -0.228
1.494, 0.278, -0.230
1.268, 0.291, 0.501
1.184, 0.271, 0.772
1.183, 0.162, 0.762
1.183, 0.115, 0.756
1.204, 0.098, 0.686
RegionID:-1
Center:1.632,0.888,0.496
Normal:-0.954,0.045,-0.295
NumPatches:13
1.733, 0.563, 0.120
1.835, 0.599, -0.202
1.842, 0.704, -0.208
1.845, 0.758, -0.210
1.841, 1.229, -0.128
1.697, 1.271, 0.344
1.569, 1.266, 0.757
1.461, 1.257, 1.106
1.441, 1.161, 1.156
1.464, 0.602, 0.996
1.493, 0.589, 0.900
1.521, 0.577, 0.810
1.547, 0.570, 0.722
RegionID:-1
Center:1.314,2.448,0.636
Normal:-0.953,0.058,-0.296
NumPatches:11
1.423, 1.686, 0.140
1.514, 1.755, -0.140
1.547, 2.187, -0.164
1.550, 3.057, -0.003
1.534, 4.771, 0.384
1.518, 4.863, 0.453
1.463, 4.967, 0.651
1.307, 4.578, 1.074
1.145, 3.040, 1.297
1.044, 1.920, 1.404
1.074, 1.613, 1.248
RegionID:-1
Center:0.055,-5.692,0.143
Normal:-0.023,-1.000,-0.001
NumPatches:7
-0.326, -5.683, -0.238
-0.467, -5.679, -0.237
-0.550, -5.678, 0.116
0.261, -5.697, 0.474
0.617, -5.706, 0.473
0.590, -5.705, 0.116
-0.256, -5.684, -0.238
RegionID:-1
Center:0.900,-0.064,0.143
Normal:-0.589,0.808,-0.004
NumPatches:14
0.779, -0.151, 0.173
0.809, -0.130, 0.051
0.821, -0.122, -0.000
0.835, -0.112, -0.001
0.847, -0.103, -0.002
0.861, -0.093, -0.002
0.887, -0.074, -0.004
0.902, -0.063, -0.004
0.918, -0.051, -0.005
1.064, 0.056, 0.086
1.027, 0.029, 0.294
0.921, -0.048, 0.272
0.876, -0.080, 0.262
0.772, -0.157, 0.225
RegionID:-1
Center:-0.227,3.016,1.418
Normal:0.309,-0.006,-0.951
NumPatches:9
0.594, 2.580, 1.687
0.469, 4.770, 1.633
0.317, 6.796, 1.572
0.150, 6.631, 1.518
0.066, 6.494, 1.492
-0.307, 5.883, 1.374
-0.646, 3.690, 1.278
-0.910, 1.900, 1.203
-0.878, 1.684, 1.215
RegionID:-1
Center:-0.441,-2.588,1.392
Normal:0.284,-0.027,-0.958
NumPatches:8
0.373, -3.570, 1.662
0.378, -2.850, 1.643
0.332, -2.521, 1.620
-0.960, -1.651, 1.211
-0.993, -1.867, 1.208
-0.982, -2.216, 1.221
-0.816, -3.676, 1.312
-0.247, -3.853, 1.486
