NumRegions:13
RegionID:-1
Center:0.905,1.809,-0.841
Normal:0.269,0.009,-0.963
NumPatches:7
1.002, 1.655, -0.815
1.125, 1.915, -0.778
0.952, 2.094, -0.825
0.905, 2.120, -0.838
0.813, 1.936, -0.865
0.725, 1.705, -0.892
0.718, 1.300, -0.897
RegionID:-1
Center:-0.971,0.481,0.082
Normal:-0.952,0.030,-0.303
NumPatches:19
-1.077, 0.029, 0.369
-1.055, 0.028, 0.300
-0.914, 0.026, -0.143
-0.839, 0.173, -0.364
-0.803, 0.252, -0.469
-0.781, 0.482, -0.514
-0.778, 0.619, -0.510
-0.782, 0.738, -0.485
-0.802, 0.851, -0.411
-0.983, 1.146, 0.183
-1.007, 1.174, 0.263
-1.063, 1.213, 0.443
-1.092, 1.192, 0.533
-1.118, 1.153, 0.610
-1.138, 0.921, 0.649
-1.156, 0.698, 0.684
-1.173, 0.357, 0.703
-1.173, 0.038, 0.672
-1.145, 0.034, 0.584
RegionID:-1
Center:0.921,-1.734,-0.828
Normal:0.274,-0.005,-0.962
NumPatches:11
0.994, -2.053, -0.806
1.094, -1.559, -0.780
1.099, -1.525, -0.779
1.103, -1.487, -0.778
1.006, -1.357, -0.806
0.902, -1.246, -0.836
0.884, -1.258, -0.841
0.731, -1.691, -0.883
0.761, -2.168, -0.872
0.804, -2.199, -0.859
0.836, -2.209, -0.850
RegionID:-1
Center:-0.996,-0.808,-0.007
Normal:-0.947,0.062,-0.315
NumPatches:16
-1.013, -3.666, -0.523
-0.949, -3.610, -0.703
-0.882, -3.033, -0.790
-0.840, -2.285, -0.768
-0.785, -0.979, -0.674
-0.803, -0.395, -0.504
-0.821, -0.245, -0.422
-0.917, -0.041, -0.093
-0.931, -0.041, -0.050
-0.993, -0.043, 0.136
-1.028, -0.046, 0.242
-1.176, -0.059, 0.684
-1.193, -0.241, 0.698
-1.347, -3.395, 0.535
-1.321, -3.710, 0.396
-1.244, -3.854, 0.135
RegionID:-1
Center:-0.305,0.770,-0.103
Normal:0.141,-0.960,-0.244
NumPatches:6
-0.336, 0.784, -0.173
-0.381, 0.742, -0.036
-0.274, 0.744, 0.019
-0.244, 0.772, -0.073
-0.266, 0.808, -0.229
-0.288, 0.805, -0.228
RegionID:-1
Center:1.287,-0.614,0.351
Normal:-0.954,0.003,-0.299
NumPatches:12
1.394, -2.206, -0.011
1.443, -2.058, -0.165
1.486, -1.310, -0.292
1.500, -0.652, -0.330
1.496, 0.082, -0.308
1.470, 0.116, -0.227
1.224, 0.389, 0.564
1.157, 0.419, 0.779
1.008, -1.634, 1.231
1.028, -2.064, 1.162
1.177, -2.194, 0.683
1.264, -2.233, 0.405
RegionID:-1
Center:1.654,1.440,0.537
Normal:-0.949,0.066,-0.309
NumPatches:12
1.633, 1.107, 0.530
1.856, 1.232, -0.131
1.861, 1.275, -0.136
1.892, 1.661, -0.148
1.682, 1.735, 0.514
1.515, 1.689, 1.018
1.475, 1.673, 1.136
1.446, 1.453, 1.180
1.447, 1.426, 1.170
1.452, 1.337, 1.137
1.469, 1.146, 1.041
1.504, 1.134, 0.934
RegionID:-1
Center:-0.033,-5.122,0.128
Normal:-0.038,-0.999,-0.004
NumPatches:14
0.158, -5.128, -0.213
-0.036, -5.120, -0.214
-0.101, -5.118, -0.214
-0.421, -5.106, -0.211
-0.546, -5.101, -0.209
-0.685, -5.097, 0.108
-0.343, -5.112, 0.427
-0.280, -5.114, 0.428
-0.087, -5.121, 0.431
0.043, -5.126, 0.432
0.109, -5.129, 0.432
0.556, -5.145, 0.429
0.599, -5.146, 0.109
0.222, -5.130, -0.213
RegionID:-1
Center:1.341,3.006,0.722
Normal:-0.953,0.137,-0.270
NumPatches:11
1.473, 2.451, -0.024
1.495, 2.607, -0.024
1.519, 2.774, -0.022
1.531, 2.864, -0.021
1.558, 3.058, -0.018
1.599, 3.546, 0.086
1.710, 5.722, 0.794
1.582, 5.208, 0.987
1.334, 3.905, 1.202
0.996, 2.014, 1.434
1.011, -0.155, 0.286
RegionID:-1
Center:-0.213,3.060,1.435
Normal:0.315,-0.001,-0.949
NumPatches:7
0.596, 2.598, 1.703
0.502, 5.827, 1.670
0.326, 6.982, 1.611
-0.171, 6.209, 1.446
-0.865, 2.943, 1.218
-0.948, 1.864, 1.191
-0.878, 1.685, 1.215
RegionID:-1
Center:-0.808,-2.190,1.267
Normal:0.351,0.003,-0.936
NumPatches:10
-0.547, -2.802, 1.363
-0.508, -2.541, 1.379
-0.485, -2.088, 1.389
-1.048, -1.531, 1.179
-1.032, -2.116, 1.184
-0.916, -2.964, 1.224
-0.765, -3.146, 1.280
-0.733, -3.182, 1.292
-0.700, -3.218, 1.304
-0.666, -3.247, 1.317
RegionID:-1
Center:-0.339,-2.753,1.498
Normal:0.203,-0.075,-0.976
NumPatches:9
-0.350, -3.349, 1.541
-0.310, -3.368, 1.551
-0.270, -3.369, 1.559
-0.199, -2.781, 1.529
-0.190, -2.300, 1.494
-0.352, -2.182, 1.452
-0.517, -2.801, 1.465
-0.461, -3.177, 1.505
-0.389, -3.321, 1.531
RegionID:-1
Center:0.201,-2.749,1.602
Normal:0.282,0.019,-0.959
NumPatches:7
0.403, -2.580, 1.665
0.366, -2.560, 1.654
0.330, -2.545, 1.644
0.034, -2.433, 1.559
0.045, -3.010, 1.551
0.165, -3.084, 1.585
0.286, -3.138, 1.619
