NumRegions:12
RegionID:-1
Center:1.176,1.085,-0.729
Normal:-0.313,-0.058,-0.948
NumPatches:7
1.161, 0.801, -0.707
1.310, 0.949, -0.765
1.327, 1.015, -0.775
1.392, 1.264, -0.811
1.339, 1.416, -0.803
1.168, 1.363, -0.743
-0.089, -0.021, -0.244
RegionID:-1
Center:0.875,-1.678,-0.818
Normal:-0.510,0.091,-0.856
NumPatches:7
0.917, -2.116, -0.889
0.926, -2.081, -0.891
1.020, -1.525, -0.888
0.964, -1.388, -0.840
0.862, -1.204, -0.760
-0.056, 0.017, -0.084
0.806, -2.253, -0.838
RegionID:-1
Center:-0.974,0.486,0.073
Normal:-0.950,0.037,-0.309
NumPatches:20
-1.154, 0.035, 0.573
-1.086, 0.029, 0.362
-1.066, 0.029, 0.301
-0.968, 0.027, 0.000
-0.921, 0.037, -0.145
-0.807, 0.243, -0.471
-0.806, 0.253, -0.472
-0.781, 0.614, -0.508
-0.783, 0.742, -0.486
-0.802, 0.854, -0.412
-0.871, 0.979, -0.186
-0.936, 1.049, 0.022
-0.986, 1.101, 0.183
-1.064, 1.179, 0.434
-1.124, 1.183, 0.617
-1.145, 0.906, 0.649
-1.162, 0.660, 0.674
-1.188, 0.299, 0.708
-1.188, 0.283, 0.706
-1.186, 0.039, 0.673
RegionID:-1
Center:0.923,1.794,-0.830
Normal:0.320,-0.006,-0.947
NumPatches:10
1.159, 1.405, -0.748
1.130, 1.780, -0.760
1.119, 1.876, -0.764
0.909, 3.132, -0.843
0.724, 2.782, -0.903
0.698, 1.774, -0.906
0.723, 1.487, -0.895
0.810, 1.374, -0.865
0.894, 1.268, -0.836
0.952, 1.209, -0.817
RegionID:-1
Center:-1.003,-0.801,0.002
Normal:-0.949,0.069,-0.309
NumPatches:13
-1.165, -3.580, -0.119
-0.852, -3.170, -0.990
-0.799, -0.899, -0.644
-0.824, -0.255, -0.424
-0.917, -0.042, -0.091
-0.931, -0.042, -0.048
-0.992, -0.044, 0.137
-1.087, -0.052, 0.428
-1.111, -0.055, 0.503
-1.173, -0.089, 0.684
-1.239, -0.978, 0.690
-1.337, -3.154, 0.505
-1.330, -3.668, 0.368
RegionID:-1
Center:1.285,-0.553,0.353
Normal:-0.955,0.006,-0.297
NumPatches:11
1.301, -2.121, 0.268
1.436, -2.047, -0.163
1.468, -1.679, -0.260
1.498, -0.782, -0.335
1.497, 0.176, -0.313
1.473, 0.248, -0.233
1.178, 0.493, 0.721
1.156, 0.498, 0.793
0.991, -1.728, 1.275
1.072, -2.011, 1.010
1.177, -2.119, 0.667
RegionID:-1
Center:1.652,1.509,0.560
Normal:-0.951,0.072,-0.302
NumPatches:11
1.667, 1.198, 0.440
1.732, 1.208, 0.238
1.861, 1.340, -0.137
1.849, 1.762, 0.001
1.686, 1.788, 0.520
1.517, 1.812, 1.058
1.451, 1.455, 1.183
1.452, 1.421, 1.170
1.454, 1.377, 1.153
1.493, 1.260, 1.002
1.570, 1.195, 0.746
RegionID:-1
Center:-0.042,-5.049,0.137
Normal:-0.034,-0.999,-0.003
NumPatches:11
0.092, -5.053, -0.210
-0.036, -5.048, -0.211
-0.099, -5.046, -0.210
-0.226, -5.042, -0.210
-0.602, -5.029, -0.206
-0.675, -5.028, 0.107
-0.401, -5.038, 0.422
0.485, -5.068, 0.677
0.549, -5.070, 0.424
0.590, -5.070, 0.108
0.219, -5.057, -0.209
RegionID:-1
Center:1.355,3.089,0.689
Normal:-0.947,0.149,-0.285
NumPatches:10
1.480, 2.520, -0.024
1.533, 2.864, -0.020
1.563, 3.057, -0.017
1.588, 3.405, 0.083
1.734, 5.714, 0.802
1.597, 5.208, 0.993
1.330, 3.914, 1.205
1.163, 3.029, 1.297
1.056, 2.361, 1.304
0.964, -0.161, 0.289
RegionID:-1
Center:-0.206,3.028,1.443
Normal:0.304,0.002,-0.953
NumPatches:8
0.600, 2.604, 1.699
0.503, 5.839, 1.675
0.230, 6.824, 1.590
0.061, 6.592, 1.535
-0.020, 6.470, 1.509
-0.414, 4.805, 1.380
-0.936, 1.893, 1.208
-0.933, 1.636, 1.209
RegionID:-1
Center:-0.678,-2.385,1.333
Normal:0.418,-0.011,-0.908
NumPatches:11
-0.303, -3.298, 1.517
-0.235, -2.995, 1.544
-0.184, -2.469, 1.562
-0.278, -2.318, 1.516
-0.455, -2.129, 1.433
-1.036, -1.525, 1.158
-1.008, -2.151, 1.179
-0.920, -2.957, 1.228
-0.614, -3.431, 1.375
-0.578, -3.478, 1.392
-0.543, -3.491, 1.409
RegionID:-1
Center:0.202,-2.746,1.598
Normal:0.291,0.024,-0.956
NumPatches:8
0.383, -2.880, 1.650
0.399, -2.567, 1.662
0.364, -2.552, 1.652
0.125, -2.453, 1.582
0.037, -2.442, 1.555
0.044, -2.998, 1.544
0.125, -3.053, 1.567
0.282, -3.112, 1.613
