NumRegions:13
RegionID:-1
Center:0.948,-1.358,-0.822
Normal:0.212,-0.046,-0.976
NumPatches:8
1.055, -1.602, -0.787
1.148, -1.484, -0.772
1.065, -1.325, -0.798
0.857, -1.095, -0.854
0.752, -1.089, -0.877
0.785, -1.192, -0.865
0.962, -1.595, -0.808
1.008, -1.617, -0.796
RegionID:-1
Center:0.871,1.934,-0.839
Normal:-0.356,-0.079,-0.931
NumPatches:6
0.880, 1.345, -0.793
1.003, 1.593, -0.861
1.078, 1.776, -0.905
0.915, 3.125, -0.957
0.840, 3.254, -0.939
-0.118, -0.034, -0.295
RegionID:-1
Center:1.178,1.163,-0.752
Normal:0.324,-0.012,-0.946
NumPatches:9
1.103, 0.921, -0.774
1.314, 1.123, -0.705
1.414, 1.246, -0.672
1.400, 1.338, -0.678
1.351, 1.552, -0.697
1.113, 1.280, -0.775
0.986, 1.120, -0.817
0.925, 1.022, -0.837
1.004, 0.868, -0.808
RegionID:-1
Center:-0.977,0.488,0.078
Normal:-0.952,0.034,-0.304
NumPatches:17
-1.084, 0.029, 0.362
-1.063, 0.028, 0.298
-0.936, 0.027, -0.100
-0.844, 0.183, -0.371
-0.807, 0.267, -0.477
-0.796, 0.401, -0.499
-0.789, 0.725, -0.483
-0.806, 0.859, -0.414
-0.876, 0.957, -0.185
-1.037, 1.150, 0.341
-1.065, 1.173, 0.430
-1.094, 1.180, 0.523
-1.121, 1.124, 0.601
-1.163, 0.682, 0.682
-1.185, 0.315, 0.711
-1.183, 0.083, 0.680
-1.155, 0.035, 0.585
RegionID:-1
Center:-1.008,-0.755,0.006
Normal:-0.948,0.071,-0.310
NumPatches:13
-1.180, -3.567, -0.111
-0.969, -3.005, -0.627
-0.919, -2.798, -0.733
-0.812, -1.233, -0.704
-0.807, -0.860, -0.632
-0.808, -0.474, -0.543
-0.853, 0.070, -0.282
-1.120, -0.056, 0.508
-1.181, -0.089, 0.685
-1.183, -0.105, 0.689
-1.253, -1.008, 0.697
-1.355, -2.757, 0.607
-1.266, -3.651, 0.133
RegionID:-1
Center:0.882,-1.907,-0.835
Normal:0.354,-0.018,-0.935
NumPatches:7
0.955, -2.041, -0.805
0.976, -2.003, -0.797
0.982, -1.735, -0.801
0.977, -1.678, -0.803
0.872, -1.585, -0.845
0.745, -1.974, -0.886
0.820, -2.246, -0.852
RegionID:-1
Center:1.293,-0.433,0.328
Normal:-0.957,0.005,-0.291
NumPatches:14
1.387, -1.931, -0.008
1.432, -1.892, -0.154
1.466, -1.756, -0.264
1.494, -0.871, -0.337
1.513, -0.197, -0.388
1.513, -0.045, -0.387
1.498, 0.392, -0.327
1.472, 0.443, -0.243
1.368, 0.546, 0.100
1.214, 0.677, 0.608
1.192, 0.681, 0.683
1.145, 0.673, 0.835
0.985, -1.804, 1.313
1.145, -2.078, 0.782
RegionID:-1
Center:-0.018,-4.893,0.163
Normal:-0.044,-0.999,-0.001
NumPatches:13
0.088, -4.897, -0.203
0.027, -4.894, -0.203
-0.097, -4.889, -0.203
-0.219, -4.884, -0.203
-0.644, -4.865, -0.199
-0.716, -4.862, 0.104
-0.510, -4.871, 0.409
0.286, -4.907, 0.656
0.471, -4.915, 0.658
0.531, -4.918, 0.657
0.595, -4.920, 0.412
0.633, -4.921, 0.105
0.272, -4.905, -0.202
RegionID:-1
Center:1.373,3.265,0.705
Normal:-0.949,0.073,-0.306
NumPatches:9
1.493, 2.634, 0.181
1.565, 2.769, -0.009
1.580, 2.961, -0.011
1.587, 3.056, -0.010
1.545, 5.542, 0.714
1.268, 3.947, 1.192
1.127, 2.643, 1.319
1.135, 2.498, 1.260
1.142, 2.441, 1.226
RegionID:-1
Center:1.660,1.668,0.559
Normal:-0.950,0.076,-0.301
NumPatches:10
1.667, 1.384, 0.466
1.825, 1.530, 0.002
1.845, 1.760, -0.002
1.851, 1.850, -0.000
1.726, 1.909, 0.411
1.552, 1.898, 0.955
1.511, 1.893, 1.085
1.481, 1.522, 1.086
1.483, 1.447, 1.061
1.599, 1.396, 0.683
RegionID:-1
Center:-0.174,3.103,1.442
Normal:0.303,-0.002,-0.953
NumPatches:7
0.594, 2.583, 1.688
0.586, 2.912, 1.684
0.408, 6.956, 1.617
0.229, 6.727, 1.561
-0.170, 6.165, 1.435
-0.849, 2.269, 1.229
-0.911, 1.642, 1.211
RegionID:-1
Center:-0.822,-2.156,1.268
Normal:0.378,0.006,-0.926
NumPatches:9
-0.563, -2.481, 1.371
-0.511, -2.168, 1.395
-0.535, -2.104, 1.386
-0.579, -2.038, 1.368
-1.032, -1.545, 1.187
-1.038, -1.791, 1.182
-1.015, -2.156, 1.190
-0.918, -2.978, 1.224
-0.799, -3.122, 1.271
RegionID:-1
Center:0.200,-2.769,1.602
Normal:0.269,0.025,-0.963
NumPatches:9
0.342, -2.853, 1.639
0.368, -2.567, 1.654
0.066, -2.456, 1.572
0.043, -3.007, 1.552
0.084, -3.038, 1.562
0.124, -3.060, 1.573
0.165, -3.082, 1.584
0.205, -3.101, 1.595
0.285, -3.127, 1.616
