NumRegions:12
RegionID:-1
Center:0.970,2.009,-0.817
Normal:0.312,0.000,-0.950
NumPatches:10
0.955, 1.426, -0.822
1.089, 1.619, -0.778
1.288, 1.908, -0.713
1.321, 2.384, -0.701
1.191, 2.683, -0.744
1.158, 2.696, -0.755
0.723, 2.792, -0.898
0.608, 2.495, -0.936
0.695, 1.294, -0.907
0.767, 1.202, -0.884
RegionID:-1
Center:1.226,1.268,-0.737
Normal:0.284,0.003,-0.959
NumPatches:8
1.317, 1.123, -0.710
1.449, 1.315, -0.671
1.622, 1.783, -0.618
1.448, 1.672, -0.670
1.170, 1.411, -0.753
0.963, 1.186, -0.815
0.873, 1.039, -0.842
1.090, 0.937, -0.778
RegionID:-1
Center:-0.928,0.444,0.106
Normal:-0.937,0.193,-0.291
NumPatches:14
-1.096, 0.029, 0.372
-0.935, 0.027, -0.148
-0.789, 0.258, -0.465
-0.777, 0.310, -0.469
-0.719, 0.660, -0.424
-0.713, 0.745, -0.388
-0.758, 0.829, -0.189
-0.811, 0.890, 0.023
-1.001, 1.009, 0.713
-1.183, 0.216, 0.773
-1.195, 0.157, 0.773
-1.197, 0.142, 0.770
-1.182, 0.068, 0.673
-1.162, 0.035, 0.587
RegionID:-1
Center:-1.133,-0.479,0.023
Normal:-0.893,0.348,-0.287
NumPatches:17
-1.254, -1.352, -0.656
-1.212, -1.313, -0.739
-1.166, -1.253, -0.811
-0.942, -0.473, -0.562
-0.920, -0.373, -0.510
-0.916, -0.287, -0.418
-0.916, -0.058, -0.139
-0.945, -0.055, -0.047
-1.007, -0.055, 0.147
-1.135, -0.069, 0.529
-1.167, -0.076, 0.619
-1.175, -0.092, 0.624
-1.182, -0.108, 0.628
-1.268, -0.299, 0.664
-1.558, -1.078, 0.621
-1.634, -1.311, 0.577
-1.637, -1.393, 0.484
RegionID:-1
Center:-1.508,-1.816,-0.466
Normal:-0.923,0.254,-0.288
NumPatches:10
-1.619, -2.165, -0.419
-1.449, -1.930, -0.759
-1.371, -1.705, -0.807
-1.362, -1.650, -0.788
-1.345, -1.551, -0.754
-1.339, -1.509, -0.739
-1.443, -1.530, -0.425
-1.579, -1.677, -0.117
-1.689, -2.095, -0.135
-1.720, -2.235, -0.158
RegionID:-1
Center:1.409,0.403,0.378
Normal:-0.928,0.233,-0.291
NumPatches:14
1.157, -0.321, 0.601
1.293, -0.328, 0.165
1.366, -0.326, -0.067
1.437, -0.321, -0.290
1.587, 0.233, -0.324
1.668, 0.621, -0.273
1.720, 0.917, -0.201
1.770, 1.216, -0.120
1.779, 1.419, 0.012
1.710, 1.612, 0.387
1.653, 1.686, 0.628
1.498, 1.735, 1.160
1.397, 1.765, 1.505
1.119, -0.311, 0.730
RegionID:-1
Center:1.244,-0.863,0.311
Normal:-0.935,0.202,-0.293
NumPatches:9
1.009, -1.249, 0.796
1.348, -1.247, -0.286
1.398, -1.139, -0.372
1.505, -0.588, -0.332
1.509, -0.567, -0.330
1.463, -0.528, -0.156
1.209, -0.519, 0.661
1.159, -0.535, 0.809
0.956, -1.230, 0.976
RegionID:-1
Center:-0.674,-3.773,-0.101
Normal:-0.211,-0.975,-0.065
NumPatches:12
-1.281, -3.598, -0.764
-1.334, -3.600, -0.573
-1.383, -3.602, -0.383
-1.348, -3.657, 0.334
-0.820, -3.784, 0.526
-0.773, -3.794, 0.528
-0.155, -3.928, 0.532
-0.109, -3.937, 0.530
-0.021, -3.943, 0.337
0.177, -3.941, -0.344
-0.309, -3.821, -0.575
-0.774, -3.708, -0.763
RegionID:-1
Center:0.888,-1.893,0.457
Normal:-0.947,-0.064,-0.316
NumPatches:14
1.133, -1.698, -0.315
1.129, -1.635, -0.314
1.124, -1.572, -0.313
1.089, -1.557, -0.210
0.981, -1.545, 0.110
0.862, -1.537, 0.464
0.666, -1.560, 1.057
0.624, -1.793, 1.228
0.618, -1.838, 1.254
0.610, -1.907, 1.293
0.600, -1.989, 1.338
0.697, -2.496, 1.152
0.789, -2.576, 0.893
1.081, -2.522, 0.008
RegionID:-1
Center:0.584,3.726,1.690
Normal:0.305,0.003,-0.952
NumPatches:9
0.947, 2.633, 1.803
1.059, 2.704, 1.839
1.539, 6.860, 2.004
1.435, 6.776, 1.970
1.127, 6.487, 1.871
0.409, 4.802, 1.637
0.082, 3.854, 1.530
-0.130, 3.198, 1.460
-0.112, 2.291, 1.464
RegionID:-1
Center:-1.205,-1.733,1.140
Normal:0.297,0.004,-0.955
NumPatches:8
-1.172, -2.315, 1.148
-0.960, -1.903, 1.216
-0.914, -1.695, 1.231
-1.007, -1.563, 1.202
-1.324, -1.199, 1.105
-1.375, -2.040, 1.086
-1.386, -2.349, 1.081
-1.280, -2.515, 1.114
RegionID:-1
Center:-0.218,-2.467,1.455
Normal:0.312,-0.019,-0.950
NumPatches:9
-0.105, -2.633, 1.496
-0.036, -2.387, 1.514
-0.068, -2.355, 1.503
-0.130, -2.294, 1.481
-0.187, -2.265, 1.461
-0.294, -2.220, 1.425
-0.357, -2.466, 1.410
-0.370, -2.794, 1.412
-0.304, -2.843, 1.434
