NumRegions:14
RegionID:-1
Center:1.240,1.345,-0.702
Normal:0.247,-0.024,-0.969
NumPatches:16
1.386, 0.306, -0.639
1.495, 0.407, -0.614
1.564, 0.552, -0.600
1.681, 0.831, -0.577
1.799, 1.211, -0.557
1.788, 1.852, -0.576
1.739, 2.097, -0.594
1.729, 2.139, -0.598
1.611, 2.443, -0.635
1.556, 2.560, -0.652
1.153, 2.586, -0.756
0.985, 2.386, -0.793
0.816, 2.163, -0.831
0.743, 1.973, -0.845
0.230, -0.030, -0.925
0.230, -0.030, -0.925
RegionID:-1
Center:-0.887,0.446,0.118
Normal:-0.845,0.464,-0.265
NumPatches:20
-1.252, 0.033, 0.561
-1.186, 0.027, 0.339
-1.032, 0.048, -0.117
-0.985, 0.080, -0.209
-0.819, 0.233, -0.473
-0.814, 0.241, -0.473
-0.809, 0.251, -0.473
-0.804, 0.260, -0.472
-0.799, 0.270, -0.470
-0.715, 0.455, -0.417
-0.624, 0.665, -0.338
-0.626, 0.687, -0.294
-0.642, 0.762, -0.110
-0.663, 0.786, -0.001
-0.827, 0.880, 0.687
-0.861, 0.871, 0.781
-1.049, 0.511, 0.750
-1.186, 0.229, 0.693
-1.254, 0.069, 0.630
-1.258, 0.058, 0.624
RegionID:-1
Center:-1.722,-0.956,-0.688
Normal:-0.821,0.505,-0.266
NumPatches:10
-2.046, -1.316, -0.370
-1.928, -1.387, -0.870
-1.802, -1.292, -1.077
-1.597, -0.924, -1.014
-1.481, -0.668, -0.886
-1.506, -0.658, -0.788
-1.612, -0.693, -0.530
-1.803, -0.775, -0.095
-1.891, -0.854, 0.027
-2.044, -1.245, -0.242
RegionID:-1
Center:-1.462,-2.984,-0.472
Normal:-0.466,-0.872,-0.151
NumPatches:14
-1.040, -3.113, -1.027
-1.073, -3.093, -1.041
-1.670, -2.755, -1.156
-1.705, -2.736, -1.158
-1.952, -2.603, -1.164
-2.066, -2.592, -0.873
-2.123, -2.591, -0.707
-2.223, -2.595, -0.374
-2.241, -2.614, -0.207
-2.107, -2.723, 0.007
-1.646, -3.020, 0.305
-0.996, -3.399, 0.485
-0.649, -3.375, -0.726
-0.758, -3.288, -0.890
RegionID:-1
Center:-1.512,-0.333,-0.136
Normal:-0.665,0.715,-0.217
NumPatches:11
-1.678, -0.407, 0.125
-1.646, -0.409, 0.023
-1.442, -0.389, -0.540
-1.423, -0.369, -0.531
-1.407, -0.352, -0.523
-1.393, -0.312, -0.435
-1.387, -0.144, 0.103
-1.433, -0.165, 0.174
-1.548, -0.261, 0.209
-1.587, -0.297, 0.210
-1.647, -0.353, 0.211
RegionID:-1
Center:0.342,2.568,0.067
Normal:-0.832,0.486,-0.268
NumPatches:13
-0.010, 1.872, -0.101
0.089, 1.792, -0.554
0.111, 1.823, -0.566
0.160, 1.893, -0.590
0.400, 2.294, -0.608
0.560, 2.595, -0.558
0.976, 3.505, -0.200
1.489, 4.718, 0.410
1.175, 4.280, 0.588
0.763, 3.629, 0.685
0.414, 3.062, 0.738
-0.027, 2.333, 0.784
-0.151, 2.058, 0.670
RegionID:-1
Center:1.170,-0.800,0.273
Normal:-0.832,0.484,-0.271
NumPatches:13
0.814, -1.127, 0.781
0.886, -1.133, 0.550
0.955, -1.137, 0.330
1.153, -1.121, -0.248
1.220, -1.102, -0.420
1.321, -0.923, -0.411
1.351, -0.871, -0.408
1.555, -0.476, -0.328
1.534, -0.467, -0.248
1.450, -0.463, 0.016
1.220, -0.456, 0.736
1.192, -0.461, 0.810
0.789, -1.123, 0.865
RegionID:-1
Center:0.601,-1.702,0.202
Normal:-0.919,0.222,-0.325
NumPatches:14
0.362, -2.396, 0.406
0.553, -2.385, -0.126
0.603, -2.349, -0.245
0.860, -1.563, -0.434
0.886, -1.451, -0.432
0.926, -1.275, -0.424
0.897, -1.266, -0.336
0.662, -1.285, 0.315
0.607, -1.293, 0.465
0.579, -1.297, 0.541
0.409, -1.428, 0.934
0.302, -1.673, 1.068
0.256, -2.300, 0.772
0.289, -2.360, 0.636
RegionID:-1
Center:1.646,0.344,0.498
Normal:-0.825,0.499,-0.266
NumPatches:13
1.201, -0.288, 0.694
1.488, -0.261, -0.148
1.552, -0.245, -0.317
1.693, 0.017, -0.260
1.820, 0.264, -0.192
1.943, 0.509, -0.114
2.088, 0.812, 0.006
2.224, 1.119, 0.158
2.253, 1.237, 0.289
2.260, 1.319, 0.422
2.260, 1.493, 0.749
2.025, 1.577, 1.636
1.183, -0.280, 0.767
RegionID:-1
Center:-0.276,0.699,-0.017
Normal:-0.204,-0.956,-0.212
NumPatches:13
-0.265, 0.720, -0.120
-0.366, 0.734, -0.086
-0.354, 0.698, 0.065
-0.342, 0.695, 0.065
-0.285, 0.683, 0.065
-0.273, 0.680, 0.065
-0.262, 0.678, 0.064
-0.251, 0.676, 0.063
-0.230, 0.672, 0.062
-0.209, 0.678, 0.015
-0.201, 0.687, -0.033
-0.212, 0.698, -0.074
-0.226, 0.710, -0.113
RegionID:-1
Center:-1.598,-1.233,0.997
Normal:0.296,-0.000,-0.955
NumPatches:13
-1.349, -1.316, 1.074
-1.352, -1.064, 1.073
-1.359, -1.041, 1.071
-1.392, -0.957, 1.061
-1.500, -0.708, 1.027
-1.509, -0.690, 1.024
-1.870, -1.437, 0.913
-1.987, -1.774, 0.876
-1.980, -1.813, 0.879
-1.968, -1.849, 0.882
-1.955, -1.882, 0.886
-1.918, -1.938, 0.898
-1.827, -1.993, 0.926
RegionID:-1
Center:1.706,3.615,2.101
Normal:0.319,0.007,-0.948
NumPatches:9
1.956, 2.827, 2.180
2.447, 3.846, 2.352
3.004, 5.789, 2.553
2.897, 5.752, 2.516
2.678, 5.658, 2.442
1.574, 4.269, 2.061
1.056, 3.494, 1.881
0.839, 3.071, 1.805
0.795, 2.724, 1.788
RegionID:-1
Center:-1.321,-1.763,1.120
Normal:0.439,0.060,-0.896
NumPatches:8
-1.154, -1.997, 1.186
-1.026, -1.696, 1.269
-1.294, -1.274, 1.166
-1.358, -1.347, 1.130
-1.455, -1.476, 1.074
-1.652, -1.891, 0.949
-1.629, -1.970, 0.955
-1.252, -2.196, 1.125
RegionID:-1
Center:-0.723,-2.170,1.288
Normal:0.311,0.011,-0.950
NumPatches:10
-0.454, -2.113, 1.376
-0.546, -2.025, 1.347
-0.569, -2.004, 1.340
-0.591, -1.984, 1.333
-0.614, -1.965, 1.326
-0.700, -1.899, 1.298
-0.763, -1.858, 1.278
-1.064, -2.444, 1.173
-1.017, -2.509, 1.188
-0.676, -2.504, 1.299
