NumRegions:15
RegionID:-1
Center:1.347,1.424,-0.682
Normal:0.282,-0.027,-0.959
NumPatches:11
1.667, 0.748, -0.569
1.835, 0.936, -0.525
2.040, 1.345, -0.476
2.101, 1.990, -0.476
2.097, 2.077, -0.480
2.040, 2.184, -0.500
1.502, 2.703, -0.673
1.301, 2.491, -0.726
0.967, 2.016, -0.811
0.668, 1.300, -0.879
0.276, -0.034, -0.956
RegionID:-1
Center:-1.668,-0.555,-0.549
Normal:-0.782,0.573,-0.246
NumPatches:8
-1.704, -0.703, -0.778
-1.618, -0.662, -0.956
-1.503, -0.508, -0.964
-1.493, -0.481, -0.932
-1.501, -0.447, -0.826
-1.779, -0.548, -0.177
-1.871, -0.584, 0.028
-1.895, -0.617, 0.027
RegionID:-1
Center:-0.885,0.467,0.107
Normal:-0.814,0.523,-0.254
NumPatches:15
-1.100, 0.027, -0.109
-0.822, 0.277, -0.485
-0.805, 0.306, -0.480
-0.663, 0.576, -0.379
-0.633, 0.644, -0.336
-0.621, 0.683, -0.292
-0.618, 0.709, -0.247
-0.629, 0.782, -0.062
-0.655, 0.815, 0.087
-0.819, 0.887, 0.761
-0.835, 0.863, 0.762
-0.960, 0.661, 0.747
-1.150, 0.331, 0.677
-1.258, 0.137, 0.626
-1.275, 0.083, 0.569
RegionID:-1
Center:1.469,0.487,-0.649
Normal:0.332,-0.077,-0.940
NumPatches:7
1.641, 0.481, -0.588
1.758, 0.674, -0.562
1.481, 0.582, -0.653
1.353, 0.510, -0.692
1.266, 0.453, -0.718
1.270, 0.402, -0.712
1.278, 0.331, -0.704
RegionID:-1
Center:-1.920,-0.987,-0.738
Normal:-0.785,0.564,-0.256
NumPatches:6
-1.986, -1.123, -0.835
-1.888, -1.089, -1.062
-1.784, -0.970, -1.119
-1.663, -0.747, -1.000
-2.054, -0.992, -0.339
-2.185, -1.079, -0.128
RegionID:-1
Center:-1.610,-2.788,-0.491
Normal:-0.529,-0.832,-0.168
NumPatches:14
-0.983, -3.079, -1.025
-1.643, -2.641, -1.117
-2.069, -2.368, -1.128
-2.101, -2.348, -1.128
-2.247, -2.311, -0.848
-2.430, -2.326, -0.200
-2.273, -2.467, 0.007
-1.773, -2.836, 0.256
-1.284, -3.156, 0.301
-1.248, -3.179, 0.301
-1.176, -3.224, 0.301
-1.140, -3.247, 0.300
-0.870, -3.250, -0.537
-0.789, -3.233, -0.875
RegionID:-1
Center:0.407,2.375,0.091
Normal:-0.796,0.549,-0.256
NumPatches:14
-0.086, 1.471, -0.314
0.121, 1.676, -0.517
0.371, 1.986, -0.631
0.539, 2.244, -0.602
0.756, 2.575, -0.564
1.221, 3.418, -0.202
1.603, 4.114, 0.101
1.833, 4.592, 0.410
1.217, 3.852, 0.742
0.756, 3.202, 0.779
0.001, 2.118, 0.804
-0.080, 1.978, 0.757
-0.125, 1.901, 0.729
-0.165, 1.826, 0.694
RegionID:-1
Center:0.535,-1.647,0.154
Normal:-0.903,0.298,-0.309
NumPatches:15
0.148, -2.329, 0.626
0.300, -2.345, 0.166
0.398, -2.347, -0.120
0.446, -2.321, -0.237
0.552, -2.119, -0.350
0.806, -1.513, -0.508
0.851, -1.368, -0.500
0.882, -1.264, -0.491
0.860, -1.241, -0.402
0.723, -1.235, 0.003
0.543, -1.243, 0.521
0.359, -1.399, 0.910
0.226, -1.656, 1.049
0.131, -1.987, 1.007
0.117, -2.282, 0.764
RegionID:-1
Center:1.147,-0.804,0.273
Normal:-0.797,0.546,-0.257
NumPatches:11
0.794, -1.124, 0.687
1.043, -1.121, -0.079
1.136, -1.100, -0.321
1.174, -1.086, -0.409
1.207, -1.037, -0.409
1.385, -0.775, -0.403
1.568, -0.477, -0.335
1.345, -0.461, 0.390
1.231, -0.463, 0.740
1.204, -0.466, 0.816
0.759, -1.103, 0.842
RegionID:-1
Center:-0.376,-2.845,0.133
Normal:-0.785,0.568,-0.248
NumPatches:5
-0.254, -3.016, -0.645
-0.164, -2.877, -0.610
-0.440, -2.605, 0.884
-0.465, -2.581, 1.019
-0.594, -2.895, 0.707
RegionID:-1
Center:1.714,0.315,0.521
Normal:-0.786,0.563,-0.257
NumPatches:15
1.237, -0.265, 0.711
1.277, -0.271, 0.573
1.362, -0.274, 0.307
1.518, -0.266, -0.152
1.560, -0.248, -0.239
1.589, -0.210, -0.245
1.707, -0.054, -0.264
1.723, -0.033, -0.266
1.978, 0.392, -0.116
2.145, 0.681, 0.006
2.404, 1.177, 0.298
2.502, 1.406, 0.502
2.515, 1.497, 0.660
2.164, 1.489, 1.714
1.218, -0.257, 0.784
RegionID:-1
Center:-1.507,-0.132,-0.015
Normal:-0.786,0.566,-0.248
NumPatches:9
-1.606, -0.209, 0.124
-1.511, -0.198, -0.154
-1.473, -0.176, -0.223
-1.460, -0.156, -0.220
-1.408, -0.080, -0.209
-1.425, -0.073, -0.142
-1.470, -0.064, 0.023
-1.542, -0.086, 0.200
-1.623, -0.195, 0.208
RegionID:-1
Center:-1.632,-1.182,0.991
Normal:0.325,-0.018,-0.946
NumPatches:9
-1.363, -1.691, 1.093
-1.332, -1.135, 1.093
-1.536, -0.592, 1.013
-1.629, -0.699, 0.983
-1.813, -1.035, 0.926
-2.072, -1.551, 0.847
-2.065, -1.587, 0.850
-2.015, -1.759, 0.870
-1.993, -1.828, 0.879
RegionID:-1
Center:1.793,3.415,2.099
Normal:0.314,0.000,-0.950
NumPatches:8
1.901, 2.754, 2.134
1.967, 2.771, 2.156
2.682, 3.792, 2.392
3.623, 5.881, 2.704
2.128, 4.381, 2.209
1.413, 3.550, 1.973
1.022, 2.992, 1.844
0.940, 2.722, 1.817
RegionID:-1
Center:-0.851,-2.069,1.250
Normal:0.304,0.020,-0.953
NumPatches:10
-0.825, -2.349, 1.253
-0.567, -2.020, 1.342
-0.589, -1.999, 1.335
-0.872, -1.734, 1.251
-1.057, -2.105, 1.184
-1.158, -2.343, 1.147
-1.135, -2.371, 1.153
-1.111, -2.397, 1.160
-1.086, -2.420, 1.168
-1.059, -2.434, 1.176
