NumRegions:14
RegionID:-1
Center:1.384,1.255,-0.676
Normal:0.278,-0.020,-0.960
NumPatches:9
1.630, 0.404, -0.587
1.909, 0.778, -0.515
2.248, 1.375, -0.429
2.175, 1.820, -0.459
2.100, 2.039, -0.485
1.602, 2.512, -0.639
0.990, 2.004, -0.805
0.729, 1.696, -0.874
0.275, -0.026, -0.971
RegionID:-1
Center:-0.883,0.497,0.100
Normal:-0.772,0.587,-0.243
NumPatches:14
-1.238, 0.165, 0.423
-1.050, 0.165, -0.172
-1.011, 0.174, -0.273
-0.886, 0.239, -0.513
-0.840, 0.305, -0.501
-0.669, 0.579, -0.382
-0.626, 0.653, -0.338
-0.620, 0.681, -0.292
-0.621, 0.756, -0.107
-0.639, 0.777, -0.000
-0.812, 0.859, 0.749
-0.821, 0.848, 0.750
-1.000, 0.615, 0.756
-1.269, 0.221, 0.658
RegionID:-1
Center:-1.932,-0.739,-0.753
Normal:-0.748,0.617,-0.243
NumPatches:8
-2.049, -0.905, -0.817
-1.906, -0.864, -1.152
-1.684, -0.521, -0.965
-1.670, -0.494, -0.942
-1.660, -0.470, -0.910
-1.685, -0.474, -0.842
-2.180, -0.789, -0.119
-2.219, -0.838, -0.123
RegionID:-1
Center:-1.765,-2.565,-0.518
Normal:-0.591,-0.786,-0.183
NumPatches:13
-2.111, -2.135, -1.249
-2.172, -2.089, -1.254
-2.201, -2.066, -1.255
-2.252, -2.055, -1.136
-2.420, -2.039, -0.664
-2.525, -2.033, -0.352
-2.550, -2.050, -0.193
-2.346, -2.251, 0.010
-1.890, -2.641, 0.214
-1.330, -3.072, 0.257
-1.072, -3.086, -0.519
-0.988, -3.073, -0.849
-0.969, -3.049, -1.014
RegionID:-1
Center:0.414,2.171,0.183
Normal:-0.753,0.612,-0.242
NumPatches:13
-0.304, 1.523, 0.778
0.044, 1.551, -0.230
0.156, 1.587, -0.490
0.439, 1.852, -0.698
0.541, 1.958, -0.747
1.754, 3.784, 0.098
1.818, 3.962, 0.347
1.716, 4.015, 0.798
1.216, 3.422, 0.853
0.806, 2.929, 0.880
0.252, 2.250, 0.888
-0.133, 1.775, 0.884
-0.330, 1.530, 0.877
RegionID:-1
Center:0.472,-1.594,0.109
Normal:-0.877,0.379,-0.294
NumPatches:13
0.044, -2.280, 0.498
0.242, -2.300, -0.117
0.325, -2.283, -0.344
0.766, -1.443, -0.576
0.820, -1.238, -0.473
0.778, -1.204, -0.303
0.753, -1.203, -0.228
0.508, -1.202, 0.504
0.477, -1.215, 0.580
0.327, -1.337, 0.870
0.250, -1.465, 0.935
0.049, -2.129, 0.681
0.010, -2.272, 0.611
RegionID:-1
Center:1.134,-0.808,0.261
Normal:-0.755,0.608,-0.244
NumPatches:14
0.739, -1.104, 0.747
0.783, -1.109, 0.597
0.867, -1.118, 0.315
1.083, -1.101, -0.311
1.132, -1.074, -0.396
1.157, -1.044, -0.397
1.379, -0.770, -0.404
1.560, -0.518, -0.334
1.540, -0.509, -0.250
1.492, -0.499, -0.079
1.305, -0.486, 0.534
1.260, -0.485, 0.677
1.211, -0.485, 0.825
0.718, -1.099, 0.825
RegionID:-1
Center:-0.539,-2.764,0.004
Normal:-0.750,0.616,-0.240
NumPatches:7
-0.667, -2.847, 0.191
-0.451, -2.900, -0.620
-0.373, -2.859, -0.760
-0.286, -2.739, -0.724
-0.584, -2.535, 0.732
-0.663, -2.620, 0.760
-0.798, -2.812, 0.689
RegionID:-1
Center:-1.419,0.092,-0.029
Normal:-0.681,0.701,-0.210
NumPatches:11
-1.509, 0.051, 0.122
-1.455, 0.045, -0.071
-1.414, 0.043, -0.210
-1.392, 0.044, -0.277
-1.365, 0.072, -0.273
-1.321, 0.117, -0.264
-1.328, 0.131, -0.197
-1.341, 0.138, -0.132
-1.449, 0.129, 0.189
-1.477, 0.125, 0.267
-1.526, 0.078, 0.269
RegionID:-1
Center:1.795,0.291,0.559
Normal:-0.745,0.622,-0.241
NumPatches:15
1.329, -0.283, 0.517
1.436, -0.288, 0.176
1.553, -0.276, -0.154
1.603, -0.252, -0.248
1.621, -0.232, -0.252
1.638, -0.213, -0.255
1.654, -0.194, -0.258
1.737, -0.099, -0.268
1.998, 0.271, -0.117
2.591, 1.149, 0.315
2.670, 1.324, 0.521
2.707, 1.445, 0.717
2.371, 1.384, 1.601
2.263, 1.277, 1.657
1.242, -0.279, 0.800
RegionID:-1
Center:-1.733,-0.960,0.963
Normal:0.276,0.019,-0.961
NumPatches:12
-1.488, -1.018, 1.032
-1.427, -0.890, 1.052
-1.552, -0.510, 1.023
-1.558, -0.491, 1.022
-1.670, -0.599, 0.988
-1.763, -0.702, 0.959
-1.877, -0.867, 0.923
-2.171, -1.316, 0.829
-2.091, -1.530, 0.848
-2.079, -1.561, 0.851
-2.067, -1.592, 0.854
-2.034, -1.647, 0.862
RegionID:-1
Center:2.309,3.480,2.255
Normal:0.311,0.001,-0.950
NumPatches:12
2.611, 3.088, 2.354
3.096, 3.759, 2.513
3.745, 4.694, 2.726
3.576, 4.816, 2.670
2.943, 4.652, 2.463
2.800, 4.559, 2.417
1.952, 3.663, 2.139
1.393, 3.055, 1.955
1.392, 2.758, 1.955
1.511, 2.744, 1.994
1.554, 2.742, 2.008
2.301, 2.715, 2.252
RegionID:-1
Center:-0.978,-2.006,1.218
Normal:0.318,-0.011,-0.948
NumPatches:10
-0.783, -2.089, 1.285
-0.677, -1.938, 1.319
-0.923, -1.686, 1.233
-0.958, -1.652, 1.221
-1.061, -1.781, 1.188
-1.173, -1.955, 1.152
-1.287, -2.176, 1.117
-1.269, -2.210, 1.123
-1.250, -2.245, 1.130
-1.097, -2.454, 1.184
RegionID:-1
Center:-1.402,-1.522,1.090
Normal:0.256,-0.019,-0.966
NumPatches:8
-1.124, -1.502, 1.163
-1.337, -1.384, 1.105
-1.572, -1.320, 1.041
-1.570, -1.354, 1.042
-1.469, -1.549, 1.073
-1.454, -1.577, 1.078
-1.359, -1.724, 1.106
-1.325, -1.769, 1.116
