NumRegions:15
RegionID:-1
Center:-1.302,0.318,-0.195
Normal:-0.686,0.694,-0.220
NumPatches:10
-1.555, 0.192, 0.198
-1.462, 0.155, -0.211
-1.180, 0.293, -0.655
-1.064, 0.398, -0.685
-1.067, 0.419, -0.611
-1.074, 0.432, -0.546
-1.301, 0.417, 0.114
-1.352, 0.411, 0.256
-1.398, 0.390, 0.331
-1.561, 0.211, 0.277
RegionID:-1
Center:1.515,1.163,-0.638
Normal:0.282,-0.025,-0.959
NumPatches:12
1.627, 0.339, -0.584
1.770, 0.386, -0.543
1.945, 0.548, -0.495
2.329, 1.088, -0.396
2.230, 1.907, -0.447
2.123, 2.015, -0.481
1.765, 2.195, -0.591
1.733, 2.208, -0.601
1.136, 1.787, -0.766
0.867, 1.556, -0.839
0.713, 1.278, -0.877
0.279, -0.031, -0.971
RegionID:-1
Center:-0.833,0.601,0.135
Normal:-0.693,0.686,-0.221
NumPatches:16
-1.068, 0.446, 0.389
-0.892, 0.446, -0.164
-0.799, 0.445, -0.456
-0.791, 0.453, -0.456
-0.673, 0.594, -0.390
-0.630, 0.653, -0.340
-0.621, 0.678, -0.292
-0.625, 0.718, -0.154
-0.631, 0.727, -0.107
-0.655, 0.759, 0.065
-0.785, 0.788, 0.562
-0.806, 0.792, 0.641
-0.832, 0.795, 0.732
-0.973, 0.662, 0.762
-0.992, 0.641, 0.758
-1.136, 0.479, 0.706
RegionID:-1
Center:-2.005,-2.204,-0.587
Normal:-0.678,-0.704,-0.210
NumPatches:13
-1.495, -2.543, -1.097
-2.255, -1.736, -1.349
-2.357, -1.634, -1.362
-2.488, -1.586, -1.097
-2.601, -1.568, -0.794
-2.686, -1.576, -0.492
-2.716, -1.593, -0.340
-2.745, -1.611, -0.187
-2.409, -1.994, 0.014
-1.934, -2.509, 0.207
-1.645, -2.788, 0.209
-1.360, -2.851, -0.500
-1.221, -2.842, -0.977
RegionID:-1
Center:0.453,1.908,0.266
Normal:-0.677,0.703,-0.218
NumPatches:19
-0.527, 1.092, 0.678
-0.501, 1.090, 0.590
0.061, 1.364, -0.270
0.113, 1.390, -0.349
0.340, 1.539, -0.572
0.539, 1.706, -0.654
0.663, 1.839, -0.609
0.799, 1.987, -0.555
0.934, 2.139, -0.484
1.265, 2.513, -0.307
2.264, 3.678, 0.343
2.733, 4.228, 0.660
2.475, 4.041, 0.860
1.956, 3.569, 0.951
1.465, 3.107, 0.988
1.052, 2.714, 1.000
0.064, 1.757, 0.986
-0.296, 1.382, 0.895
-0.526, 1.123, 0.775
RegionID:-1
Center:0.460,-1.353,0.080
Normal:-0.672,0.708,-0.217
NumPatches:11
0.043, -1.538, 0.769
0.071, -1.539, 0.677
0.387, -1.548, -0.329
0.529, -1.459, -0.477
0.615, -1.401, -0.555
0.780, -1.237, -0.531
0.780, -1.207, -0.432
0.715, -1.200, -0.209
0.491, -1.195, 0.502
0.323, -1.257, 0.820
0.037, -1.493, 0.937
RegionID:-1
Center:-2.096,-0.419,-0.359
Normal:-0.621,0.757,-0.204
NumPatches:8
-2.259, -0.586, -0.483
-2.109, -0.550, -0.803
-2.034, -0.479, -0.769
-1.925, -0.260, -0.291
-1.898, -0.194, -0.126
-2.013, -0.281, -0.099
-2.082, -0.338, -0.100
-2.260, -0.489, -0.120
RegionID:-1
Center:1.095,-0.859,0.257
Normal:-0.679,0.700,-0.219
NumPatches:12
0.671, -1.121, 0.736
0.714, -1.126, 0.587
1.053, -1.127, -0.473
1.109, -1.074, -0.476
1.123, -1.061, -0.476
1.552, -0.601, -0.338
1.549, -0.577, -0.253
1.352, -0.565, 0.401
1.307, -0.564, 0.544
1.231, -0.568, 0.764
1.204, -0.570, 0.843
0.651, -1.116, 0.814
RegionID:-1
Center:-0.769,-2.579,-0.121
Normal:-0.668,0.712,-0.216
NumPatches:8
-1.021, -2.680, 0.329
-0.754, -2.759, -0.755
-0.668, -2.718, -0.889
-0.620, -2.667, -0.869
-0.515, -2.508, -0.671
-0.745, -2.276, 0.805
-0.885, -2.431, 0.728
-1.010, -2.577, 0.633
RegionID:-1
Center:-0.286,0.648,-0.025
Normal:-0.257,-0.956,-0.139
NumPatches:11
-0.261, 0.659, -0.144
-0.281, 0.664, -0.145
-0.291, 0.667, -0.146
-0.345, 0.671, -0.077
-0.365, 0.670, -0.035
-0.332, 0.642, 0.097
-0.293, 0.632, 0.096
-0.267, 0.625, 0.095
-0.258, 0.623, 0.095
-0.239, 0.629, 0.019
-0.242, 0.653, -0.142
RegionID:-1
Center:0.047,-2.051,0.130
Normal:-0.678,0.702,-0.219
NumPatches:12
-0.184, -2.199, 0.369
0.062, -2.222, -0.462
0.088, -2.195, -0.458
0.215, -2.064, -0.429
0.302, -1.941, -0.306
0.321, -1.890, -0.201
0.315, -1.865, -0.105
0.293, -1.850, 0.013
0.270, -1.835, 0.131
0.107, -1.846, 0.603
-0.142, -2.065, 0.670
-0.224, -2.170, 0.587
RegionID:-1
Center:1.885,0.146,0.600
Normal:-0.666,0.714,-0.218
NumPatches:11
1.330, -0.371, 0.603
1.607, -0.374, -0.253
1.722, -0.271, -0.268
2.036, 0.068, -0.117
2.705, 0.824, 0.313
2.792, 0.966, 0.512
2.867, 1.101, 0.726
2.708, 1.141, 1.342
2.581, 1.100, 1.595
2.492, 1.056, 1.724
1.275, -0.353, 0.830
RegionID:-1
Center:-1.811,-0.774,0.941
Normal:0.287,-0.003,-0.958
NumPatches:8
-1.475, -0.803, 1.042
-1.501, -0.672, 1.034
-1.593, -0.295, 1.005
-1.843, -0.485, 0.931
-2.252, -0.976, 0.810
-2.257, -1.013, 0.808
-2.237, -1.142, 0.814
-2.133, -1.444, 0.847
RegionID:-1
Center:-1.297,-1.759,1.114
Normal:0.298,-0.007,-0.955
NumPatches:13
-0.946, -1.936, 1.225
-0.828, -1.795, 1.261
-0.845, -1.772, 1.255
-0.960, -1.623, 1.218
-1.008, -1.569, 1.203
-1.057, -1.518, 1.187
-1.109, -1.504, 1.171
-1.888, -1.519, 0.928
-1.877, -1.549, 0.931
-1.865, -1.578, 0.935
-1.802, -1.726, 0.956
-1.720, -1.862, 0.983
-1.283, -2.190, 1.122
RegionID:-1
Center:2.779,3.180,2.406
Normal:0.319,-0.014,-0.948
NumPatches:8
3.176, 3.011, 2.542
4.662, 4.789, 3.015
4.495, 4.842, 2.958
2.946, 3.771, 2.453
2.073, 3.112, 2.169
1.994, 2.753, 2.148
2.274, 2.698, 2.243
2.761, 2.612, 2.408
