NumRegions:16
RegionID:-1
Center:1.742,0.002,-0.561
Normal:0.317,-0.010,-0.948
NumPatches:16
1.920, -0.714, -0.494
2.090, -0.662, -0.438
2.600, -0.506, -0.269
2.644, 0.130, -0.261
2.649, 0.224, -0.261
2.617, 0.624, -0.276
2.346, 0.717, -0.367
1.584, 0.766, -0.622
1.458, 0.746, -0.664
1.328, 0.682, -0.707
1.163, 0.492, -0.760
1.102, 0.196, -0.777
1.077, -0.448, -0.778
1.141, -0.650, -0.755
1.280, -0.811, -0.707
1.399, -0.864, -0.666
RegionID:-1
Center:-2.219,0.554,-0.614
Normal:-0.122,0.991,-0.053
NumPatches:7
-2.563, 0.545, 0.018
-2.513, 0.536, -0.264
-2.313, 0.513, -1.171
-1.971, 0.552, -1.228
-1.844, 0.569, -1.193
-1.837, 0.577, -1.060
-2.398, 0.573, 0.171
RegionID:-1
Center:0.808,0.978,0.215
Normal:-0.113,0.993,-0.035
NumPatches:15
1.990, 1.159, 1.504
-0.140, 0.883, 0.568
-0.128, 0.882, 0.508
-0.077, 0.880, 0.298
0.066, 0.878, -0.226
0.468, 0.910, -0.613
0.485, 0.912, -0.620
0.720, 0.935, -0.719
1.224, 1.001, -0.483
1.773, 1.074, -0.215
1.954, 1.097, -0.125
4.144, 1.388, 1.018
4.846, 1.483, 1.439
4.553, 1.456, 1.617
2.867, 1.263, 1.619
RegionID:-1
Center:-1.286,0.900,-0.312
Normal:-0.122,0.992,-0.040
NumPatches:14
-1.855, 0.848, 0.145
-1.786, 0.843, -0.197
-1.706, 0.841, -0.480
-1.583, 0.841, -0.863
-1.537, 0.843, -0.957
-1.468, 0.853, -0.926
-1.433, 0.857, -0.910
-1.081, 0.910, -0.676
-0.866, 0.946, -0.453
-0.863, 0.949, -0.380
-0.916, 0.951, -0.183
-0.935, 0.951, -0.118
-1.091, 0.950, 0.330
-1.256, 0.931, 0.355
RegionID:-1
Center:-2.451,-0.972,-0.663
Normal:-0.950,-0.090,-0.298
NumPatches:14
-2.241, -1.016, -1.320
-2.258, -0.890, -1.302
-2.363, -0.634, -1.048
-2.455, -0.523, -0.785
-2.536, -0.504, -0.531
-2.653, -0.536, -0.149
-2.695, -0.654, 0.020
-2.692, -0.689, 0.020
-2.688, -0.723, 0.019
-2.571, -1.353, -0.164
-2.526, -1.374, -0.303
-2.480, -1.394, -0.442
-2.391, -1.417, -0.722
-2.222, -1.441, -1.252
RegionID:-1
Center:-1.798,-1.571,-0.368
Normal:-0.099,0.995,-0.033
NumPatches:15
-1.996, -1.569, 0.297
-2.109, -1.584, 0.178
-2.177, -1.596, 0.016
-2.194, -1.603, -0.151
-2.109, -1.608, -0.553
-1.935, -1.609, -1.080
-1.836, -1.598, -1.045
-1.784, -1.592, -1.026
-1.681, -1.580, -0.989
-1.630, -1.575, -0.970
-1.405, -1.546, -0.768
-1.445, -1.542, -0.544
-1.668, -1.533, 0.382
-1.771, -1.543, 0.394
-1.820, -1.548, 0.400
RegionID:-1
Center:-0.298,0.556,-0.060
Normal:-0.624,-0.767,-0.148
NumPatches:8
-0.337, 0.603, -0.142
-0.329, 0.582, -0.064
-0.287, 0.513, 0.116
-0.280, 0.507, 0.114
-0.276, 0.505, 0.113
-0.266, 0.538, -0.100
-0.304, 0.583, -0.178
-0.345, 0.633, -0.264
RegionID:-1
Center:0.686,-1.425,0.247
Normal:-0.102,0.994,-0.036
NumPatches:13
0.454, -1.423, 0.941
0.434, -1.426, 0.937
0.199, -1.454, 0.828
0.239, -1.462, 0.485
0.257, -1.463, 0.409
0.621, -1.462, -0.578
0.749, -1.449, -0.595
0.938, -1.427, -0.525
1.229, -1.392, -0.380
1.224, -1.389, -0.284
1.023, -1.382, 0.467
0.964, -1.382, 0.640
0.820, -1.383, 1.013
RegionID:-1
Center:-0.804,-1.698,-0.155
Normal:-0.095,0.995,-0.029
NumPatches:10
-1.210, -1.722, 0.355
-1.035, -1.725, -0.311
-0.904, -1.724, -0.714
-0.466, -1.680, -0.634
-0.469, -1.674, -0.441
-0.558, -1.675, -0.176
-0.630, -1.676, 0.025
-0.736, -1.678, 0.318
-0.776, -1.679, 0.411
-0.940, -1.694, 0.428
RegionID:-1
Center:0.010,-1.388,-0.065
Normal:-0.101,0.994,-0.035
NumPatches:9
-0.174, -1.409, -0.135
-0.138, -1.413, -0.356
0.150, -1.381, -0.275
0.169, -1.374, -0.132
0.133, -1.372, 0.028
0.076, -1.373, 0.181
0.024, -1.373, 0.316
-0.007, -1.374, 0.388
-0.024, -1.376, 0.388
RegionID:-1
Center:-2.744,0.205,-0.294
Normal:-0.920,-0.272,-0.283
NumPatches:9
-2.729, 0.307, -0.439
-2.820, 0.320, -0.159
-2.810, 0.284, -0.156
-2.799, 0.247, -0.154
-2.778, 0.172, -0.151
-2.768, 0.137, -0.150
-2.753, 0.093, -0.155
-2.709, 0.087, -0.293
-2.668, 0.089, -0.427
RegionID:-1
Center:1.950,-1.173,0.734
Normal:-0.094,0.995,-0.036
NumPatches:13
1.509, -1.195, 1.244
1.172, -1.234, 1.062
1.181, -1.237, 0.953
1.244, -1.242, 0.661
1.495, -1.254, -0.303
1.671, -1.234, -0.222
2.116, -1.184, 0.002
3.264, -1.052, 0.629
3.266, -1.046, 0.804
3.236, -1.042, 0.975
3.137, -1.032, 1.501
3.042, -1.035, 1.660
2.307, -1.106, 1.637
RegionID:-1
Center:-2.660,-0.256,-0.279
Normal:-0.954,-0.117,-0.276
NumPatches:12
-2.609, -0.343, -0.420
-2.617, -0.275, -0.421
-2.621, -0.241, -0.421
-2.626, -0.206, -0.421
-2.634, -0.139, -0.420
-2.673, -0.137, -0.287
-2.712, -0.141, -0.149
-2.700, -0.246, -0.147
-2.687, -0.351, -0.147
-2.682, -0.386, -0.148
-2.643, -0.384, -0.286
-2.605, -0.376, -0.419
RegionID:-1
Center:-0.280,-1.396,0.656
Normal:-0.097,0.995,-0.007
NumPatches:12
-0.467, -1.413, 0.834
-0.444, -1.411, 0.733
-0.311, -1.402, 0.238
-0.238, -1.396, 0.097
-0.184, -1.391, 0.097
-0.099, -1.378, 0.687
-0.085, -1.375, 0.863
-0.158, -1.382, 0.879
-0.176, -1.384, 0.883
-0.251, -1.391, 0.897
-0.428, -1.408, 0.925
-0.485, -1.414, 0.935
RegionID:-1
Center:-1.854,0.244,0.923
Normal:0.298,0.013,-0.955
NumPatches:12
-1.594, 0.098, 1.002
-1.565, 0.488, 1.016
-1.685, 0.476, 0.979
-1.848, 0.452, 0.928
-2.325, 0.292, 0.777
-2.334, 0.205, 0.772
-2.337, 0.176, 0.771
-2.335, 0.117, 0.771
-2.329, 0.088, 0.772
-1.982, 0.062, 0.880
-1.725, 0.057, 0.961
-1.602, 0.058, 0.999
RegionID:-1
Center:-1.872,-0.681,0.924
Normal:0.299,-0.001,-0.954
NumPatches:12
-1.433, -1.175, 1.062
-1.326, -1.166, 1.095
-1.343, -1.122, 1.090
-1.467, -0.823, 1.051
-1.876, -0.091, 0.922
-2.330, -0.115, 0.780
-2.334, -0.144, 0.778
-2.335, -0.319, 0.778
-2.278, -0.858, 0.797
-2.221, -1.135, 0.815
-1.986, -1.181, 0.889
-1.779, -1.187, 0.954
