NumRegions:15
RegionID:-1
Center:1.011,0.801,0.229
Normal:-0.048,-0.999,-0.017
NumPatches:13
0.487, 0.840, -0.588
0.034, 0.852, 0.013
0.126, 0.838, 0.540
2.225, 0.719, 1.567
3.357, 0.661, 1.766
4.144, 0.625, 1.656
4.386, 0.616, 1.500
4.445, 0.617, 1.278
3.944, 0.647, 0.934
1.664, 0.778, -0.280
1.413, 0.792, -0.410
0.912, 0.819, -0.585
0.585, 0.837, -0.685
RegionID:-1
Center:1.766,-0.286,-0.550
Normal:0.312,-0.006,-0.950
NumPatches:15
1.635, -1.034, -0.589
2.066, -0.974, -0.448
2.305, -0.913, -0.370
2.593, -0.670, -0.277
2.949, 0.109, -0.164
2.153, 0.401, -0.428
1.944, 0.442, -0.497
1.633, 0.487, -0.599
1.394, 0.419, -0.677
1.108, 0.285, -0.770
1.050, -0.371, -0.785
1.075, -0.698, -0.775
1.234, -0.865, -0.722
1.341, -0.944, -0.686
1.485, -1.042, -0.638
RegionID:-1
Center:-2.518,0.491,-0.453
Normal:-0.955,0.023,-0.297
NumPatches:13
-2.546, 0.084, -0.396
-2.225, 0.591, -1.390
-2.218, 0.707, -1.403
-2.255, 0.778, -1.277
-2.444, 0.784, -0.669
-2.605, 0.761, -0.152
-2.658, 0.739, 0.016
-2.660, 0.706, 0.019
-2.661, 0.671, 0.020
-2.664, 0.567, 0.022
-2.668, 0.360, 0.020
-2.672, 0.192, 0.019
-2.673, 0.092, 0.015
RegionID:-1
Center:-2.030,0.932,-0.559
Normal:-0.062,-0.998,-0.013
NumPatches:9
-2.191, 0.943, -0.614
-2.257, 0.940, -0.128
-2.264, 0.939, 0.020
-2.261, 0.937, 0.169
-2.155, 0.928, 0.279
-2.074, 0.923, 0.271
-1.865, 0.921, -0.530
-1.776, 0.923, -1.103
-1.969, 0.937, -1.203
RegionID:-1
Center:-2.527,-0.646,-0.545
Normal:-0.953,0.061,-0.297
NumPatches:14
-2.376, -1.048, -1.114
-2.300, -0.914, -1.328
-2.300, -0.816, -1.310
-2.300, -0.783, -1.303
-2.300, -0.749, -1.297
-2.299, -0.681, -1.283
-2.542, -0.131, -0.392
-2.580, -0.131, -0.271
-2.619, -0.134, -0.145
-2.671, -0.142, 0.020
-2.681, -0.310, 0.020
-2.684, -0.344, 0.020
-2.689, -0.446, 0.018
-2.671, -1.015, -0.160
RegionID:-1
Center:-1.323,1.109,-0.283
Normal:-0.043,-0.999,-0.011
NumPatches:11
-1.295, 1.113, -0.722
-1.549, 1.119, -0.285
-1.548, 1.117, -0.187
-1.539, 1.113, 0.140
-1.533, 1.112, 0.232
-1.495, 1.110, 0.229
-1.371, 1.105, 0.220
-1.219, 1.102, -0.072
-1.180, 1.101, -0.151
-1.100, 1.104, -0.654
-1.228, 1.111, -0.798
RegionID:-1
Center:-1.906,-1.266,-0.458
Normal:-0.061,-0.998,-0.015
NumPatches:12
-2.109, -1.245, -1.049
-2.231, -1.241, -0.801
-2.423, -1.241, 0.015
-2.263, -1.253, 0.176
-2.093, -1.265, 0.288
-1.859, -1.281, 0.382
-1.813, -1.284, 0.376
-1.511, -1.288, -0.616
-1.494, -1.287, -0.722
-1.497, -1.285, -0.837
-1.611, -1.276, -1.003
-2.044, -1.247, -1.170
RegionID:-1
Center:-0.982,-1.560,-0.167
Normal:-0.064,-0.998,-0.022
NumPatches:11
-1.234, -1.541, -0.303
-1.364, -1.542, 0.147
-1.365, -1.547, 0.350
-1.034, -1.570, 0.418
-0.927, -1.576, 0.407
-0.806, -1.582, 0.307
-0.755, -1.581, 0.132
-0.635, -1.576, -0.430
-0.636, -1.574, -0.522
-0.750, -1.562, -0.736
-1.080, -1.539, -0.802
RegionID:-1
Center:0.553,-1.552,0.200
Normal:-0.054,-0.998,-0.013
NumPatches:13
0.565, -1.542, -0.595
0.542, -1.541, -0.590
0.389, -1.535, -0.403
0.115, -1.533, 0.588
0.076, -1.533, 0.766
0.270, -1.545, 0.874
0.659, -1.569, 1.067
0.842, -1.571, 0.487
1.079, -1.574, -0.294
1.071, -1.572, -0.388
1.008, -1.568, -0.478
0.850, -1.558, -0.551
0.588, -1.543, -0.599
RegionID:-1
Center:-0.116,-1.390,-0.179
Normal:-0.069,-0.997,-0.025
NumPatches:9
-0.257, -1.376, -0.348
-0.292, -1.375, -0.277
-0.312, -1.376, -0.203
-0.330, -1.376, -0.130
-0.097, -1.400, 0.184
-0.079, -1.401, 0.184
0.011, -1.404, 0.030
0.068, -1.400, -0.273
-0.129, -1.381, -0.502
RegionID:-1
Center:1.807,-1.531,0.727
Normal:-0.068,-0.998,-0.015
NumPatches:17
1.459, -1.493, -0.223
1.247, -1.487, 0.317
1.074, -1.482, 0.792
1.019, -1.484, 1.125
1.233, -1.500, 1.249
1.270, -1.503, 1.268
1.507, -1.521, 1.383
1.549, -1.524, 1.403
1.717, -1.537, 1.481
2.623, -1.600, 1.590
2.979, -1.624, 1.542
3.002, -1.617, 0.978
2.996, -1.613, 0.798
2.894, -1.603, 0.608
2.677, -1.585, 0.354
1.827, -1.519, -0.143
1.587, -1.501, -0.235
RegionID:-1
Center:-0.414,-1.387,0.636
Normal:-0.055,-0.998,-0.035
NumPatches:9
-0.522, -1.370, 0.314
-0.560, -1.373, 0.471
-0.610, -1.384, 0.844
-0.515, -1.392, 0.931
-0.496, -1.393, 0.930
-0.247, -1.405, 0.900
-0.222, -1.397, 0.611
-0.224, -1.394, 0.527
-0.355, -1.369, 0.012
RegionID:-1
Center:-1.882,-0.586,0.920
Normal:0.304,0.008,-0.953
NumPatches:13
-1.415, -0.964, 1.066
-1.466, -0.823, 1.051
-1.496, -0.745, 1.042
-1.753, -0.086, 0.965
-1.891, -0.092, 0.921
-2.144, -0.108, 0.841
-2.309, -0.554, 0.785
-2.315, -0.587, 0.782
-2.316, -0.619, 0.782
-2.313, -0.649, 0.782
-2.288, -0.767, 0.790
-2.250, -0.913, 0.800
-1.393, -1.027, 1.073
RegionID:-1
Center:-1.826,0.374,0.935
Normal:0.293,-0.001,-0.956
NumPatches:10
-1.601, 0.156, 1.004
-1.515, 0.687, 1.030
-1.645, 0.693, 0.990
-2.110, 0.676, 0.848
-2.133, 0.482, 0.841
-2.163, 0.183, 0.832
-2.162, 0.155, 0.832
-2.158, 0.074, 0.833
-1.996, 0.062, 0.883
-1.744, 0.056, 0.960
RegionID:-1
Center:-0.183,1.056,0.559
Normal:-0.007,1.000,-0.020
NumPatches:10
-0.286, 1.057, 0.618
-0.169, 1.055, 0.462
-0.112, 1.054, 0.398
-0.084, 1.054, 0.396
-0.071, 1.054, 0.396
-0.151, 1.058, 0.610
-0.198, 1.059, 0.684
-0.213, 1.059, 0.686
-0.227, 1.059, 0.687
-0.284, 1.058, 0.692
