NumRegions:10
RegionID:-1
Center:-1.804,1.055,-0.368
Normal:-0.610,0.767,-0.199
NumPatches:16
-2.361, 0.712, 0.016
-2.326, 0.701, -0.133
-2.297, 0.693, -0.250
-1.987, 0.678, -1.259
-1.943, 0.718, -1.242
-1.563, 1.071, -1.045
-1.471, 1.178, -0.914
-1.394, 1.269, -0.800
-1.320, 1.357, -0.689
-1.328, 1.377, -0.589
-1.340, 1.393, -0.491
-1.436, 1.417, -0.103
-1.476, 1.417, 0.023
-1.697, 1.331, 0.367
-1.923, 1.155, 0.379
-2.391, 0.727, 0.167
RegionID:-1
Center:1.312,-1.429,-0.693
Normal:0.309,-0.006,-0.951
NumPatches:17
1.646, -2.264, -0.579
2.016, -2.144, -0.460
2.054, -2.029, -0.449
2.074, -1.949, -0.443
1.948, -1.468, -0.486
1.836, -1.251, -0.524
1.666, -0.978, -0.581
1.538, -0.793, -0.623
1.457, -0.710, -0.650
1.332, -0.649, -0.691
1.207, -0.607, -0.732
0.802, -1.120, -0.860
0.740, -1.260, -0.879
0.756, -1.694, -0.872
0.767, -1.901, -0.867
1.021, -2.286, -0.782
1.095, -2.311, -0.758
RegionID:-1
Center:-1.446,-0.726,-0.294
Normal:-0.754,-0.614,-0.234
NumPatches:13
-1.458, -0.469, -0.929
-1.488, -0.435, -0.920
-1.523, -0.425, -0.834
-1.654, -0.418, -0.429
-1.803, -0.451, 0.139
-1.669, -0.649, 0.223
-1.487, -0.903, 0.303
-1.445, -0.953, 0.301
-1.400, -0.975, 0.212
-1.323, -0.999, 0.028
-1.205, -1.015, -0.309
-1.167, -1.003, -0.466
-1.132, -0.953, -0.708
RegionID:-1
Center:0.758,0.765,0.081
Normal:-0.737,-0.636,-0.229
NumPatches:15
1.199, 0.419, -0.380
1.038, 0.652, -0.507
0.708, 1.039, -0.521
0.336, 1.445, -0.450
0.214, 1.476, -0.143
0.040, 1.480, 0.404
-0.014, 1.432, 0.711
-0.007, 1.399, 0.782
0.053, 1.316, 0.818
1.056, 0.203, 0.680
1.085, 0.190, 0.624
1.156, 0.192, 0.389
1.290, 0.198, -0.057
1.331, 0.201, -0.196
1.336, 0.220, -0.266
RegionID:-1
Center:-0.658,-1.558,0.105
Normal:-0.818,-0.511,-0.263
NumPatches:14
-0.286, -1.808, -0.565
-0.560, -1.347, -0.609
-0.779, -1.066, -0.473
-0.855, -1.052, -0.265
-1.050, -1.052, 0.340
-1.161, -1.062, 0.704
-0.865, -1.597, 0.825
-0.827, -1.665, 0.837
-0.774, -1.756, 0.851
-0.456, -2.275, 0.870
-0.390, -2.318, 0.748
-0.230, -2.190, 0.002
-0.158, -2.131, -0.334
-0.146, -2.051, -0.529
RegionID:-1
Center:-2.105,0.265,-0.162
Normal:-0.696,-0.681,-0.226
NumPatches:13
-2.120, 0.452, -0.678
-2.207, 0.471, -0.469
-2.266, 0.457, -0.243
-2.330, 0.435, 0.017
-2.347, 0.405, 0.161
-2.168, 0.189, 0.262
-2.144, 0.164, 0.261
-2.089, 0.110, 0.256
-2.031, 0.056, 0.240
-1.992, 0.050, 0.137
-1.878, 0.045, -0.195
-1.853, 0.049, -0.285
-2.074, 0.439, -0.780
RegionID:-1
Center:1.651,-0.744,0.522
Normal:-0.739,-0.631,-0.236
NumPatches:17
1.870, -0.762, -0.116
1.620, -0.418, -0.258
1.508, -0.268, -0.309
1.387, -0.110, -0.349
1.370, -0.092, -0.344
1.337, -0.082, -0.270
1.305, -0.072, -0.194
1.276, -0.065, -0.123
1.225, -0.058, 0.020
1.127, -0.054, 0.313
1.057, -0.053, 0.533
1.027, -0.062, 0.652
1.033, -0.074, 0.662
2.134, -1.774, 1.768
2.520, -2.283, 1.918
3.628, -3.500, 1.703
3.673, -3.347, 1.154
RegionID:-1
Center:0.500,-2.929,0.272
Normal:-0.750,-0.618,-0.234
NumPatches:14
0.831, -3.091, -0.358
0.660, -2.842, -0.469
0.473, -2.630, -0.428
0.392, -2.539, -0.409
0.354, -2.497, -0.401
0.250, -2.466, -0.147
0.065, -2.450, 0.402
-0.025, -2.507, 0.840
0.003, -2.544, 0.850
0.410, -3.059, 0.902
0.962, -3.727, 0.903
1.155, -3.901, 0.742
1.131, -3.790, 0.527
0.994, -3.342, -0.218
RegionID:-1
Center:-1.671,0.554,0.984
Normal:0.303,-0.000,-0.953
NumPatches:11
-1.372, 1.090, 1.079
-1.476, 1.078, 1.046
-1.923, 0.687, 0.904
-1.930, 0.662, 0.901
-1.953, 0.561, 0.894
-1.962, 0.511, 0.891
-1.966, 0.486, 0.890
-1.960, 0.355, 0.892
-1.877, 0.155, 0.918
-1.739, 0.055, 0.962
-1.617, 0.054, 1.001
RegionID:-1
Center:1.915,-3.336,2.185
Normal:0.303,-0.000,-0.953
NumPatches:8
2.640, -3.176, 2.416
2.399, -2.806, 2.339
0.555, -2.645, 1.753
1.576, -3.672, 2.078
2.833, -4.659, 2.478
3.158, -4.776, 2.581
3.269, -4.811, 2.616
3.646, -4.842, 2.736
