NumRegions:12
RegionID:-1
Center:0.916,-1.588,-0.824
Normal:0.293,0.010,-0.956
NumPatches:12
1.018, -2.043, -0.798
1.078, -1.921, -0.778
1.114, -1.823, -0.766
1.109, -1.492, -0.764
1.108, -1.457, -0.764
1.004, -1.316, -0.794
0.847, -1.114, -0.840
0.747, -1.078, -0.870
0.722, -1.469, -0.882
0.727, -1.678, -0.883
0.794, -1.899, -0.865
0.872, -2.134, -0.843
RegionID:-1
Center:-1.378,-0.305,-0.122
Normal:-0.947,-0.133,-0.292
NumPatches:14
-1.175, -0.385, -0.742
-1.387, -0.066, -0.200
-1.429, -0.068, -0.063
-1.458, -0.069, 0.031
-1.531, -0.077, 0.272
-1.529, -0.096, 0.273
-1.524, -0.134, 0.274
-1.521, -0.153, 0.275
-1.484, -0.421, 0.276
-1.481, -0.440, 0.276
-1.450, -0.491, 0.197
-1.397, -0.497, 0.030
-1.261, -0.500, -0.410
-1.201, -0.480, -0.615
RegionID:-1
Center:-1.301,0.795,-0.129
Normal:-0.943,-0.136,-0.305
NumPatches:15
-1.090, 0.485, -0.642
-1.099, 0.662, -0.693
-1.135, 0.935, -0.703
-1.174, 1.223, -0.711
-1.236, 1.284, -0.546
-1.323, 1.282, -0.275
-1.418, 1.270, 0.023
-1.547, 1.240, 0.436
-1.520, 0.768, 0.560
-1.496, 0.494, 0.609
-1.462, 0.478, 0.511
-1.401, 0.456, 0.332
-1.170, 0.437, -0.374
-1.130, 0.447, -0.501
-1.110, 0.455, -0.567
RegionID:-1
Center:-1.093,-1.222,-0.109
Normal:-0.951,0.032,-0.308
NumPatches:17
-1.002, -2.048, -0.479
-0.968, -1.991, -0.578
-0.907, -1.831, -0.748
-0.884, -1.336, -0.768
-0.880, -1.100, -0.755
-0.891, -0.963, -0.709
-0.905, -0.795, -0.648
-0.933, -0.700, -0.551
-0.975, -0.680, -0.419
-1.242, -0.698, 0.405
-1.298, -0.707, 0.578
-1.306, -0.795, 0.594
-1.319, -0.954, 0.617
-1.342, -1.367, 0.644
-1.356, -1.921, 0.629
-1.315, -1.995, 0.496
-1.279, -2.031, 0.379
RegionID:-1
Center:0.216,1.706,0.300
Normal:-0.119,0.992,-0.041
NumPatches:14
0.154, 1.731, 1.093
0.132, 1.728, 1.089
0.065, 1.720, 1.076
-0.381, 1.662, 0.962
-0.658, 1.624, 0.869
0.125, 1.664, -0.425
0.590, 1.710, -0.662
0.723, 1.730, -0.580
0.834, 1.747, -0.496
0.846, 1.752, -0.399
0.839, 1.755, -0.300
0.670, 1.761, 0.316
0.334, 1.754, 1.120
0.313, 1.751, 1.119
RegionID:-1
Center:0.896,1.319,0.299
Normal:-0.950,-0.076,-0.303
NumPatches:10
1.134, 1.276, -0.437
1.097, 1.515, -0.382
1.065, 1.559, -0.294
0.698, 1.576, 0.855
0.636, 1.559, 1.052
0.728, 1.162, 0.866
0.815, 1.097, 0.607
0.910, 1.090, 0.311
0.931, 1.090, 0.246
1.137, 1.136, -0.414
RegionID:-1
Center:1.279,0.094,0.232
Normal:-0.947,-0.117,-0.301
NumPatches:12
1.502, -0.688, -0.167
1.492, -0.254, -0.303
1.473, 0.069, -0.370
1.468, 0.105, -0.369
1.369, 0.763, -0.315
1.309, 0.836, -0.153
1.253, 0.845, 0.018
1.134, 0.857, 0.389
0.997, 0.851, 0.822
1.178, -0.735, 0.872
1.229, -0.741, 0.713
1.482, -0.728, -0.088
RegionID:-1
Center:-0.793,-3.006,-0.277
Normal:-0.946,-0.106,-0.308
NumPatches:8
-0.570, -3.660, -0.737
-0.580, -3.207, -0.862
-0.602, -3.091, -0.834
-0.744, -2.364, -0.647
-1.033, -2.610, 0.324
-1.020, -2.757, 0.335
-0.936, -3.438, 0.310
-0.779, -4.220, 0.098
RegionID:-1
Center:-1.488,0.129,-0.002
Normal:-0.940,-0.138,-0.312
NumPatches:12
-1.390, 0.085, -0.278
-1.428, 0.199, -0.215
-1.451, 0.203, -0.148
-1.539, 0.196, 0.122
-1.590, 0.182, 0.283
-1.587, 0.161, 0.283
-1.584, 0.140, 0.283
-1.581, 0.120, 0.282
-1.577, 0.099, 0.280
-1.573, 0.078, 0.277
-1.485, 0.048, 0.025
-1.407, 0.049, -0.211
RegionID:-1
Center:-0.291,0.701,-0.013
Normal:-0.088,-0.955,-0.283
NumPatches:8
-0.297, 0.723, -0.083
-0.333, 0.715, -0.046
-0.362, 0.700, 0.012
-0.369, 0.687, 0.061
-0.304, 0.680, 0.065
-0.281, 0.678, 0.064
-0.228, 0.687, 0.015
-0.246, 0.729, -0.120
RegionID:-1
Center:1.221,-1.951,0.565
Normal:-0.945,-0.116,-0.305
NumPatches:17
1.578, -5.248, 0.718
1.550, -4.100, 0.365
1.493, -2.676, -0.002
1.457, -1.996, -0.150
1.434, -1.598, -0.230
1.401, -1.191, -0.285
1.382, -1.084, -0.267
1.347, -1.050, -0.171
1.285, -1.034, 0.014
1.129, -1.018, 0.494
1.026, -1.087, 0.838
0.997, -1.114, 0.939
0.969, -1.645, 1.231
0.954, -1.935, 1.386
0.986, -2.287, 1.422
1.124, -3.338, 1.397
1.510, -5.528, 1.035
RegionID:-1
Center:-0.182,-3.037,1.482
Normal:0.304,-0.009,-0.953
NumPatches:9
0.642, -6.201, 1.774
0.691, -4.443, 1.773
0.629, -3.000, 1.740
0.574, -2.620, 1.719
-0.991, -1.604, 1.210
-0.958, -1.912, 1.224
-0.886, -2.293, 1.250
-0.108, -5.326, 1.527
0.529, -7.598, 1.752
