NumRegions:12
RegionID:-1
Center:0.884,-1.383,-0.839
Normal:0.301,-0.003,-0.954
NumPatches:9
1.074, -1.543, -0.778
1.009, -1.360, -0.799
0.836, -1.130, -0.855
0.738, -1.061, -0.886
0.719, -1.260, -0.891
0.784, -1.426, -0.870
0.890, -1.599, -0.836
0.930, -1.619, -0.824
0.992, -1.625, -0.804
RegionID:-1
Center:-1.364,-0.244,-0.091
Normal:-0.952,-0.078,-0.295
NumPatches:13
-1.163, -0.349, -0.713
-1.346, -0.065, -0.195
-1.366, -0.065, -0.131
-1.388, -0.065, -0.061
-1.416, -0.068, 0.031
-1.487, -0.076, 0.263
-1.479, -0.188, 0.267
-1.478, -0.206, 0.267
-1.469, -0.320, 0.269
-1.467, -0.339, 0.268
-1.418, -0.366, 0.117
-1.362, -0.377, -0.060
-1.152, -0.393, -0.736
RegionID:-1
Center:-1.215,0.871,-0.093
Normal:-0.950,-0.067,-0.305
NumPatches:16
-1.021, 0.610, -0.639
-1.034, 0.970, -0.678
-1.081, 1.193, -0.581
-1.107, 1.268, -0.515
-1.135, 1.332, -0.443
-1.192, 1.364, -0.271
-1.324, 1.375, 0.138
-1.412, 1.315, 0.426
-1.419, 1.106, 0.492
-1.423, 0.882, 0.553
-1.419, 0.628, 0.598
-1.417, 0.607, 0.597
-1.415, 0.586, 0.594
-1.381, 0.565, 0.495
-1.256, 0.549, 0.109
-1.022, 0.529, -0.617
RegionID:-1
Center:-1.138,-1.116,-0.079
Normal:-0.949,0.093,-0.300
NumPatches:20
-1.059, -1.798, -0.540
-0.991, -1.753, -0.739
-0.962, -1.553, -0.770
-0.937, -1.344, -0.785
-0.921, -0.958, -0.717
-0.946, -0.601, -0.528
-0.965, -0.589, -0.463
-0.998, -0.573, -0.354
-1.288, -0.601, 0.557
-1.297, -0.647, 0.569
-1.301, -0.670, 0.575
-1.304, -0.692, 0.579
-1.328, -0.848, 0.605
-1.331, -0.870, 0.607
-1.333, -0.892, 0.609
-1.339, -0.936, 0.614
-1.396, -1.385, 0.656
-1.425, -1.830, 0.610
-1.396, -1.909, 0.493
-1.361, -1.937, 0.373
RegionID:-1
Center:-1.414,0.203,-0.065
Normal:-0.953,-0.072,-0.294
NumPatches:8
-1.252, 0.299, -0.612
-1.274, 0.306, -0.545
-1.380, 0.338, -0.209
-1.528, 0.310, 0.276
-1.520, 0.229, 0.273
-1.508, 0.092, 0.266
-1.431, 0.047, 0.029
-1.360, 0.043, -0.201
RegionID:-1
Center:0.302,1.696,0.300
Normal:-0.063,0.998,-0.023
NumPatches:20
0.328, 1.716, 1.102
0.306, 1.714, 1.100
0.150, 1.704, 1.076
0.107, 1.701, 1.069
0.085, 1.699, 1.064
-0.339, 1.670, 0.954
-0.624, 1.650, 0.879
0.146, 1.669, -0.429
0.558, 1.691, -0.651
0.582, 1.692, -0.654
0.629, 1.695, -0.660
0.651, 1.696, -0.662
0.928, 1.717, -0.501
0.932, 1.722, -0.302
0.934, 1.727, -0.108
0.770, 1.728, 0.411
0.698, 1.728, 0.601
0.574, 1.727, 0.898
0.526, 1.726, 1.005
0.460, 1.724, 1.114
RegionID:-1
Center:-0.927,-2.980,-0.309
Normal:-0.951,-0.044,-0.306
NumPatches:10
-0.742, -3.787, -0.770
-0.723, -3.307, -0.896
-0.738, -3.190, -0.866
-0.791, -2.781, -0.762
-0.825, -2.515, -0.695
-0.914, -2.498, -0.419
-0.957, -2.495, -0.287
-1.054, -2.499, 0.017
-1.150, -2.513, 0.316
-1.015, -3.903, 0.099
RegionID:-1
Center:1.007,1.284,0.336
Normal:-0.951,-0.021,-0.308
NumPatches:12
0.991, 1.056, 0.400
1.201, 1.085, -0.248
1.229, 1.110, -0.337
1.231, 1.171, -0.347
1.234, 1.265, -0.363
1.238, 1.431, -0.387
1.208, 1.511, -0.301
1.177, 1.546, -0.205
0.764, 1.531, 1.069
0.835, 1.111, 0.878
0.867, 1.078, 0.782
0.944, 1.052, 0.546
RegionID:-1
Center:1.317,0.023,0.247
Normal:-0.952,-0.057,-0.302
NumPatches:13
1.441, -0.820, 0.014
1.473, -0.793, -0.090
1.520, -0.700, -0.257
1.507, -0.218, -0.307
1.464, 0.509, -0.308
1.431, 0.731, -0.245
1.402, 0.779, -0.161
1.154, 0.801, 0.615
1.085, 0.777, 0.838
1.163, -0.805, 0.887
1.214, -0.842, 0.734
1.239, -0.855, 0.657
1.410, -0.828, 0.114
RegionID:-1
Center:1.144,-1.996,0.534
Normal:-0.951,-0.057,-0.304
NumPatches:14
1.358, -4.974, 0.424
1.381, -3.184, 0.016
1.382, -3.081, -0.006
1.372, -1.354, -0.301
1.360, -1.221, -0.286
1.356, -1.186, -0.281
1.348, -1.116, -0.269
1.312, -1.053, -0.169
0.971, -1.048, 0.897
0.865, -1.856, 1.379
0.878, -2.348, 1.431
1.059, -3.941, 1.165
1.199, -5.162, 0.957
1.290, -5.523, 0.740
RegionID:-1
Center:-0.258,0.715,-0.018
Normal:-0.092,-0.958,-0.272
NumPatches:9
-0.286, 0.737, -0.085
-0.310, 0.727, -0.043
-0.315, 0.711, 0.014
-0.283, 0.694, 0.064
-0.270, 0.693, 0.064
-0.216, 0.688, 0.062
-0.205, 0.700, 0.016
-0.210, 0.716, -0.038
-0.226, 0.730, -0.082
RegionID:-1
Center:-0.326,-2.990,1.436
Normal:0.304,-0.007,-0.953
NumPatches:9
0.523, -5.033, 1.723
0.505, -2.946, 1.701
0.474, -2.606, 1.688
-1.082, -1.492, 1.183
-1.116, -1.496, 1.172
-0.265, -6.359, 1.482
-0.031, -6.721, 1.559
0.228, -7.087, 1.645
0.320, -7.202, 1.675
