NumRegions:12
RegionID:-1
Center:-1.340,0.255,-0.136
Normal:-0.956,-0.030,-0.291
NumPatches:12
-1.298, 0.056, -0.253
-1.179, 0.276, -0.666
-1.182, 0.410, -0.673
-1.264, 0.423, -0.402
-1.305, 0.420, -0.270
-1.443, 0.402, 0.188
-1.468, 0.392, 0.269
-1.456, 0.089, 0.263
-1.456, 0.070, 0.262
-1.430, 0.049, 0.182
-1.336, 0.039, -0.126
-1.317, 0.039, -0.189
RegionID:-1
Center:-1.138,-0.982,-0.155
Normal:-0.945,0.147,-0.293
NumPatches:13
-1.210, -1.822, -0.345
-1.071, -1.715, -0.743
-1.033, -1.597, -0.803
-0.959, -1.220, -0.852
-0.937, -0.526, -0.574
-0.957, -0.470, -0.482
-1.009, -0.454, -0.307
-1.308, -0.502, 0.633
-1.318, -0.544, 0.644
-1.362, -0.899, 0.609
-1.364, -1.629, 0.248
-1.357, -1.795, 0.140
-1.319, -1.829, 0.002
RegionID:-1
Center:-1.151,0.948,-0.008
Normal:-0.952,-0.011,-0.307
NumPatches:14
-0.968, 0.691, -0.564
-0.968, 0.975, -0.573
-1.005, 1.139, -0.465
-1.026, 1.229, -0.405
-1.049, 1.291, -0.334
-1.164, 1.425, 0.017
-1.234, 1.486, 0.233
-1.292, 1.387, 0.415
-1.321, 1.295, 0.507
-1.349, 0.832, 0.611
-1.339, 0.694, 0.584
-1.336, 0.670, 0.577
-1.130, 0.642, -0.061
-0.990, 0.643, -0.493
RegionID:-1
Center:0.363,1.709,0.318
Normal:-0.010,1.000,-0.004
NumPatches:13
-0.064, 1.708, 1.074
-0.569, 1.702, 0.887
0.147, 1.704, -0.436
0.477, 1.707, -0.550
0.501, 1.707, -0.553
0.549, 1.708, -0.559
0.739, 1.710, -0.577
1.138, 1.714, -0.425
1.137, 1.715, -0.321
0.953, 1.715, 0.325
0.845, 1.715, 0.615
0.668, 1.715, 1.028
0.620, 1.715, 1.137
RegionID:-1
Center:-1.049,-2.882,-0.374
Normal:-0.951,0.014,-0.308
NumPatches:15
-0.994, -3.851, -0.589
-0.886, -3.276, -0.897
-0.857, -2.938, -0.971
-0.865, -2.831, -0.939
-0.890, -2.526, -0.848
-0.904, -2.361, -0.798
-0.910, -2.290, -0.777
-1.073, -2.354, -0.275
-1.115, -2.372, -0.147
-1.222, -2.443, 0.182
-1.225, -2.532, 0.187
-1.228, -2.619, 0.192
-1.237, -2.912, 0.206
-1.204, -3.540, 0.074
-1.135, -3.966, -0.157
RegionID:-1
Center:1.106,1.262,0.374
Normal:-0.952,0.040,-0.305
NumPatches:10
1.273, 1.068, -0.173
1.332, 1.094, -0.354
1.337, 1.513, -0.315
1.047, 1.506, 0.592
0.922, 1.494, 0.980
0.889, 1.484, 1.081
0.928, 1.099, 0.907
0.933, 1.075, 0.889
0.986, 1.040, 0.719
1.109, 1.014, 0.332
RegionID:-1
Center:1.349,-0.016,0.258
Normal:-0.954,0.001,-0.301
NumPatches:10
1.484, -0.840, -0.173
1.511, -0.695, -0.257
1.528, -0.220, -0.310
1.535, 0.576, -0.328
1.511, 0.724, -0.255
1.458, 0.743, -0.086
1.396, 0.757, 0.111
1.156, 0.769, 0.871
1.149, -0.834, 0.889
1.320, -0.855, 0.347
RegionID:-1
Center:1.064,-2.026,0.512
Normal:-0.953,0.000,-0.305
NumPatches:17
1.094, -4.969, 0.417
1.200, -3.739, 0.088
1.282, -2.447, -0.170
1.327, -1.477, -0.309
1.323, -1.318, -0.296
1.319, -1.244, -0.284
1.315, -1.173, -0.271
1.284, -1.139, -0.174
1.167, -1.060, 0.190
0.963, -1.121, 0.829
0.931, -1.149, 0.929
0.838, -1.697, 1.221
0.793, -1.962, 1.361
0.782, -2.306, 1.394
0.789, -2.599, 1.373
0.928, -5.088, 0.937
0.995, -5.492, 0.727
RegionID:-1
Center:-1.379,-0.157,0.027
Normal:-0.953,-0.006,-0.303
NumPatches:12
-1.308, -0.237, -0.197
-1.308, -0.220, -0.197
-1.310, -0.068, -0.193
-1.350, -0.066, -0.067
-1.379, -0.065, 0.025
-1.408, -0.068, 0.115
-1.454, -0.075, 0.259
-1.454, -0.093, 0.259
-1.454, -0.206, 0.263
-1.454, -0.244, 0.263
-1.406, -0.257, 0.114
-1.328, -0.259, -0.134
RegionID:-1
Center:-0.260,0.734,-0.010
Normal:-0.122,-0.952,-0.281
NumPatches:8
-0.271, 0.758, -0.087
-0.306, 0.750, -0.045
-0.337, 0.738, 0.011
-0.293, 0.716, 0.064
-0.281, 0.715, 0.064
-0.191, 0.719, 0.012
-0.205, 0.736, -0.040
-0.259, 0.757, -0.087
RegionID:-1
Center:-1.428,-1.435,0.503
Normal:-0.929,0.026,-0.368
NumPatches:8
-1.386, -1.808, 0.371
-1.382, -1.760, 0.365
-1.391, -1.375, 0.415
-1.404, -1.089, 0.467
-1.462, -1.176, 0.608
-1.466, -1.210, 0.617
-1.482, -1.347, 0.646
-1.435, -1.827, 0.493
RegionID:-1
Center:-0.456,-2.924,1.389
Normal:0.302,-0.006,-0.953
NumPatches:10
0.314, -5.791, 1.652
0.364, -2.545, 1.646
-1.083, -1.497, 1.181
-1.178, -1.430, 1.150
-1.051, -2.478, 1.198
-0.759, -4.498, 1.304
-0.537, -5.872, 1.383
-0.335, -6.222, 1.450
-0.187, -6.464, 1.498
-0.111, -6.554, 1.523
