NumRegions:11
RegionID:-1
Center:0.841,-1.319,-0.855
Normal:0.317,0.027,-0.948
NumPatches:9
0.931, -1.485, -0.830
0.949, -1.433, -0.823
0.958, -1.260, -0.814
0.864, -1.104, -0.842
0.757, -1.022, -0.875
0.752, -1.046, -0.877
0.726, -1.271, -0.892
0.753, -1.458, -0.889
0.865, -1.589, -0.855
RegionID:-1
Center:-1.287,0.318,-0.157
Normal:-0.952,0.023,-0.306
NumPatches:10
-1.137, 0.253, -0.627
-1.111, 0.337, -0.702
-1.118, 0.522, -0.665
-1.225, 0.539, -0.330
-1.341, 0.527, 0.029
-1.417, 0.512, 0.265
-1.418, 0.492, 0.265
-1.422, 0.267, 0.261
-1.426, 0.067, 0.257
-1.286, 0.038, -0.181
RegionID:-1
Center:-1.177,-0.871,-0.097
Normal:-0.934,0.197,-0.298
NumPatches:10
-1.099, -1.601, -0.822
-1.047, -1.345, -0.818
-0.997, -1.069, -0.792
-0.923, -0.340, -0.542
-0.933, -0.341, -0.511
-1.219, -0.366, 0.367
-1.300, -0.376, 0.617
-1.327, -0.484, 0.630
-1.504, -1.294, 0.646
-1.538, -1.712, 0.478
RegionID:-1
Center:-1.090,1.015,0.069
Normal:-0.950,0.038,-0.310
NumPatches:14
-0.937, 0.766, -0.430
-0.913, 0.774, -0.501
-0.908, 0.830, -0.509
-0.908, 1.013, -0.488
-1.024, 1.360, -0.088
-1.121, 1.488, 0.223
-1.218, 1.486, 0.521
-1.269, 1.011, 0.618
-1.269, 0.964, 0.612
-1.269, 0.941, 0.608
-1.265, 0.818, 0.583
-1.262, 0.792, 0.570
-1.235, 0.776, 0.486
-1.135, 0.732, 0.173
RegionID:-1
Center:0.417,1.738,0.327
Normal:-0.044,-0.999,-0.015
NumPatches:11
0.465, 1.749, -0.563
0.152, 1.761, -0.453
0.104, 1.762, -0.359
-0.524, 1.771, 0.917
0.064, 1.742, 1.090
0.745, 1.711, 1.169
1.050, 1.710, 0.329
1.153, 1.710, 0.011
1.161, 1.714, -0.322
1.135, 1.717, -0.424
0.653, 1.741, -0.577
RegionID:-1
Center:-1.156,-2.766,-0.410
Normal:-0.949,0.065,-0.308
NumPatches:16
-1.248, -3.830, -0.350
-1.167, -3.747, -0.580
-1.042, -3.472, -0.909
-0.979, -3.185, -1.043
-0.978, -3.068, -1.022
-0.981, -2.948, -0.987
-0.994, -2.527, -0.860
-1.004, -2.216, -0.764
-1.259, -2.246, 0.018
-1.312, -2.266, 0.177
-1.320, -2.351, 0.182
-1.327, -2.437, 0.187
-1.343, -2.623, 0.197
-1.350, -2.710, 0.200
-1.341, -3.284, 0.053
-1.313, -3.855, -0.154
RegionID:-1
Center:1.371,-0.066,0.272
Normal:-0.952,0.054,-0.302
NumPatches:11
1.442, -0.843, -0.088
1.498, -0.800, -0.258
1.542, -0.381, -0.322
1.554, -0.144, -0.317
1.555, -0.125, -0.316
1.588, 0.736, -0.267
1.221, 0.746, 0.888
1.219, 0.730, 0.892
1.136, -0.824, 0.879
1.159, -0.842, 0.802
1.301, -0.890, 0.348
RegionID:-1
Center:0.993,-2.042,0.487
Normal:-0.951,0.050,-0.305
NumPatches:16
0.835, -5.326, 0.440
0.996, -4.370, 0.095
1.275, -1.654, -0.329
1.309, -1.190, -0.359
1.309, -1.160, -0.354
1.225, -1.145, -0.088
1.192, -1.139, 0.015
1.135, -1.135, 0.194
1.037, -1.131, 0.500
0.932, -1.141, 0.826
0.894, -1.192, 0.936
0.775, -1.727, 1.221
0.716, -1.990, 1.359
0.686, -2.591, 1.356
0.710, -4.908, 0.900
0.729, -5.564, 0.732
RegionID:-1
Center:1.199,1.242,0.399
Normal:-0.949,0.081,-0.305
NumPatches:12
1.363, 1.004, -0.175
1.396, 1.035, -0.270
1.423, 1.256, -0.295
1.418, 1.485, -0.217
1.386, 1.493, -0.117
1.090, 1.478, 0.800
1.058, 1.467, 0.896
1.026, 1.449, 0.992
0.998, 1.408, 1.068
0.997, 1.376, 1.063
1.013, 1.089, 0.937
1.043, 1.041, 0.831
RegionID:-1
Center:-1.353,-0.102,0.000
Normal:-0.947,0.054,-0.318
NumPatches:11
-1.290, -0.136, -0.192
-1.290, -0.119, -0.191
-1.289, -0.102, -0.191
-1.288, -0.086, -0.190
-1.287, -0.069, -0.189
-1.328, -0.067, -0.067
-1.362, -0.067, 0.032
-1.437, -0.076, 0.256
-1.438, -0.094, 0.257
-1.440, -0.113, 0.257
-1.365, -0.150, 0.029
RegionID:-1
Center:-0.578,-2.865,1.348
Normal:0.307,-0.006,-0.952
NumPatches:9
0.026, -4.563, 1.553
0.275, -2.843, 1.623
0.275, -2.542, 1.621
-1.239, -1.330, 1.126
-1.161, -2.330, 1.157
-1.013, -4.116, 1.216
-0.887, -5.350, 1.264
-0.598, -7.684, 1.371
-0.513, -7.808, 1.399
