NumRegions:11
RegionID:-1
Center:-1.216,0.465,-0.154
Normal:-0.949,0.107,-0.297
NumPatches:17
-1.314, 0.106, 0.029
-1.270, 0.101, -0.114
-1.251, 0.099, -0.174
-1.075, 0.250, -0.684
-1.058, 0.394, -0.684
-1.032, 0.682, -0.665
-1.036, 0.780, -0.615
-1.053, 0.814, -0.550
-1.111, 0.859, -0.347
-1.132, 0.871, -0.278
-1.282, 0.840, 0.191
-1.311, 0.795, 0.270
-1.341, 0.744, 0.346
-1.343, 0.725, 0.346
-1.345, 0.705, 0.346
-1.402, 0.152, 0.327
-1.403, 0.134, 0.326
RegionID:-1
Center:-1.206,-0.644,-0.074
Normal:-0.920,0.259,-0.294
NumPatches:15
-1.361, -1.336, -0.202
-1.306, -1.352, -0.386
-1.188, -1.357, -0.761
-1.152, -1.326, -0.846
-1.098, -1.160, -0.867
-0.957, -0.301, -0.553
-1.030, -0.056, -0.107
-1.099, -0.059, 0.105
-1.156, -0.062, 0.282
-1.225, -0.069, 0.493
-1.282, -0.075, 0.665
-1.309, -0.157, 0.677
-1.367, -0.428, 0.619
-1.396, -0.590, 0.568
-1.483, -1.291, 0.222
RegionID:-1
Center:-1.293,-2.377,-0.362
Normal:-0.945,0.127,-0.302
NumPatches:14
-1.237, -3.236, -0.898
-1.167, -3.011, -1.023
-1.145, -2.448, -0.856
-1.136, -2.214, -0.786
-1.130, -2.071, -0.743
-1.122, -1.841, -0.673
-1.192, -1.834, -0.450
-1.431, -1.880, 0.276
-1.442, -1.948, 0.283
-1.454, -2.016, 0.290
-1.475, -2.418, 0.190
-1.483, -2.904, 0.010
-1.488, -3.396, -0.181
-1.381, -3.488, -0.554
RegionID:-1
Center:0.514,1.920,0.332
Normal:-0.108,-0.993,-0.039
NumPatches:13
0.622, 1.942, -0.530
0.196, 1.987, -0.517
-0.305, 1.987, 0.870
-0.199, 1.970, 1.016
0.113, 1.932, 1.116
0.676, 1.865, 1.282
0.702, 1.862, 1.286
0.883, 1.841, 1.317
1.141, 1.846, 0.467
1.220, 1.850, 0.145
1.228, 1.869, -0.350
1.027, 1.895, -0.447
0.672, 1.936, -0.530
RegionID:-1
Center:0.926,-1.875,0.412
Normal:-0.947,0.114,-0.301
NumPatches:16
0.611, -5.296, 0.108
0.936, -3.466, -0.222
1.161, -1.965, -0.361
1.288, -1.061, -0.420
1.296, -0.968, -0.409
1.243, -0.954, -0.238
1.164, -0.934, 0.018
1.024, -0.941, 0.456
0.927, -0.967, 0.752
0.895, -0.991, 0.841
0.643, -1.899, 1.290
0.591, -2.241, 1.325
0.533, -3.013, 1.217
0.482, -4.105, 0.963
0.432, -5.245, 0.690
0.503, -5.325, 0.437
RegionID:-1
Center:1.408,-0.009,0.274
Normal:-0.947,0.126,-0.296
NumPatches:15
1.245, -0.764, 0.475
1.426, -0.723, -0.086
1.457, -0.667, -0.162
1.544, -0.403, -0.326
1.549, -0.363, -0.326
1.562, -0.265, -0.325
1.564, -0.245, -0.324
1.574, -0.167, -0.321
1.659, 0.599, -0.268
1.669, 0.849, -0.194
1.438, 0.830, 0.536
1.359, 0.823, 0.786
1.303, 0.809, 0.958
1.139, -0.702, 0.840
1.161, -0.716, 0.764
RegionID:-1
Center:-1.023,1.231,0.287
Normal:-0.945,0.106,-0.311
NumPatches:10
-1.056, 1.068, 0.332
-0.950, 1.078, 0.014
-0.877, 1.086, -0.206
-0.904, 1.197, -0.085
-0.978, 1.370, 0.197
-1.060, 1.553, 0.511
-1.098, 1.442, 0.586
-1.141, 1.197, 0.634
-1.142, 1.139, 0.618
-1.085, 1.068, 0.419
RegionID:-1
Center:1.317,1.376,0.494
Normal:-0.943,0.154,-0.296
NumPatches:10
1.207, 1.171, 0.738
1.374, 1.173, 0.207
1.513, 1.232, -0.206
1.521, 1.273, -0.210
1.547, 1.401, -0.225
1.562, 1.482, -0.231
1.545, 1.577, -0.128
1.115, 1.586, 1.247
1.115, 1.534, 1.221
1.120, 1.216, 1.038
RegionID:-1
Center:-0.731,-2.769,1.296
Normal:0.302,-0.005,-0.953
NumPatches:9
-0.226, -5.133, 1.469
0.132, -2.760, 1.569
0.144, -2.473, 1.572
-1.294, -1.264, 1.110
-1.283, -2.158, 1.118
-1.222, -4.782, 1.152
-1.028, -6.722, 1.224
-0.965, -6.895, 1.244
-0.746, -7.207, 1.316
RegionID:-1
Center:-1.510,-1.010,0.522
Normal:-0.959,0.106,-0.264
NumPatches:9
-1.504, -1.230, 0.414
-1.469, -0.816, 0.452
-1.478, -0.704, 0.529
-1.500, -0.682, 0.618
-1.504, -0.707, 0.625
-1.513, -0.757, 0.635
-1.545, -1.105, 0.612
-1.540, -1.286, 0.521
-1.534, -1.419, 0.445
RegionID:-1
Center:-1.453,0.476,0.582
Normal:0.888,-0.061,-0.456
NumPatches:7
-1.411, 0.833, 0.617
-1.425, 0.729, 0.603
-1.431, 0.689, 0.598
-1.457, 0.487, 0.574
-1.482, 0.192, 0.564
-1.485, 0.155, 0.564
-1.486, 0.137, 0.563
