NumRegions:12
RegionID:-1
Center:-1.210,0.506,-0.161
Normal:-0.948,0.115,-0.296
NumPatches:13
-1.358, 0.163, 0.181
-1.266, 0.163, -0.114
-1.227, 0.172, -0.236
-1.186, 0.199, -0.357
-1.101, 0.259, -0.607
-1.079, 0.279, -0.669
-1.072, 0.322, -0.675
-1.031, 0.681, -0.666
-1.022, 0.850, -0.630
-1.065, 0.863, -0.487
-1.129, 0.872, -0.277
-1.325, 0.893, 0.359
-1.403, 0.169, 0.326
RegionID:-1
Center:0.917,1.213,-0.834
Normal:0.238,-0.023,-0.971
NumPatches:10
1.078, 1.276, -0.796
1.073, 1.307, -0.798
1.061, 1.327, -0.802
1.001, 1.391, -0.818
0.848, 1.357, -0.855
0.758, 1.212, -0.874
0.762, 1.190, -0.872
0.867, 1.080, -0.844
0.916, 1.029, -0.830
0.935, 1.021, -0.825
RegionID:-1
Center:-1.221,-0.644,-0.074
Normal:-0.921,0.263,-0.287
NumPatches:15
-1.387, -1.377, -0.211
-1.229, -1.307, -0.654
-1.165, -1.273, -0.831
-1.104, -1.059, -0.829
-0.984, -0.335, -0.551
-0.974, -0.260, -0.516
-1.041, -0.051, -0.111
-1.055, -0.048, -0.062
-1.125, -0.055, 0.155
-1.164, -0.059, 0.277
-1.232, -0.065, 0.488
-1.290, -0.074, 0.666
-1.294, -0.090, 0.666
-1.415, -0.525, 0.655
-1.489, -1.261, 0.219
RegionID:-1
Center:-1.305,-2.308,-0.339
Normal:-0.945,0.130,-0.300
NumPatches:10
-1.176, -2.818, -0.967
-1.154, -2.317, -0.819
-1.130, -1.749, -0.649
-1.234, -1.769, -0.330
-1.438, -1.851, 0.277
-1.449, -1.919, 0.284
-1.460, -1.986, 0.291
-1.471, -2.050, 0.296
-1.493, -2.451, 0.192
-1.521, -3.461, -0.157
RegionID:-1
Center:0.517,1.974,0.318
Normal:-0.115,-0.992,-0.042
NumPatches:14
0.690, 1.990, -0.545
0.177, 2.049, -0.530
-0.261, 2.045, 0.774
-0.236, 2.036, 0.919
-0.102, 2.015, 1.035
0.214, 1.974, 1.145
0.895, 1.893, 1.198
0.986, 1.892, 0.960
1.107, 1.894, 0.586
1.249, 1.896, 0.148
1.352, 1.901, -0.249
1.200, 1.923, -0.357
1.023, 1.948, -0.456
0.742, 1.984, -0.546
RegionID:-1
Center:1.405,0.001,0.281
Normal:-0.946,0.131,-0.296
NumPatches:12
1.269, -0.716, 0.398
1.451, -0.664, -0.160
1.534, -0.442, -0.328
1.537, -0.422, -0.328
1.572, -0.166, -0.327
1.576, -0.127, -0.323
1.645, 0.506, -0.264
1.648, 0.889, -0.101
1.366, 0.921, 0.814
1.337, 0.901, 0.897
1.306, 0.859, 0.977
1.137, -0.685, 0.835
RegionID:-1
Center:0.924,-1.830,0.408
Normal:-0.947,0.117,-0.299
NumPatches:17
0.663, -4.730, 0.101
0.909, -3.533, -0.210
0.925, -3.424, -0.218
1.165, -1.775, -0.337
1.242, -1.194, -0.353
1.255, -1.037, -0.331
1.262, -0.939, -0.316
1.237, -0.924, -0.233
1.163, -0.889, 0.017
1.004, -0.902, 0.516
0.934, -0.912, 0.735
0.906, -0.926, 0.815
0.640, -1.890, 1.284
0.589, -2.223, 1.315
0.510, -3.579, 1.035
0.422, -5.199, 0.682
0.495, -5.249, 0.431
RegionID:-1
Center:1.321,1.420,0.520
Normal:-0.941,0.164,-0.295
NumPatches:10
1.387, 1.247, 0.212
1.417, 1.251, 0.120
1.494, 1.279, -0.112
1.533, 1.315, -0.215
1.551, 1.401, -0.224
1.555, 1.594, -0.132
1.232, 1.624, 0.918
1.160, 1.624, 1.146
1.121, 1.555, 1.234
1.124, 1.277, 1.067
RegionID:-1
Center:-1.031,1.265,0.344
Normal:-0.944,0.118,-0.308
NumPatches:8
-1.075, 1.142, 0.432
-0.967, 1.142, 0.100
-0.906, 1.166, -0.077
-0.928, 1.228, 0.012
-1.052, 1.494, 0.494
-1.088, 1.435, 0.584
-1.133, 1.179, 0.622
-1.104, 1.143, 0.520
RegionID:-1
Center:-0.735,-2.718,1.291
Normal:0.300,-0.004,-0.954
NumPatches:8
-0.225, -5.112, 1.462
0.145, -2.471, 1.568
-1.280, -1.280, 1.114
-1.283, -2.158, 1.117
-1.214, -4.745, 1.149
-1.025, -6.722, 1.216
-0.888, -6.934, 1.260
-0.815, -7.040, 1.283
RegionID:-1
Center:-1.521,-1.032,0.524
Normal:-0.946,0.120,-0.300
NumPatches:9
-1.498, -1.162, 0.401
-1.472, -0.820, 0.455
-1.483, -0.729, 0.527
-1.519, -0.740, 0.637
-1.524, -0.765, 0.642
-1.529, -0.790, 0.647
-1.567, -1.149, 0.624
-1.572, -1.358, 0.555
-1.541, -1.393, 0.443
RegionID:-1
Center:-1.435,0.610,0.592
Normal:-0.993,0.120,-0.014
NumPatches:9
-1.468, 0.338, 0.569
-1.463, 0.375, 0.570
-1.454, 0.450, 0.575
-1.445, 0.526, 0.580
-1.433, 0.624, 0.588
-1.424, 0.704, 0.597
-1.421, 0.725, 0.600
-1.398, 0.918, 0.628
-1.470, 0.320, 0.568
