NumRegions:14
RegionID:-1
Center:-1.204,0.545,-0.177
Normal:-0.949,0.119,-0.294
NumPatches:11
-1.354, 0.231, 0.182
-1.207, 0.218, -0.298
-1.105, 0.231, -0.623
-1.080, 0.296, -0.678
-1.064, 0.407, -0.686
-1.048, 0.615, -0.653
-1.033, 0.927, -0.575
-1.217, 0.936, 0.025
-1.300, 0.903, 0.279
-1.333, 0.829, 0.355
-1.398, 0.239, 0.326
RegionID:-1
Center:1.061,1.180,-0.799
Normal:0.284,0.014,-0.959
NumPatches:7
1.192, 1.100, -0.762
1.193, 1.127, -0.761
1.168, 1.387, -0.765
1.019, 1.355, -0.809
0.920, 1.257, -0.840
0.902, 1.030, -0.849
1.078, 0.987, -0.797
RegionID:-1
Center:-1.268,-0.852,-0.222
Normal:-0.944,0.138,-0.300
NumPatches:12
-1.438, -1.228, 0.139
-1.311, -1.246, -0.268
-1.198, -1.258, -0.629
-1.169, -1.257, -0.720
-1.138, -1.229, -0.804
-1.087, -0.559, -0.659
-1.086, -0.530, -0.648
-1.084, -0.425, -0.606
-1.401, -0.541, 0.339
-1.406, -0.565, 0.344
-1.443, -0.920, 0.296
-1.466, -1.220, 0.232
RegionID:-1
Center:-1.092,-0.365,-0.187
Normal:-0.947,0.139,-0.291
NumPatches:12
-1.134, -0.469, -0.102
-1.072, -0.460, -0.298
-1.025, -0.437, -0.439
-1.015, -0.428, -0.469
-0.995, -0.409, -0.524
-0.978, -0.361, -0.556
-0.977, -0.277, -0.521
-1.058, -0.222, -0.230
-1.077, -0.237, -0.176
-1.152, -0.306, 0.034
-1.249, -0.403, 0.304
-1.259, -0.460, 0.311
RegionID:-1
Center:-1.312,-2.248,-0.331
Normal:-0.944,0.133,-0.302
NumPatches:14
-1.381, -3.283, -0.571
-1.318, -3.207, -0.734
-1.190, -2.844, -0.976
-1.167, -2.345, -0.828
-1.154, -2.060, -0.743
-1.139, -1.722, -0.643
-1.168, -1.657, -0.521
-1.433, -1.750, 0.267
-1.444, -1.812, 0.274
-1.466, -1.941, 0.287
-1.478, -2.010, 0.294
-1.498, -2.389, 0.189
-1.524, -2.984, 0.007
-1.496, -3.311, -0.222
RegionID:-1
Center:0.508,2.034,0.324
Normal:-0.119,-0.992,-0.042
NumPatches:12
0.208, 2.106, -0.546
0.131, 2.111, -0.438
-0.320, 2.111, 0.833
-0.189, 2.091, 0.941
0.322, 2.020, 1.179
0.347, 2.017, 1.182
0.897, 1.949, 1.233
0.984, 1.949, 0.980
1.110, 1.950, 0.599
1.253, 1.952, 0.151
1.198, 1.980, -0.364
0.601, 2.059, -0.555
RegionID:-1
Center:0.927,-1.763,0.381
Normal:-0.946,0.121,-0.302
NumPatches:14
0.895, -3.488, -0.208
1.136, -1.979, -0.360
1.271, -1.079, -0.424
1.276, -1.032, -0.418
1.277, -1.007, -0.414
1.291, -0.822, -0.382
1.114, -0.828, 0.171
0.984, -0.844, 0.571
0.910, -0.869, 0.793
0.570, -2.071, 1.377
0.500, -3.018, 1.217
0.382, -4.803, 0.871
0.414, -5.068, 0.667
0.552, -5.375, 0.110
RegionID:-1
Center:1.405,0.037,0.277
Normal:-0.946,0.133,-0.295
NumPatches:11
1.317, -0.646, 0.251
1.504, -0.599, -0.328
1.510, -0.560, -0.329
1.572, -0.107, -0.322
1.581, -0.030, -0.319
1.625, 0.604, -0.173
1.640, 0.865, -0.103
1.614, 0.928, 0.011
1.365, 0.971, 0.827
1.305, 0.930, 1.000
1.141, -0.631, 0.821
RegionID:-1
Center:1.326,1.479,0.526
Normal:-0.940,0.166,-0.297
NumPatches:10
1.155, 1.339, 0.990
1.389, 1.279, 0.215
1.541, 1.359, -0.220
1.550, 1.404, -0.225
1.565, 1.480, -0.230
1.562, 1.636, -0.133
1.231, 1.664, 0.932
1.118, 1.641, 1.277
1.117, 1.541, 1.226
1.123, 1.364, 1.106
RegionID:-1
Center:-1.252,-0.209,0.387
Normal:-0.936,0.144,-0.320
NumPatches:11
-1.274, -0.393, 0.367
-1.243, -0.374, 0.284
-1.183, -0.291, 0.148
-1.056, -0.069, -0.123
-1.054, -0.056, -0.122
-1.070, -0.054, -0.075
-1.187, -0.057, 0.265
-1.263, -0.061, 0.486
-1.294, -0.067, 0.575
-1.309, -0.135, 0.586
-1.365, -0.411, 0.626
RegionID:-1
Center:-1.051,1.296,0.411
Normal:-0.939,0.100,-0.329
NumPatches:8
-0.980, 1.190, 0.177
-0.978, 1.232, 0.184
-0.999, 1.331, 0.275
-1.061, 1.435, 0.483
-1.100, 1.379, 0.575
-1.102, 1.314, 0.563
-1.104, 1.243, 0.545
-1.070, 1.224, 0.445
RegionID:-1
Center:-0.751,-2.703,1.282
Normal:0.304,-0.003,-0.953
NumPatches:9
-0.225, -5.070, 1.456
0.145, -2.469, 1.567
-1.298, -1.235, 1.104
-1.303, -1.757, 1.104
-1.255, -3.693, 1.124
-1.211, -4.739, 1.141
-1.019, -6.685, 1.208
-0.882, -6.891, 1.252
-0.809, -6.977, 1.275
RegionID:-1
Center:-1.517,-0.942,0.512
Normal:-0.965,0.117,-0.234
NumPatches:9
-1.526, -1.215, 0.415
-1.521, -1.180, 0.410
-1.516, -1.148, 0.405
-1.470, -0.703, 0.440
-1.485, -0.647, 0.529
-1.524, -0.648, 0.690
-1.561, -1.096, 0.618
-1.558, -1.246, 0.531
-1.546, -1.331, 0.437
RegionID:-1
Center:-1.444,0.563,0.589
Normal:-0.933,0.144,-0.329
NumPatches:9
-1.476, 0.302, 0.567
-1.473, 0.320, 0.566
-1.470, 0.339, 0.566
-1.458, 0.432, 0.573
-1.443, 0.550, 0.583
-1.439, 0.586, 0.586
-1.406, 0.875, 0.621
-1.404, 0.897, 0.624
-1.486, 0.248, 0.572
