NumRegions:12
RegionID:-1
Center:-1.244,0.363,-0.151
Normal:-0.941,0.159,-0.299
NumPatches:12
-1.290, 0.038, -0.180
-1.270, 0.037, -0.243
-1.114, 0.251, -0.620
-1.086, 0.300, -0.681
-1.078, 0.342, -0.684
-1.052, 0.572, -0.643
-1.065, 0.612, -0.582
-1.106, 0.618, -0.449
-1.168, 0.618, -0.255
-1.310, 0.607, 0.185
-1.360, 0.588, 0.334
-1.450, 0.050, 0.330
RegionID:-1
Center:0.992,1.473,-0.798
Normal:-0.114,-0.210,-0.971
NumPatches:9
0.956, 2.050, -0.918
0.844, 1.997, -0.894
0.803, 1.968, -0.883
-0.045, -0.082, -0.339
1.225, 1.238, -0.774
1.340, 1.393, -0.821
1.318, 1.478, -0.837
1.152, 1.779, -0.883
1.024, 1.991, -0.914
RegionID:-1
Center:-1.374,-0.906,-0.167
Normal:-0.935,0.189,-0.300
NumPatches:13
-1.420, -2.150, -0.807
-1.272, -1.399, -0.798
-1.147, -0.646, -0.712
-1.098, -0.335, -0.669
-1.153, -0.286, -0.466
-1.311, -0.289, 0.024
-1.408, -0.294, 0.322
-1.499, -0.321, 0.588
-1.512, -0.366, 0.601
-1.518, -0.389, 0.607
-1.565, -0.684, 0.565
-1.729, -2.120, 0.174
-1.732, -2.409, 0.003
RegionID:-1
Center:-0.941,0.874,-0.417
Normal:-0.945,0.170,-0.281
NumPatches:9
-0.933, 0.781, -0.502
-0.928, 0.799, -0.506
-0.920, 0.832, -0.514
-0.911, 0.869, -0.522
-0.905, 0.891, -0.526
-0.904, 0.987, -0.472
-0.918, 1.024, -0.405
-1.008, 0.803, -0.236
-1.011, 0.786, -0.234
RegionID:-1
Center:0.921,-0.867,0.233
Normal:-0.938,0.173,-0.301
NumPatches:16
0.256, -4.707, 0.102
0.469, -3.992, -0.151
0.732, -2.860, -0.320
0.953, -1.841, -0.427
1.033, -1.462, -0.457
1.282, -0.127, -0.467
1.308, 0.137, -0.397
1.310, 0.266, -0.328
1.090, 0.289, 0.372
1.015, 0.269, 0.593
0.994, 0.252, 0.649
0.398, -1.925, 1.257
0.326, -2.385, 1.216
0.129, -3.961, 0.926
0.095, -4.366, 0.798
0.103, -4.643, 0.615
RegionID:-1
Center:-1.019,1.188,-0.052
Normal:-0.927,-0.363,-0.098
NumPatches:9
-0.946, 1.066, -0.285
-0.953, 1.084, -0.290
-1.197, 1.588, 0.143
-1.220, 1.619, 0.245
-1.208, 1.589, 0.244
-1.057, 1.215, 0.206
-0.976, 1.058, 0.028
-0.934, 1.011, -0.200
-0.930, 1.021, -0.274
RegionID:-1
Center:0.631,3.166,0.345
Normal:-0.170,-0.984,-0.050
NumPatches:13
-0.136, 3.276, 0.776
0.263, 3.200, 0.932
0.899, 3.081, 1.104
0.938, 3.074, 1.106
0.978, 3.068, 1.108
1.057, 3.054, 1.110
1.178, 3.050, 0.775
1.268, 3.051, 0.447
1.318, 3.053, 0.244
1.366, 3.057, -0.003
1.205, 3.095, -0.208
0.758, 3.180, -0.366
0.198, 3.285, -0.533
RegionID:-1
Center:-1.386,-0.095,0.024
Normal:-0.935,0.195,-0.296
NumPatches:7
-1.393, -0.136, 0.022
-1.322, -0.124, -0.196
-1.319, -0.106, -0.196
-1.312, -0.072, -0.194
-1.378, -0.064, 0.020
-1.481, -0.079, 0.337
-1.464, -0.115, 0.260
RegionID:-1
Center:-1.179,0.957,0.371
Normal:-0.935,0.169,-0.311
NumPatches:8
-1.172, 0.759, 0.239
-1.043, 0.797, -0.128
-1.032, 0.849, -0.132
-1.106, 1.176, 0.269
-1.153, 1.274, 0.462
-1.188, 1.257, 0.560
-1.238, 1.132, 0.644
-1.277, 0.801, 0.579
RegionID:-1
Center:1.423,0.838,0.365
Normal:-0.933,0.193,-0.303
NumPatches:10
1.275, 0.502, 0.606
1.470, 0.514, 0.015
1.546, 0.590, -0.170
1.563, 0.664, -0.176
1.654, 1.395, 0.009
1.683, 1.769, 0.157
1.638, 1.728, 0.269
1.364, 1.238, 0.801
1.229, 0.763, 0.913
1.206, 0.517, 0.830
RegionID:-1
Center:-0.989,-2.628,1.234
Normal:0.314,-0.004,-0.949
NumPatches:9
-0.461, -4.919, 1.419
-0.046, -2.386, 1.545
-1.447, -0.909, 1.074
-1.487, -1.871, 1.066
-1.579, -4.186, 1.046
-1.598, -5.699, 1.047
-1.465, -6.103, 1.093
-1.413, -6.227, 1.110
-1.098, -6.621, 1.216
RegionID:-1
Center:-1.474,0.335,0.534
Normal:-0.941,0.161,-0.298
NumPatches:10
-1.510, 0.042, 0.490
-1.505, 0.061, 0.485
-1.501, 0.080, 0.480
-1.497, 0.098, 0.479
-1.454, 0.343, 0.474
-1.444, 0.403, 0.476
-1.415, 0.614, 0.498
-1.413, 0.634, 0.502
-1.443, 0.629, 0.596
-1.543, 0.046, 0.594
