NumRegions:10
RegionID:-1
Center:1.042,1.409,-0.800
Normal:0.310,-0.003,-0.951
NumPatches:14
1.295, 0.855, -0.715
1.330, 1.052, -0.704
1.367, 1.401, -0.694
1.333, 1.473, -0.705
1.229, 1.668, -0.739
1.045, 1.983, -0.800
0.936, 2.149, -0.837
0.916, 2.161, -0.843
0.765, 2.004, -0.892
0.725, 1.733, -0.904
0.714, 1.159, -0.905
0.731, 1.094, -0.900
0.757, 1.067, -0.891
1.179, 0.772, -0.752
RegionID:-1
Center:-1.246,0.440,-0.156
Normal:-0.939,0.174,-0.298
NumPatches:12
-1.353, 0.041, -0.054
-1.312, 0.038, -0.183
-1.106, 0.258, -0.703
-1.093, 0.345, -0.694
-1.053, 0.623, -0.659
-1.041, 0.765, -0.613
-1.060, 0.781, -0.544
-1.147, 0.780, -0.269
-1.271, 0.772, 0.117
-1.348, 0.747, 0.346
-1.471, 0.068, 0.335
-1.451, 0.048, 0.261
RegionID:-1
Center:-1.405,-0.813,-0.132
Normal:-0.933,0.199,-0.300
NumPatches:13
-1.557, -2.165, -0.555
-1.498, -2.042, -0.656
-1.443, -1.924, -0.750
-1.306, -1.337, -0.788
-1.249, -1.078, -0.793
-1.126, -0.344, -0.688
-1.237, -0.193, -0.241
-1.402, -0.120, 0.320
-1.487, -0.118, 0.587
-1.523, -0.270, 0.595
-1.581, -0.600, 0.559
-1.787, -2.141, 0.177
-1.756, -2.255, 0.003
RegionID:-1
Center:0.913,-0.782,0.212
Normal:-0.935,0.186,-0.300
NumPatches:15
0.303, -4.464, -0.172
0.649, -2.987, -0.332
0.988, -1.480, -0.455
1.197, -0.433, -0.457
1.273, -0.048, -0.453
1.344, 0.362, -0.419
1.308, 0.501, -0.223
1.185, 0.487, 0.151
0.999, 0.399, 0.677
0.317, -2.134, 1.230
0.282, -2.360, 1.199
0.218, -2.809, 1.121
0.030, -4.298, 0.782
-0.012, -4.755, 0.629
-0.017, -5.114, 0.421
RegionID:-1
Center:-1.153,1.139,0.371
Normal:-0.930,0.191,-0.313
NumPatches:8
-0.991, 0.979, -0.205
-1.097, 1.467, 0.406
-1.130, 1.455, 0.498
-1.181, 1.346, 0.582
-1.249, 1.099, 0.634
-1.260, 1.030, 0.625
-1.264, 1.008, 0.621
-1.236, 0.979, 0.521
RegionID:-1
Center:0.643,3.313,0.356
Normal:-0.183,-0.982,-0.057
NumPatches:11
0.250, 3.438, -0.559
0.076, 3.439, -0.004
-0.059, 3.437, 0.464
-0.100, 3.435, 0.637
-0.016, 3.409, 0.807
0.439, 3.315, 0.972
1.101, 3.181, 1.155
1.380, 3.179, 0.295
1.422, 3.188, -0.004
1.088, 3.263, -0.217
0.292, 3.430, -0.558
RegionID:-1
Center:1.441,1.040,0.436
Normal:-0.930,0.210,-0.302
NumPatches:14
1.275, 0.561, 0.612
1.323, 0.571, 0.472
1.374, 0.594, 0.331
1.534, 0.696, -0.092
1.583, 0.895, -0.104
1.590, 0.925, -0.106
1.597, 0.954, -0.106
1.688, 1.731, 0.154
1.647, 1.916, 0.409
1.559, 1.926, 0.688
1.473, 1.895, 0.931
1.422, 1.799, 1.023
1.273, 1.449, 1.239
1.205, 0.587, 0.846
RegionID:-1
Center:-0.776,-3.399,1.292
Normal:0.279,0.006,-0.960
NumPatches:14
-0.655, -4.597, 1.320
-0.228, -2.863, 1.454
-0.167, -2.576, 1.474
-0.129, -2.311, 1.487
-0.158, -2.289, 1.479
-0.513, -2.061, 1.377
-0.582, -2.023, 1.357
-0.739, -2.101, 1.311
-1.497, -3.383, 1.083
-1.635, -5.557, 1.029
-1.556, -5.840, 1.050
-1.511, -5.973, 1.062
-1.458, -6.080, 1.077
-1.147, -6.471, 1.165
RegionID:-1
Center:-1.467,0.491,0.545
Normal:-0.938,0.177,-0.297
NumPatches:12
-1.505, 0.191, 0.487
-1.497, 0.228, 0.485
-1.469, 0.374, 0.485
-1.462, 0.412, 0.485
-1.443, 0.517, 0.486
-1.403, 0.778, 0.516
-1.400, 0.799, 0.518
-1.431, 0.796, 0.613
-1.484, 0.490, 0.601
-1.529, 0.236, 0.590
-1.532, 0.217, 0.589
-1.535, 0.199, 0.586
RegionID:-1
Center:-1.291,-1.610,1.116
Normal:0.379,-0.023,-0.925
NumPatches:8
-1.081, -2.318, 1.220
-0.997, -2.104, 1.249
-0.918, -1.745, 1.272
-0.961, -1.664, 1.253
-0.988, -1.614, 1.240
-1.458, -0.853, 1.028
-1.555, -2.186, 1.022
-1.501, -2.681, 1.057
