NumRegions:11
RegionID:0
Center:-0.345,-0.103,1.436
Normal:-0.165,-0.435,-0.885
NumPatches:2151
-0.667, 0.545, 1.258
-0.677, 0.545, 1.258
-0.675, 0.554, 1.254
-0.673, 0.563, 1.251
-0.671, 0.571, 1.247
-0.680, 0.579, 1.244
-0.689, 0.579, 1.243
-0.699, 0.579, 1.243
-0.710, 0.579, 1.243
-0.720, 0.579, 1.243
-0.729, 0.579, 1.243
-0.739, 0.578, 1.242
-0.749, 0.578, 1.242
-0.759, 0.578, 1.242
-0.769, 0.578, 1.242
-0.781, 0.569, 1.245
-0.779, 0.578, 1.242
-0.783, 0.561, 1.249
-0.785, 0.552, 1.252
-0.788, 0.544, 1.256
-0.790, 0.535, 1.259
-0.792, 0.527, 1.263
-0.795, 0.518, 1.267
-0.797, 0.509, 1.270
-0.800, 0.500, 1.274
-0.802, 0.492, 1.278
-0.805, 0.483, 1.282
-0.807, 0.474, 1.286
-0.809, 0.465, 1.289
-0.812, 0.456, 1.293
-0.814, 0.447, 1.297
-0.817, 0.437, 1.301
-0.820, 0.428, 1.305
-0.822, 0.419, 1.309
-0.825, 0.410, 1.313
-0.827, 0.400, 1.317
-0.830, 0.391, 1.321
-0.832, 0.381, 1.325
-0.835, 0.372, 1.330
-0.838, 0.362, 1.335
-0.841, 0.352, 1.339
-0.843, 0.343, 1.343
-0.846, 0.333, 1.347
-0.849, 0.323, 1.352
-0.852, 0.313, 1.356
-0.855, 0.303, 1.360
-0.858, 0.293, 1.365
-0.860, 0.283, 1.369
-0.863, 0.273, 1.374
-0.866, 0.262, 1.379
-0.869, 0.252, 1.383
-0.872, 0.241, 1.388
-0.875, 0.231, 1.392
-0.878, 0.220, 1.397
-0.881, 0.210, 1.402
-0.884, 0.199, 1.407
-0.887, 0.188, 1.412
-0.890, 0.177, 1.417
-0.893, 0.167, 1.422
-0.897, 0.156, 1.427
-0.900, 0.144, 1.432
-0.903, 0.133, 1.437
-0.906, 0.122, 1.442
-0.909, 0.111, 1.447
-0.913, 0.099, 1.452
-0.916, 0.088, 1.457
-0.919, 0.076, 1.463
-0.922, 0.064, 1.468
-0.926, 0.053, 1.473
-0.929, 0.041, 1.479
-0.932, 0.029, 1.484
-0.936, 0.017, 1.490
-0.939, 0.005, 1.495
-0.943, -0.007, 1.501
-0.946, -0.020, 1.507
-0.950, -0.032, 1.513
-0.953, -0.045, 1.518
-0.957, -0.057, 1.524
-0.961, -0.070, 1.530
-0.964, -0.083, 1.536
-0.968, -0.095, 1.542
-0.971, -0.108, 1.548
-0.975, -0.121, 1.554
-0.979, -0.134, 1.560
-0.983, -0.148, 1.566
-0.987, -0.161, 1.573
-0.990, -0.174, 1.579
-0.994, -0.188, 1.585
-0.998, -0.202, 1.592
-1.002, -0.215, 1.598
-1.006, -0.229, 1.604
-1.010, -0.243, 1.611
-1.014, -0.257, 1.617
-1.018, -0.272, 1.624
-1.022, -0.286, 1.631
-1.026, -0.300, 1.638
-1.030, -0.315, 1.644
-1.034, -0.329, 1.651
-1.039, -0.344, 1.658
-1.043, -0.359, 1.665
-1.047, -0.374, 1.672
-1.052, -0.389, 1.680
-1.056, -0.405, 1.687
-1.060, -0.420, 1.694
-1.065, -0.435, 1.702
-1.070, -0.451, 1.709
-1.074, -0.467, 1.716
-1.079, -0.483, 1.724
-1.084, -0.499, 1.732
-1.088, -0.515, 1.739
-1.093, -0.531, 1.747
-1.098, -0.548, 1.755
-1.103, -0.565, 1.763
-1.108, -0.581, 1.771
-1.113, -0.598, 1.780
-1.117, -0.615, 1.788
-1.123, -0.633, 1.796
-1.128, -0.650, 1.805
-1.133, -0.668, 1.813
-1.138, -0.685, 1.821
-1.143, -0.703, 1.830
-1.149, -0.721, 1.839
-1.154, -0.740, 1.847
-1.159, -0.758, 1.856
-1.165, -0.777, 1.865
-1.171, -0.795, 1.874
-1.176, -0.814, 1.884
-1.182, -0.834, 1.893
-1.188, -0.853, 1.902
-1.193, -0.872, 1.912
-1.183, -0.892, 1.920
-1.199, -0.891, 1.920
-1.168, -0.892, 1.921
-1.153, -0.892, 1.921
-1.138, -0.892, 1.922
-1.123, -0.893, 1.923
-1.108, -0.893, 1.923
-1.093, -0.893, 1.923
-1.077, -0.894, 1.924
-1.062, -0.894, 1.924
-1.047, -0.894, 1.925
-1.032, -0.894, 1.925
-1.017, -0.895, 1.926
-1.001, -0.895, 1.927
-0.986, -0.895, 1.927
-0.971, -0.896, 1.928
-0.956, -0.896, 1.928
-0.940, -0.896, 1.928
-0.925, -0.896, 1.929
-0.910, -0.897, 1.930
-0.895, -0.897, 1.930
-0.879, -0.897, 1.931
-0.864, -0.897, 1.931
-0.849, -0.898, 1.932
-0.833, -0.898, 1.932
-0.818, -0.898, 1.932
-0.803, -0.899, 1.933
-0.787, -0.899, 1.934
-0.772, -0.899, 1.934
-0.757, -0.899, 1.935
-0.741, -0.900, 1.935
-0.726, -0.900, 1.936
-0.710, -0.900, 1.936
-0.695, -0.900, 1.937
-0.680, -0.901, 1.937
-0.664, -0.901, 1.938
-0.649, -0.901, 1.938
-0.633, -0.901, 1.939
-0.618, -0.902, 1.939
-0.600, -0.883, 1.932
-0.597, -0.863, 1.922
-0.594, -0.843, 1.912
-0.591, -0.824, 1.903
-0.603, -0.805, 1.893
-0.600, -0.786, 1.884
-0.598, -0.767, 1.875
-0.595, -0.748, 1.866
-0.592, -0.730, 1.857
-0.604, -0.712, 1.848
-0.616, -0.693, 1.838
-0.613, -0.675, 1.830
-0.625, -0.657, 1.821
-0.622, -0.640, 1.812
-0.619, -0.623, 1.804
-0.616, -0.605, 1.795
-0.614, -0.588, 1.787
-0.625, -0.571, 1.778
-0.622, -0.554, 1.770
-0.619, -0.538, 1.762
-0.631, -0.521, 1.754
-0.628, -0.505, 1.746
-0.625, -0.489, 1.739
-0.623, -0.473, 1.731
-0.620, -0.457, 1.723
-0.618, -0.441, 1.716
-0.615, -0.425, 1.708
-0.613, -0.410, 1.701
-0.610, -0.395, 1.694
-0.608, -0.379, 1.687
-0.605, -0.364, 1.680
-0.603, -0.349, 1.673
-0.600, -0.334, 1.666
-0.598, -0.319, 1.659
-0.609, -0.305, 1.651
-0.607, -0.290, 1.644
-0.604, -0.276, 1.638
-0.615, -0.261, 1.631
-0.613, -0.247, 1.624
-0.611, -0.233, 1.617
-0.608, -0.219, 1.611
-0.619, -0.204, 1.603
-0.617, -0.191, 1.597
-0.614, -0.177, 1.591
-0.612, -0.163, 1.584
-0.610, -0.149, 1.578
-0.608, -0.136, 1.572
-0.618, -0.122, 1.565
-0.628, -0.109, 1.558
-0.626, -0.096, 1.552
-0.623, -0.083, 1.546
-0.633, -0.070, 1.540
-0.631, -0.057, 1.534
-0.628, -0.044, 1.527
-0.626, -0.031, 1.522
-0.636, -0.018, 1.516
-0.633, -0.006, 1.510
-0.631, 0.006, 1.504
-0.629, 0.019, 1.498
-0.638, 0.031, 1.492
-0.636, 0.043, 1.487
-0.633, 0.055, 1.481
-0.631, 0.067, 1.476
-0.640, 0.079, 1.469
-0.638, 0.090, 1.464
-0.635, 0.102, 1.459
-0.644, 0.113, 1.453
-0.642, 0.125, 1.448
-0.640, 0.136, 1.443
-0.637, 0.147, 1.438
-0.646, 0.158, 1.432
-0.644, 0.169, 1.427
-0.642, 0.180, 1.422
-0.639, 0.191, 1.417
-0.648, 0.202, 1.412
-0.646, 0.213, 1.407
-0.655, 0.223, 1.402
-0.653, 0.234, 1.397
-0.650, 0.244, 1.392
-0.648, 0.255, 1.388
-0.646, 0.265, 1.383
-0.655, 0.275, 1.378
-0.652, 0.286, 1.374
-0.650, 0.296, 1.369
-0.659, 0.306, 1.364
-0.656, 0.316, 1.360
-0.654, 0.326, 1.355
-0.652, 0.335, 1.351
-0.650, 0.345, 1.346
-0.659, 0.355, 1.342
-0.656, 0.364, 1.338
-0.654, 0.374, 1.333
-0.663, 0.384, 1.329
-0.661, 0.393, 1.325
-0.669, 0.402, 1.320
-0.667, 0.412, 1.316
-0.665, 0.421, 1.312
-0.663, 0.430, 1.308
-0.661, 0.439, 1.304
-0.658, 0.449, 1.300
-0.667, 0.458, 1.296
-0.665, 0.467, 1.292
-0.673, 0.475, 1.288
-0.671, 0.484, 1.284
-0.669, 0.493, 1.281
-0.667, 0.502, 1.277
-0.665, 0.511, 1.273
-0.673, 0.520, 1.269
-0.671, 0.528, 1.265
-0.669, 0.537, 1.262
-0.663, 0.520, 1.269
-0.663, 0.476, 1.288
-0.656, 0.458, 1.296
-0.659, 0.403, 1.321
-0.652, 0.384, 1.329
-0.648, 0.355, 1.342
-0.648, 0.306, 1.365
-0.643, 0.275, 1.378
-0.639, 0.244, 1.393
-0.644, 0.223, 1.402
-0.637, 0.202, 1.412
-0.635, 0.159, 1.432
-0.633, 0.114, 1.453
-0.628, 0.079, 1.470
-0.626, 0.031, 1.492
-0.624, -0.018, 1.516
-0.621, -0.070, 1.540
-0.615, -0.109, 1.559
-0.605, -0.122, 1.566
-0.590, -0.109, 1.559
-0.587, -0.096, 1.550
-0.570, -0.095, 1.538
-0.547, -0.080, 1.505
-0.541, -0.066, 1.486
-0.534, -0.053, 1.468
-0.551, -0.042, 1.481
-0.546, -0.029, 1.468
-0.541, -0.016, 1.455
-0.537, -0.004, 1.443
-0.532, 0.008, 1.429
-0.548, 0.020, 1.444
-0.543, 0.031, 1.430
-0.539, 0.043, 1.418
-0.555, 0.055, 1.432
-0.550, 0.066, 1.420
-0.546, 0.077, 1.408
-0.541, 0.088, 1.395
-0.557, 0.100, 1.409
-0.552, 0.111, 1.397
-0.547, 0.121, 1.385
-0.543, 0.131, 1.373
-0.559, 0.144, 1.387
-0.554, 0.154, 1.375
-0.550, 0.163, 1.364
-0.545, 0.173, 1.352
-0.561, 0.186, 1.366
-0.556, 0.195, 1.353
-0.551, 0.204, 1.343
-0.547, 0.213, 1.331
-0.563, 0.226, 1.345
-0.558, 0.235, 1.334
-0.554, 0.244, 1.323
-0.570, 0.257, 1.336
-0.565, 0.266, 1.325
-0.561, 0.274, 1.315
-0.577, 0.287, 1.327
-0.572, 0.296, 1.316
-0.567, 0.304, 1.306
-0.563, 0.312, 1.296
-0.579, 0.326, 1.308
-0.574, 0.334, 1.298
-0.569, 0.341, 1.287
-0.565, 0.349, 1.277
-0.581, 0.363, 1.289
-0.576, 0.370, 1.280
-0.572, 0.378, 1.270
-0.567, 0.385, 1.260
-0.583, 0.399, 1.273
-0.579, 0.406, 1.263
-0.574, 0.413, 1.253
-0.590, 0.427, 1.265
-0.585, 0.434, 1.256
-0.581, 0.441, 1.246
-0.576, 0.448, 1.236
-0.592, 0.462, 1.249
-0.588, 0.468, 1.239
-0.583, 0.475, 1.229
-0.578, 0.481, 1.220
-0.594, 0.495, 1.232
-0.590, 0.502, 1.223
-0.585, 0.507, 1.213
-0.581, 0.514, 1.204
-0.596, 0.528, 1.217
-0.591, 0.534, 1.207
-0.587, 0.540, 1.198
-0.583, 0.545, 1.189
-0.599, 0.561, 1.202
-0.579, 0.551, 1.181
-0.559, 0.542, 1.160
-0.563, 0.536, 1.168
-0.548, 0.521, 1.156
-0.567, 0.531, 1.177
-0.552, 0.516, 1.164
-0.576, 0.519, 1.195
-0.556, 0.510, 1.174
-0.561, 0.505, 1.183
-0.545, 0.490, 1.170
-0.565, 0.499, 1.192
-0.550, 0.484, 1.180
-0.574, 0.487, 1.210
-0.554, 0.479, 1.189
-0.559, 0.473, 1.198
-0.543, 0.458, 1.186
-0.563, 0.466, 1.207
-0.548, 0.452, 1.195
-0.572, 0.454, 1.226
-0.552, 0.446, 1.205
-0.556, 0.440, 1.214
-0.541, 0.426, 1.201
-0.561, 0.433, 1.224
-0.545, 0.419, 1.211
-0.569, 0.420, 1.243
-0.549, 0.413, 1.220
-0.534, 0.399, 1.209
-0.554, 0.406, 1.231
-0.539, 0.392, 1.218
-0.563, 0.392, 1.251
-0.543, 0.386, 1.228
-0.547, 0.378, 1.237
-0.532, 0.365, 1.225
-0.551, 0.371, 1.247
-0.536, 0.358, 1.234
-0.560, 0.356, 1.267
-0.540, 0.350, 1.244
-0.545, 0.343, 1.254
-0.529, 0.330, 1.241
-0.549, 0.335, 1.264
-0.533, 0.322, 1.252
-0.558, 0.320, 1.285
-0.538, 0.315, 1.261
-0.542, 0.307, 1.272
-0.527, 0.294, 1.259
-0.547, 0.299, 1.283
-0.531, 0.286, 1.269
-0.556, 0.283, 1.303
-0.535, 0.278, 1.280
-0.520, 0.265, 1.267
-0.540, 0.270, 1.291
-0.524, 0.257, 1.277
-0.549, 0.253, 1.312
-0.529, 0.249, 1.288
-0.533, 0.240, 1.299
-0.518, 0.227, 1.286
-0.542, 0.223, 1.320
-0.538, 0.231, 1.310
-0.522, 0.219, 1.296
-0.526, 0.210, 1.307
-0.511, 0.198, 1.294
-0.531, 0.201, 1.318
-0.487, 0.203, 1.260
-0.483, 0.211, 1.251
-0.480, 0.220, 1.243
-0.478, 0.229, 1.237
-0.475, 0.238, 1.231
-0.472, 0.191, 1.248
-0.491, 0.194, 1.269
-0.456, 0.199, 1.234
-0.457, 0.209, 1.235
-0.457, 0.219, 1.235
-0.455, 0.188, 1.231
-0.435, 0.174, 1.203
-0.452, 0.167, 1.222
-0.454, 0.178, 1.225
-0.435, 0.155, 1.202
-0.454, 0.158, 1.226
-0.439, 0.146, 1.212
-0.462, 0.140, 1.248
-0.492, 0.135, 1.298
-0.486, 0.144, 1.283
-0.475, 0.123, 1.282
-0.498, 0.126, 1.313
-0.483, 0.115, 1.302
-0.510, 0.107, 1.346
-0.536, 0.099, 1.383
-0.515, 0.097, 1.358
-0.490, 0.105, 1.319
-0.464, 0.113, 1.279
-0.456, 0.121, 1.258
-0.449, 0.129, 1.240
-0.444, 0.138, 1.225
-0.421, 0.143, 1.190
-0.410, 0.133, 1.187
-0.427, 0.136, 1.207
-0.418, 0.126, 1.208
-0.441, 0.120, 1.245
-0.426, 0.119, 1.232
-0.402, 0.124, 1.192
-0.388, 0.123, 1.179
-0.411, 0.117, 1.219
-0.397, 0.116, 1.207
-0.421, 0.110, 1.246
-0.407, 0.109, 1.234
-0.430, 0.102, 1.271
-0.436, 0.093, 1.289
-0.428, 0.083, 1.297
-0.416, 0.083, 1.293
-0.408, 0.073, 1.301
-0.420, 0.073, 1.304
-0.433, 0.063, 1.310
-0.424, 0.052, 1.315
-0.413, 0.052, 1.315
-0.425, 0.042, 1.319
-0.414, 0.042, 1.320
-0.427, 0.031, 1.324
-0.418, 0.020, 1.329
-0.429, 0.020, 1.329
-0.420, 0.009, 1.334
-0.422, -0.002, 1.339
-0.424, -0.013, 1.344
-0.414, -0.024, 1.349
-0.426, -0.024, 1.349
-0.416, -0.036, 1.354
-0.419, -0.047, 1.359
-0.433, -0.060, 1.366
-0.450, -0.072, 1.384
-0.471, -0.087, 1.415
-0.491, -0.088, 1.442
-0.517, -0.104, 1.486
-0.532, -0.092, 1.497
-0.527, -0.078, 1.480
-0.499, -0.063, 1.432
-0.514, -0.052, 1.440
-0.530, -0.040, 1.454
-0.504, -0.027, 1.414
-0.520, -0.016, 1.428
-0.516, -0.003, 1.415
-0.511, 0.008, 1.402
-0.527, 0.020, 1.417
-0.522, 0.031, 1.404
-0.518, 0.043, 1.392
-0.534, 0.054, 1.406
-0.508, 0.064, 1.367
-0.524, 0.076, 1.382
-0.520, 0.087, 1.369
-0.504, 0.075, 1.356
-0.513, 0.054, 1.379
-0.501, 0.031, 1.377
-0.506, 0.020, 1.390
-0.499, -0.015, 1.401
-0.509, -0.039, 1.426
-0.493, -0.050, 1.412
-0.506, -0.077, 1.452
-0.512, -0.090, 1.469
-0.521, -0.118, 1.500
-0.526, -0.131, 1.515
-0.530, -0.145, 1.527
-0.511, -0.156, 1.508
-0.532, -0.159, 1.535
-0.514, -0.170, 1.519
-0.491, -0.154, 1.480
-0.489, -0.141, 1.473
-0.485, -0.127, 1.460
-0.481, -0.113, 1.446
-0.477, -0.100, 1.431
-0.454, -0.085, 1.395
-0.436, -0.072, 1.376
-0.421, -0.059, 1.365
-0.409, -0.059, 1.365
-0.423, -0.071, 1.371
-0.439, -0.084, 1.383
-0.398, -0.059, 1.364
-0.400, -0.071, 1.370
-0.402, -0.083, 1.375
-0.404, -0.096, 1.382
-0.407, -0.110, 1.388
-0.408, -0.123, 1.394
-0.398, -0.137, 1.401
-0.410, -0.136, 1.401
-0.399, -0.150, 1.408
-0.400, -0.163, 1.414
-0.389, -0.176, 1.421
-0.403, -0.188, 1.427
-0.402, -0.176, 1.421
-0.377, -0.177, 1.421
-0.364, -0.177, 1.420
-0.349, -0.165, 1.414
-0.336, -0.165, 1.414
-0.351, -0.178, 1.421
-0.323, -0.165, 1.414
-0.310, -0.164, 1.415
-0.298, -0.164, 1.415
-0.283, -0.150, 1.409
-0.272, -0.149, 1.410
-0.285, -0.163, 1.416
-0.260, -0.149, 1.410
-0.248, -0.148, 1.411
-0.237, -0.148, 1.411
-0.225, -0.148, 1.412
-0.213, -0.135, 1.406
-0.202, -0.134, 1.406
-0.214, -0.147, 1.412
-0.190, -0.134, 1.407
-0.179, -0.134, 1.407
-0.168, -0.134, 1.407
-0.156, -0.134, 1.407
-0.145, -0.122, 1.402
-0.133, -0.122, 1.402
-0.145, -0.134, 1.408
-0.122, -0.122, 1.402
-0.111, -0.122, 1.403
-0.100, -0.122, 1.403
-0.088, -0.121, 1.403
-0.077, -0.121, 1.403
-0.066, -0.121, 1.403
-0.055, -0.134, 1.410
-0.066, -0.134, 1.409
-0.044, -0.134, 1.410
-0.033, -0.146, 1.415
-0.044, -0.158, 1.418
-0.056, -0.170, 1.417
-0.067, -0.181, 1.411
-0.067, -0.169, 1.415
-0.078, -0.158, 1.415
-0.089, -0.158, 1.414
-0.101, -0.146, 1.414
-0.089, -0.146, 1.414
-0.067, -0.158, 1.416
-0.055, -0.181, 1.415
-0.044, -0.146, 1.415
-0.033, -0.158, 1.420
-0.021, -0.146, 1.416
-0.010, -0.146, 1.416
0.001, -0.158, 1.422
-0.010, -0.158, 1.422
0.001, -0.170, 1.427
0.013, -0.170, 1.428
0.024, -0.170, 1.428
0.024, -0.183, 1.434
0.036, -0.195, 1.440
0.024, -0.195, 1.440
0.036, -0.208, 1.446
0.036, -0.221, 1.452
0.036, -0.234, 1.458
0.036, -0.246, 1.464
0.036, -0.259, 1.470
0.048, -0.273, 1.477
0.036, -0.273, 1.476
0.048, -0.286, 1.484
0.048, -0.299, 1.490
0.048, -0.313, 1.496
0.048, -0.326, 1.503
0.048, -0.340, 1.509
0.048, -0.354, 1.516
0.060, -0.367, 1.523
0.048, -0.367, 1.522
0.060, -0.381, 1.529
0.060, -0.395, 1.536
0.060, -0.410, 1.543
0.060, -0.424, 1.550
0.060, -0.438, 1.557
0.060, -0.453, 1.564
0.061, -0.468, 1.571
0.061, -0.483, 1.578
0.061, -0.497, 1.586
0.061, -0.512, 1.593
0.061, -0.528, 1.600
0.061, -0.543, 1.608
0.074, -0.559, 1.615
0.061, -0.574, 1.623
0.061, -0.559, 1.615
0.074, -0.574, 1.623
0.061, -0.590, 1.630
0.075, -0.590, 1.630
0.087, -0.559, 1.616
0.100, -0.543, 1.608
0.113, -0.543, 1.609
0.100, -0.559, 1.616
0.125, -0.528, 1.601
0.138, -0.512, 1.594
0.150, -0.497, 1.587
0.162, -0.482, 1.579
0.175, -0.482, 1.580
0.163, -0.497, 1.587
0.151, -0.512, 1.594
0.138, -0.528, 1.601
0.126, -0.543, 1.608
0.187, -0.467, 1.573
0.199, -0.453, 1.566
0.211, -0.438, 1.559
0.223, -0.423, 1.552
0.234, -0.409, 1.545
0.247, -0.409, 1.545
0.235, -0.423, 1.552
0.223, -0.438, 1.559
0.212, -0.453, 1.566
0.200, -0.467, 1.573
0.188, -0.482, 1.580
0.258, -0.395, 1.539
0.269, -0.381, 1.532
0.280, -0.367, 1.526
0.292, -0.353, 1.519
0.304, -0.353, 1.519
0.293, -0.367, 1.526
0.282, -0.381, 1.532
0.270, -0.395, 1.539
0.259, -0.409, 1.545
0.315, -0.339, 1.513
0.326, -0.325, 1.506
0.338, -0.325, 1.506
0.327, -0.339, 1.513
0.316, -0.353, 1.520
0.348, -0.312, 1.500
0.359, -0.298, 1.494
0.370, -0.285, 1.488
0.382, -0.285, 1.488
0.371, -0.298, 1.494
0.360, -0.312, 1.500
0.350, -0.325, 1.506
0.393, -0.285, 1.488
0.405, -0.285, 1.488
0.417, -0.285, 1.488
0.429, -0.285, 1.488
0.441, -0.285, 1.488
0.452, -0.272, 1.483
0.463, -0.272, 1.483
0.453, -0.285, 1.488
0.442, -0.297, 1.491
0.466, -0.298, 1.492
0.477, -0.285, 1.489
0.475, -0.272, 1.483
0.489, -0.285, 1.489
0.501, -0.285, 1.490
0.515, -0.298, 1.496
0.503, -0.298, 1.496
0.527, -0.298, 1.496
0.539, -0.298, 1.496
0.542, -0.312, 1.503
0.556, -0.325, 1.510
0.544, -0.325, 1.509
0.558, -0.339, 1.516
0.570, -0.339, 1.516
0.585, -0.353, 1.523
0.573, -0.353, 1.523
0.595, -0.339, 1.517
0.604, -0.325, 1.510
0.602, -0.312, 1.504
0.599, -0.298, 1.497
0.597, -0.285, 1.491
0.595, -0.272, 1.485
0.592, -0.259, 1.479
0.602, -0.246, 1.473
0.599, -0.233, 1.466
0.597, -0.220, 1.460
0.594, -0.208, 1.454
0.592, -0.195, 1.449
0.590, -0.183, 1.443
0.587, -0.170, 1.437
0.596, -0.158, 1.430
0.594, -0.146, 1.425
0.592, -0.134, 1.419
0.590, -0.122, 1.414
0.587, -0.110, 1.408
0.574, -0.098, 1.402
0.563, -0.098, 1.402
0.551, -0.098, 1.402
0.540, -0.098, 1.402
0.527, -0.086, 1.396
0.516, -0.086, 1.396
0.504, -0.086, 1.396
0.493, -0.086, 1.396
0.482, -0.086, 1.396
0.470, -0.086, 1.395
0.459, -0.086, 1.395
0.448, -0.086, 1.395
0.437, -0.086, 1.395
0.426, -0.086, 1.395
0.415, -0.086, 1.394
0.403, -0.086, 1.394
0.392, -0.086, 1.394
0.381, -0.086, 1.394
0.370, -0.086, 1.394
0.359, -0.086, 1.394
0.347, -0.086, 1.393
0.336, -0.086, 1.393
0.325, -0.086, 1.393
0.314, -0.086, 1.393
0.303, -0.086, 1.393
0.291, -0.086, 1.393
0.279, -0.075, 1.388
0.268, -0.075, 1.388
0.257, -0.074, 1.387
0.246, -0.074, 1.387
0.235, -0.074, 1.387
0.224, -0.074, 1.387
0.213, -0.074, 1.387
0.212, -0.063, 1.382
0.200, -0.051, 1.376
0.189, -0.051, 1.376
0.178, -0.051, 1.376
0.167, -0.051, 1.376
0.166, -0.040, 1.371
0.166, -0.029, 1.366
0.165, -0.017, 1.360
0.164, -0.006, 1.355
0.164, 0.005, 1.350
0.163, 0.016, 1.345
0.162, 0.027, 1.340
0.162, 0.037, 1.335
0.161, 0.048, 1.330
0.161, 0.059, 1.325
0.160, 0.069, 1.320
0.159, 0.080, 1.315
0.159, 0.090, 1.310
0.158, 0.100, 1.306
0.157, 0.111, 1.301
0.157, 0.121, 1.297
0.156, 0.131, 1.291
0.156, 0.141, 1.287
0.155, 0.151, 1.282
0.155, 0.161, 1.278
0.154, 0.171, 1.273
0.153, 0.180, 1.269
0.153, 0.190, 1.265
0.152, 0.199, 1.260
0.152, 0.209, 1.256
0.151, 0.219, 1.252
0.140, 0.228, 1.248
0.131, 0.219, 1.252
0.121, 0.209, 1.256
0.111, 0.200, 1.260
0.122, 0.200, 1.260
0.112, 0.190, 1.264
0.102, 0.181, 1.268
0.112, 0.180, 1.268
0.103, 0.171, 1.272
0.093, 0.161, 1.277
0.083, 0.151, 1.281
0.082, 0.161, 1.276
0.083, 0.141, 1.285
0.073, 0.131, 1.290
0.063, 0.121, 1.294
0.053, 0.111, 1.298
0.063, 0.111, 1.299
0.053, 0.101, 1.303
0.043, 0.091, 1.307
0.053, 0.091, 1.308
0.043, 0.080, 1.312
0.032, 0.070, 1.317
0.043, 0.070, 1.317
0.033, 0.059, 1.322
0.022, 0.049, 1.326
0.012, 0.038, 1.331
0.001, 0.027, 1.336
0.012, 0.027, 1.336
0.001, 0.017, 1.341
0.001, 0.006, 1.346
-0.010, -0.005, 1.351
0.001, -0.005, 1.351
-0.010, -0.017, 1.356
-0.020, -0.028, 1.361
-0.031, -0.039, 1.366
-0.031, -0.028, 1.360
-0.032, -0.051, 1.371
-0.043, -0.062, 1.377
-0.054, -0.074, 1.382
-0.065, -0.074, 1.382
-0.076, -0.085, 1.387
-0.087, -0.085, 1.387
-0.099, -0.085, 1.386
-0.110, -0.085, 1.386
-0.109, -0.073, 1.380
-0.120, -0.061, 1.372
-0.131, -0.073, 1.380
-0.143, -0.085, 1.385
-0.154, -0.085, 1.385
-0.165, -0.085, 1.384
-0.176, -0.073, 1.378
-0.187, -0.073, 1.378
-0.197, -0.061, 1.372
-0.209, -0.061, 1.371
-0.220, -0.060, 1.371
-0.230, -0.048, 1.365
-0.242, -0.048, 1.364
-0.252, -0.036, 1.358
-0.263, -0.024, 1.352
-0.275, -0.024, 1.352
-0.286, -0.024, 1.351
-0.297, -0.012, 1.346
-0.307, -0.001, 1.340
-0.319, -0.001, 1.340
-0.330, -0.001, 1.340
-0.342, -0.001, 1.340
-0.352, 0.010, 1.335
-0.363, 0.010, 1.334
-0.375, 0.010, 1.334
-0.384, 0.021, 1.329
-0.394, 0.031, 1.324
-0.405, 0.031, 1.324
-0.403, 0.042, 1.320
-0.383, 0.031, 1.325
-0.373, 0.021, 1.330
-0.351, 0.021, 1.330
-0.339, 0.021, 1.330
-0.326, 0.032, 1.323
-0.314, 0.031, 1.320
-0.340, 0.010, 1.335
-0.296, -0.001, 1.341
-0.285, -0.013, 1.346
-0.252, -0.025, 1.353
-0.241, -0.036, 1.358
-0.219, -0.049, 1.365
-0.186, -0.061, 1.372
-0.165, -0.073, 1.378
-0.153, -0.061, 1.373
-0.163, -0.049, 1.364
-0.173, -0.037, 1.354
-0.185, -0.037, 1.358
-0.195, -0.026, 1.348
-0.207, -0.026, 1.352
-0.217, -0.014, 1.342
-0.228, -0.014, 1.345
-0.238, -0.002, 1.336
-0.250, -0.002, 1.340
-0.260, 0.009, 1.332
-0.272, 0.009, 1.335
-0.282, 0.020, 1.327
-0.294, 0.021, 1.330
-0.152, -0.049, 1.361
-0.142, -0.061, 1.371
-0.131, -0.061, 1.371
-0.132, -0.085, 1.385
-0.109, -0.062, 1.372
-0.097, -0.050, 1.357
-0.106, -0.038, 1.333
-0.117, -0.038, 1.330
-0.127, -0.037, 1.328
-0.136, -0.026, 1.303
-0.145, -0.015, 1.286
-0.157, -0.015, 1.297
-0.165, -0.004, 1.280
-0.177, -0.004, 1.292
-0.186, 0.007, 1.274
-0.198, 0.007, 1.286
-0.206, 0.018, 1.270
-0.219, 0.018, 1.282
-0.227, 0.028, 1.267
-0.240, 0.029, 1.279
-0.247, 0.039, 1.261
-0.259, 0.039, 1.270
-0.266, 0.049, 1.251
-0.278, 0.049, 1.259
-0.291, 0.050, 1.268
-0.297, 0.059, 1.249
-0.310, 0.060, 1.258
-0.324, 0.061, 1.270
-0.330, 0.070, 1.253
-0.335, 0.079, 1.236
-0.349, 0.080, 1.247
-0.354, 0.088, 1.230
-0.368, 0.089, 1.242
-0.382, 0.090, 1.254
-0.387, 0.099, 1.238
-0.392, 0.108, 1.222
-0.383, 0.115, 1.194
-0.369, 0.114, 1.182
-0.365, 0.105, 1.198
-0.378, 0.107, 1.209
-0.373, 0.098, 1.226
-0.351, 0.104, 1.187
-0.346, 0.096, 1.203
-0.360, 0.097, 1.214
-0.333, 0.095, 1.191
-0.320, 0.094, 1.180
-0.341, 0.088, 1.219
-0.328, 0.087, 1.208
-0.315, 0.086, 1.197
-0.309, 0.077, 1.214
-0.322, 0.078, 1.225
-0.316, 0.069, 1.242
-0.296, 0.076, 1.202
-0.290, 0.067, 1.220
-0.303, 0.068, 1.230
-0.278, 0.067, 1.211
-0.272, 0.058, 1.231
-0.285, 0.059, 1.239
-0.260, 0.057, 1.222
-0.248, 0.057, 1.214
-0.236, 0.056, 1.204
-0.254, 0.048, 1.242
-0.242, 0.048, 1.233
-0.230, 0.047, 1.222
-0.217, 0.046, 1.210
-0.235, 0.038, 1.250
-0.222, 0.038, 1.238
-0.210, 0.037, 1.226
-0.198, 0.036, 1.214
-0.214, 0.028, 1.254
-0.202, 0.027, 1.242
-0.190, 0.027, 1.229
-0.182, 0.017, 1.246
-0.194, 0.017, 1.257
-0.170, 0.016, 1.234
-0.159, 0.016, 1.223
-0.174, 0.007, 1.262
-0.162, 0.006, 1.251
-0.150, 0.006, 1.239
-0.139, 0.006, 1.228
-0.154, -0.004, 1.268
-0.142, -0.004, 1.256
-0.133, -0.015, 1.274
-0.122, -0.015, 1.269
-0.112, -0.015, 1.272
-0.125, -0.026, 1.298
-0.101, -0.004, 1.254
-0.108, 0.006, 1.215
-0.090, 0.006, 1.243
-0.080, 0.016, 1.245
-0.070, 0.026, 1.250
-0.069, 0.036, 1.230
-0.059, 0.046, 1.235
-0.050, 0.056, 1.240
-0.049, 0.066, 1.221
-0.039, 0.076, 1.227
-0.039, 0.084, 1.208
-0.029, 0.095, 1.214
-0.029, 0.103, 1.196
-0.019, 0.113, 1.201
-0.010, 0.124, 1.206
-0.010, 0.131, 1.188
-0.000, 0.142, 1.194
0.010, 0.152, 1.198
0.009, 0.159, 1.181
0.009, 0.166, 1.163
0.019, 0.176, 1.167
0.028, 0.187, 1.172
0.028, 0.193, 1.154
0.037, 0.203, 1.159
0.047, 0.214, 1.164
0.046, 0.220, 1.147
0.055, 0.230, 1.152
0.065, 0.240, 1.157
0.064, 0.246, 1.140
0.074, 0.251, 1.162
0.084, 0.262, 1.168
0.085, 0.255, 1.184
0.076, 0.245, 1.179
0.066, 0.234, 1.174
0.056, 0.224, 1.169
0.067, 0.228, 1.191
0.057, 0.218, 1.186
0.047, 0.207, 1.181
0.038, 0.197, 1.176
0.048, 0.200, 1.199
0.038, 0.190, 1.195
0.029, 0.180, 1.189
0.019, 0.169, 1.185
0.029, 0.173, 1.208
0.019, 0.162, 1.203
0.020, 0.155, 1.222
0.010, 0.144, 1.216
-0.000, 0.134, 1.211
0.010, 0.136, 1.234
0.000, 0.126, 1.230
-0.010, 0.115, 1.224
-0.020, 0.105, 1.219
-0.010, 0.107, 1.242
-0.020, 0.097, 1.237
-0.030, 0.086, 1.232
-0.030, 0.077, 1.250
-0.040, 0.067, 1.245
-0.040, 0.057, 1.264
-0.050, 0.047, 1.259
-0.060, 0.037, 1.254
-0.051, 0.037, 1.278
-0.061, 0.027, 1.274
-0.071, 0.016, 1.270
-0.081, 0.006, 1.265
-0.091, -0.005, 1.270
-0.103, -0.015, 1.282
-0.093, -0.015, 1.295
-0.082, -0.005, 1.289
-0.072, 0.006, 1.289
-0.083, -0.016, 1.310
-0.094, -0.026, 1.318
-0.096, -0.038, 1.339
-0.086, -0.050, 1.361
-0.098, -0.062, 1.373
-0.087, -0.062, 1.373
-0.075, -0.050, 1.366
-0.064, -0.039, 1.364
-0.076, -0.062, 1.375
-0.076, -0.074, 1.381
0.039, 0.183, 1.212
0.049, 0.193, 1.217
0.058, 0.211, 1.204
-0.043, -0.074, 1.382
-0.032, -0.062, 1.377
-0.010, -0.028, 1.361
0.022, 0.038, 1.331
0.033, 0.049, 1.326
0.063, 0.131, 1.289
0.083, 0.131, 1.290
0.103, 0.161, 1.277
0.121, 0.219, 1.251
0.130, 0.228, 1.247
0.140, 0.237, 1.243
0.139, 0.247, 1.239
0.149, 0.256, 1.235
0.148, 0.265, 1.231
0.148, 0.274, 1.227
0.147, 0.283, 1.223
0.147, 0.292, 1.219
0.146, 0.301, 1.215
0.146, 0.310, 1.211
0.145, 0.319, 1.208
0.145, 0.327, 1.204
0.144, 0.336, 1.200
0.134, 0.345, 1.196
0.124, 0.353, 1.191
0.114, 0.362, 1.187
0.104, 0.370, 1.184
0.094, 0.370, 1.183
0.084, 0.379, 1.180
0.075, 0.379, 1.180
0.065, 0.387, 1.176
0.055, 0.387, 1.176
0.046, 0.395, 1.172
0.036, 0.395, 1.172
0.036, 0.403, 1.168
0.026, 0.412, 1.164
0.017, 0.412, 1.164
0.007, 0.420, 1.160
-0.002, 0.420, 1.160
-0.011, 0.428, 1.157
-0.021, 0.428, 1.156
-0.030, 0.428, 1.156
-0.039, 0.436, 1.153
-0.049, 0.436, 1.153
-0.058, 0.444, 1.149
-0.067, 0.452, 1.145
-0.077, 0.452, 1.145
-0.086, 0.460, 1.142
-0.095, 0.468, 1.138
-0.104, 0.467, 1.138
-0.113, 0.475, 1.135
-0.122, 0.475, 1.134
-0.131, 0.483, 1.131
-0.140, 0.491, 1.128
-0.149, 0.491, 1.128
-0.158, 0.491, 1.127
-0.158, 0.498, 1.124
-0.166, 0.506, 1.121
-0.175, 0.506, 1.121
-0.184, 0.513, 1.117
-0.193, 0.513, 1.117
-0.202, 0.513, 1.117
-0.211, 0.521, 1.114
-0.220, 0.521, 1.114
-0.229, 0.521, 1.114
-0.238, 0.521, 1.114
-0.247, 0.521, 1.113
-0.256, 0.521, 1.113
-0.265, 0.521, 1.113
-0.274, 0.521, 1.113
-0.283, 0.521, 1.113
-0.292, 0.521, 1.113
-0.302, 0.513, 1.115
-0.312, 0.505, 1.118
-0.322, 0.498, 1.121
-0.321, 0.505, 1.118
-0.311, 0.513, 1.115
-0.319, 0.520, 1.112
-0.328, 0.520, 1.112
-0.337, 0.520, 1.112
-0.346, 0.520, 1.112
-0.355, 0.520, 1.112
-0.364, 0.520, 1.112
-0.373, 0.520, 1.111
-0.382, 0.520, 1.111
-0.391, 0.520, 1.111
-0.400, 0.520, 1.111
-0.409, 0.520, 1.111
-0.418, 0.520, 1.111
-0.427, 0.520, 1.111
-0.436, 0.519, 1.110
-0.445, 0.519, 1.110
-0.454, 0.519, 1.110
-0.463, 0.519, 1.110
-0.472, 0.519, 1.110
-0.482, 0.511, 1.112
-0.481, 0.519, 1.110
-0.484, 0.504, 1.115
-0.476, 0.496, 1.119
-0.485, 0.496, 1.118
-0.477, 0.489, 1.122
-0.479, 0.481, 1.125
-0.471, 0.473, 1.128
-0.480, 0.473, 1.128
-0.472, 0.465, 1.132
-0.474, 0.458, 1.135
-0.475, 0.450, 1.138
-0.467, 0.442, 1.142
-0.477, 0.442, 1.141
-0.469, 0.434, 1.145
-0.470, 0.426, 1.148
-0.472, 0.418, 1.152
-0.464, 0.410, 1.155
-0.473, 0.410, 1.155
-0.465, 0.402, 1.159
-0.467, 0.394, 1.162
-0.468, 0.386, 1.166
-0.460, 0.377, 1.169
-0.469, 0.377, 1.169
-0.462, 0.369, 1.173
-0.463, 0.361, 1.177
-0.464, 0.352, 1.180
-0.456, 0.344, 1.184
-0.466, 0.344, 1.184
-0.458, 0.335, 1.188
-0.459, 0.327, 1.191
-0.461, 0.318, 1.195
-0.453, 0.309, 1.199
-0.462, 0.309, 1.199
-0.454, 0.301, 1.203
-0.443, 0.309, 1.199
-0.432, 0.318, 1.196
-0.430, 0.327, 1.192
-0.419, 0.335, 1.188
-0.418, 0.344, 1.185
-0.407, 0.353, 1.181
-0.406, 0.361, 1.178
-0.404, 0.369, 1.174
-0.394, 0.378, 1.171
-0.392, 0.386, 1.167
-0.382, 0.394, 1.164
-0.380, 0.403, 1.160
-0.379, 0.411, 1.157
-0.369, 0.419, 1.153
-0.368, 0.427, 1.150
-0.357, 0.435, 1.147
-0.356, 0.443, 1.143
-0.346, 0.451, 1.140
-0.345, 0.459, 1.137
-0.344, 0.467, 1.134
-0.334, 0.474, 1.131
-0.323, 0.482, 1.127
-0.323, 0.490, 1.124
-0.324, 0.474, 1.131
-0.335, 0.467, 1.134
-0.347, 0.443, 1.144
-0.358, 0.427, 1.150
-0.370, 0.411, 1.157
-0.383, 0.386, 1.167
-0.395, 0.369, 1.174
-0.408, 0.344, 1.185
-0.420, 0.327, 1.192
-0.433, 0.310, 1.199
-0.444, 0.301, 1.203
-0.456, 0.292, 1.207
-0.446, 0.292, 1.207
-0.457, 0.283, 1.211
-0.447, 0.283, 1.211
-0.459, 0.274, 1.215
-0.310, 0.520, 1.112
-0.301, 0.521, 1.113
-0.202, 0.521, 1.114
-0.193, 0.521, 1.114
-0.183, 0.521, 1.114
-0.174, 0.521, 1.115
-0.165, 0.521, 1.115
-0.175, 0.513, 1.117
-0.156, 0.521, 1.115
-0.147, 0.521, 1.115
-0.138, 0.521, 1.115
-0.129, 0.521, 1.115
-0.120, 0.521, 1.115
-0.111, 0.522, 1.116
-0.102, 0.522, 1.116
-0.093, 0.522, 1.116
-0.084, 0.522, 1.116
-0.075, 0.521, 1.116
-0.066, 0.521, 1.116
-0.057, 0.522, 1.117
-0.048, 0.522, 1.117
-0.039, 0.522, 1.117
-0.030, 0.522, 1.117
-0.020, 0.522, 1.117
-0.011, 0.522, 1.117
-0.002, 0.522, 1.117
0.007, 0.522, 1.118
0.016, 0.522, 1.118
0.025, 0.522, 1.118
0.034, 0.522, 1.119
0.043, 0.522, 1.119
0.034, 0.514, 1.121
0.043, 0.507, 1.125
0.034, 0.506, 1.124
0.043, 0.499, 1.128
0.053, 0.499, 1.128
0.044, 0.491, 1.131
0.053, 0.483, 1.134
0.044, 0.483, 1.134
0.053, 0.476, 1.138
0.053, 0.468, 1.141
0.054, 0.460, 1.144
0.063, 0.452, 1.148
0.054, 0.452, 1.148
0.063, 0.444, 1.151
0.063, 0.436, 1.155
0.073, 0.428, 1.158
0.064, 0.428, 1.158
0.073, 0.420, 1.162
0.083, 0.420, 1.162
0.092, 0.427, 1.156
0.082, 0.436, 1.155
0.082, 0.444, 1.151
0.082, 0.451, 1.147
0.091, 0.442, 1.147
0.099, 0.447, 1.136
0.099, 0.455, 1.132
0.098, 0.462, 1.127
0.098, 0.469, 1.122
0.098, 0.476, 1.117
0.089, 0.486, 1.119
0.088, 0.493, 1.114
0.079, 0.502, 1.116
0.097, 0.483, 1.113
0.105, 0.486, 1.100
0.104, 0.492, 1.093
0.112, 0.479, 1.083
0.105, 0.480, 1.105
0.118, 0.474, 1.052
0.117, 0.478, 1.043
0.116, 0.483, 1.035
0.120, 0.468, 1.001
0.123, 0.450, 0.963
0.126, 0.430, 0.919
0.127, 0.409, 0.875
0.129, 0.392, 0.838
0.130, 0.376, 0.803
0.131, 0.362, 0.772
0.133, 0.350, 0.747
0.135, 0.339, 0.723
0.137, 0.330, 0.703
0.139, 0.321, 0.684
0.141, 0.312, 0.665
0.143, 0.306, 0.650
0.145, 0.303, 0.657
0.146, 0.301, 0.665
0.144, 0.303, 0.681
0.142, 0.310, 0.697
0.140, 0.319, 0.717
0.140, 0.327, 0.750
0.138, 0.329, 0.741
0.142, 0.313, 0.731
0.141, 0.324, 0.758
0.144, 0.303, 0.708
0.147, 0.298, 0.695
0.146, 0.302, 0.720
0.153, 0.298, 0.723
0.151, 0.306, 0.744
0.158, 0.302, 0.748
0.159, 0.293, 0.726
0.165, 0.308, 0.780
0.172, 0.316, 0.818
0.186, 0.348, 0.920
0.187, 0.364, 0.965
0.177, 0.368, 0.953
0.178, 0.387, 1.003
0.168, 0.392, 0.994
0.165, 0.404, 1.027
0.156, 0.411, 1.022
0.148, 0.421, 1.027
0.146, 0.431, 1.074
0.141, 0.434, 1.102
0.134, 0.431, 1.117
0.133, 0.437, 1.110
0.135, 0.425, 1.126
0.136, 0.419, 1.134
0.146, 0.411, 1.138
0.137, 0.412, 1.142
0.155, 0.410, 1.136
0.165, 0.404, 1.144
0.157, 0.398, 1.155
0.149, 0.393, 1.166
0.141, 0.386, 1.174
0.150, 0.385, 1.173
0.141, 0.378, 1.179
0.142, 0.370, 1.184
0.143, 0.362, 1.189
0.133, 0.353, 1.192
0.123, 0.362, 1.188
0.113, 0.370, 1.184
0.143, 0.353, 1.192
0.144, 0.344, 1.196
0.148, 0.399, 1.157
0.156, 0.404, 1.145
0.149, 0.429, 1.091
0.151, 0.426, 1.106
0.144, 0.433, 1.056
0.151, 0.407, 0.991
0.159, 0.397, 0.988
0.169, 0.375, 0.953
0.175, 0.349, 0.903
0.199, 0.365, 0.987
0.184, 0.331, 0.875
0.196, 0.333, 0.899
0.211, 0.363, 1.005
0.210, 0.376, 1.042
0.198, 0.349, 0.943
0.210, 0.348, 0.964
0.222, 0.374, 1.059
0.223, 0.363, 1.027
0.209, 0.334, 0.925
0.211, 0.325, 0.898
0.224, 0.350, 0.992
0.226, 0.341, 0.966
0.216, 0.322, 0.890
0.224, 0.323, 0.893
0.232, 0.338, 0.958
0.241, 0.340, 0.962
0.248, 0.353, 1.024
0.255, 0.352, 1.021
0.251, 0.343, 0.971
0.234, 0.326, 0.902
0.244, 0.330, 0.914
0.237, 0.319, 0.863
0.208, 0.293, 0.775
0.199, 0.288, 0.743
0.191, 0.290, 0.733
0.178, 0.285, 0.707
0.185, 0.288, 0.712
0.192, 0.289, 0.717
0.208, 0.291, 0.752
0.211, 0.293, 0.742
0.206, 0.292, 0.724
0.200, 0.290, 0.704
0.191, 0.289, 0.689
0.185, 0.289, 0.689
0.179, 0.289, 0.688
0.214, 0.296, 0.733
0.233, 0.307, 0.777
0.237, 0.310, 0.769
0.227, 0.302, 0.734
0.227, 0.301, 0.717
0.219, 0.295, 0.689
0.219, 0.293, 0.671
0.220, 0.293, 0.660
0.238, 0.309, 0.752
0.251, 0.319, 0.792
0.247, 0.317, 0.802
0.245, 0.316, 0.817
0.262, 0.331, 0.875
0.266, 0.338, 0.914
0.251, 0.328, 0.887
0.257, 0.338, 0.935
0.262, 0.347, 0.982
0.274, 0.353, 1.000
0.289, 0.361, 1.024
0.286, 0.356, 0.985
0.282, 0.348, 0.942
0.300, 0.361, 0.977
0.302, 0.366, 1.013
0.305, 0.370, 1.050
0.320, 0.377, 1.045
0.320, 0.375, 1.018
0.324, 0.379, 1.005
0.334, 0.388, 1.009
0.289, 0.351, 0.892
0.264, 0.330, 0.836
0.300, 0.363, 0.904
0.283, 0.350, 0.852
0.295, 0.363, 0.869
0.309, 0.379, 0.888
0.295, 0.368, 0.846
0.309, 0.384, 0.868
0.258, 0.334, 0.738
0.273, 0.351, 0.764
0.257, 0.336, 0.718
0.292, 0.375, 0.801
0.330, 0.414, 0.886
0.308, 0.388, 0.847
0.292, 0.369, 0.819
0.327, 0.405, 0.900
0.345, 0.425, 0.929
0.367, 0.451, 0.969
0.343, 0.417, 0.945
0.324, 0.396, 0.912
0.358, 0.427, 0.986
0.338, 0.405, 0.951
0.324, 0.389, 0.932
0.313, 0.377, 0.921
0.341, 0.402, 0.982
0.329, 0.390, 0.972
0.317, 0.377, 0.958
0.346, 0.401, 1.022
0.356, 0.412, 1.029
0.359, 0.408, 1.061
0.347, 0.396, 1.052
0.341, 0.390, 1.058
0.352, 0.414, 0.991
0.231, 0.308, 0.815
0.217, 0.296, 0.765
0.148, 0.299, 0.672
0.119, 0.470, 1.063
0.108, 0.445, 1.130
0.109, 0.438, 1.136
0.100, 0.433, 1.148
0.091, 0.435, 1.152
0.109, 0.431, 1.142
0.092, 0.419, 1.161
0.062, 0.506, 1.124
0.061, 0.514, 1.121
0.061, 0.522, 1.118
-0.157, 0.506, 1.121
-0.131, 0.491, 1.128
-0.122, 0.483, 1.131
-0.104, 0.475, 1.135
-0.085, 0.468, 1.138
-0.076, 0.460, 1.142
-0.058, 0.452, 1.146
-0.049, 0.444, 1.149
-0.030, 0.436, 1.153
-0.002, 0.428, 1.157
0.017, 0.420, 1.161
0.036, 0.412, 1.165
0.055, 0.395, 1.172
0.074, 0.387, 1.176
0.094, 0.379, 1.180
0.149, 0.246, 1.239
0.150, 0.237, 1.244
0.151, 0.228, 1.248
0.199, -0.040, 1.371
0.198, -0.029, 1.365
0.208, -0.029, 1.359
0.217, -0.017, 1.341
0.214, -0.006, 1.328
0.212, 0.004, 1.315
0.211, 0.015, 1.303
0.209, 0.026, 1.293
0.208, 0.036, 1.288
0.207, 0.046, 1.283
0.207, 0.056, 1.278
0.206, 0.067, 1.274
0.205, 0.077, 1.269
0.204, 0.087, 1.265
0.203, 0.097, 1.260
0.203, 0.107, 1.256
0.202, 0.116, 1.251
0.201, 0.126, 1.247
0.200, 0.136, 1.242
0.199, 0.145, 1.236
0.199, 0.155, 1.231
0.198, 0.164, 1.226
0.197, 0.173, 1.221
0.196, 0.183, 1.217
0.195, 0.192, 1.212
0.195, 0.201, 1.209
0.194, 0.210, 1.206
0.193, 0.219, 1.201
0.193, 0.228, 1.195
0.192, 0.236, 1.190
0.191, 0.245, 1.184
0.190, 0.254, 1.179
0.189, 0.262, 1.175
0.189, 0.271, 1.172
0.188, 0.280, 1.170
0.188, 0.289, 1.168
0.187, 0.298, 1.166
0.187, 0.307, 1.164
0.193, 0.301, 1.142
0.199, 0.296, 1.122
0.199, 0.287, 1.124
0.200, 0.279, 1.126
0.200, 0.270, 1.128
0.200, 0.261, 1.130
0.201, 0.253, 1.132
0.202, 0.244, 1.136
0.202, 0.236, 1.141
0.203, 0.228, 1.146
0.204, 0.220, 1.152
0.205, 0.211, 1.157
0.206, 0.203, 1.163
0.207, 0.194, 1.165
0.207, 0.185, 1.169
0.208, 0.176, 1.174
0.209, 0.167, 1.178
0.210, 0.158, 1.183
0.211, 0.149, 1.188
0.212, 0.140, 1.193
0.213, 0.131, 1.200
0.214, 0.122, 1.204
0.215, 0.112, 1.208
0.215, 0.103, 1.212
0.216, 0.093, 1.216
0.217, 0.084, 1.220
0.218, 0.074, 1.225
0.219, 0.064, 1.229
0.219, 0.054, 1.233
0.214, 0.045, 1.261
0.220, 0.045, 1.238
0.215, 0.035, 1.265
0.216, 0.025, 1.270
0.225, 0.015, 1.264
0.218, 0.015, 1.284
0.228, 0.004, 1.284
0.223, -0.006, 1.316
0.232, -0.006, 1.304
0.226, -0.017, 1.333
0.235, -0.017, 1.324
0.240, -0.006, 1.290
0.235, 0.004, 1.266
0.247, -0.006, 1.277
0.244, -0.017, 1.314
0.253, -0.017, 1.304
0.262, -0.017, 1.300
0.266, -0.006, 1.268
0.276, -0.006, 1.264
0.272, -0.017, 1.297
0.282, -0.017, 1.294
0.285, -0.006, 1.259
0.294, -0.006, 1.256
0.291, -0.017, 1.289
0.308, -0.028, 1.316
0.298, -0.028, 1.319
0.317, -0.028, 1.313
0.327, -0.028, 1.311
0.338, -0.028, 1.309
0.348, -0.028, 1.308
0.358, -0.028, 1.308
0.369, -0.028, 1.307
0.379, -0.028, 1.307
0.389, -0.028, 1.306
0.399, -0.028, 1.305
0.409, -0.028, 1.304
0.419, -0.028, 1.303
0.429, -0.028, 1.300
0.438, -0.028, 1.296
0.435, -0.017, 1.256
0.414, -0.006, 1.224
0.406, -0.006, 1.228
0.397, -0.006, 1.232
0.388, -0.006, 1.234
0.379, -0.006, 1.236
0.369, -0.006, 1.238
0.360, -0.006, 1.240
0.350, -0.006, 1.241
0.341, -0.006, 1.243
0.331, -0.006, 1.244
0.322, -0.006, 1.246
0.312, -0.006, 1.248
0.303, -0.006, 1.252
0.423, -0.006, 1.219
0.444, -0.017, 1.252
0.447, -0.028, 1.293
0.456, -0.027, 1.289
0.452, -0.016, 1.248
0.461, -0.016, 1.244
0.466, -0.027, 1.286
0.475, -0.027, 1.282
0.469, -0.016, 1.239
0.477, -0.016, 1.234
0.483, -0.027, 1.278
0.492, -0.027, 1.274
0.486, -0.016, 1.231
0.495, -0.016, 1.229
0.501, -0.027, 1.270
0.510, -0.027, 1.269
0.504, -0.016, 1.227
0.512, -0.016, 1.223
0.520, -0.016, 1.219
0.529, -0.016, 1.217
0.538, -0.016, 1.215
0.547, -0.016, 1.213
0.579, -0.027, 1.264
0.585, -0.038, 1.300
0.574, -0.038, 1.300
0.564, -0.038, 1.300
0.554, -0.038, 1.301
0.545, -0.038, 1.304
0.536, -0.039, 1.308
0.526, -0.039, 1.309
0.566, -0.027, 1.256
0.601, -0.039, 1.312
0.617, -0.039, 1.324
0.220, -0.040, 1.366
0.211, -0.051, 1.376
0.210, -0.040, 1.369
0.231, -0.040, 1.365
0.290, -0.075, 1.388
0.538, -0.086, 1.396
0.585, -0.098, 1.402
0.596, -0.098, 1.403
0.599, -0.170, 1.437
0.604, -0.259, 1.479
0.607, -0.339, 1.517
0.597, -0.353, 1.523
0.600, -0.367, 1.530
-0.494, -0.167, 1.491
-0.518, -0.184, 1.531
-0.497, -0.181, 1.504
-0.522, -0.198, 1.545
-0.505, -0.210, 1.531
-0.526, -0.213, 1.559
-0.509, -0.224, 1.544
-0.484, -0.207, 1.503
-0.481, -0.192, 1.489
-0.477, -0.179, 1.476
-0.488, -0.221, 1.517
-0.513, -0.238, 1.558
-0.492, -0.235, 1.530
-0.516, -0.252, 1.566
-0.493, -0.248, 1.535
-0.471, -0.231, 1.501
-0.469, -0.256, 1.498
-0.492, -0.273, 1.532
-0.493, -0.261, 1.534
-0.467, -0.267, 1.491
-0.490, -0.285, 1.527
-0.464, -0.277, 1.481
-0.488, -0.296, 1.520
-0.460, -0.287, 1.468
-0.485, -0.306, 1.509
-0.455, -0.296, 1.451
-0.482, -0.317, 1.501
-0.451, -0.305, 1.438
-0.481, -0.328, 1.498
-0.448, -0.315, 1.431
-0.480, -0.340, 1.497
-0.447, -0.326, 1.427
-0.482, -0.354, 1.503
-0.447, -0.338, 1.430
-0.485, -0.368, 1.512
-0.449, -0.351, 1.437
-0.489, -0.384, 1.528
-0.453, -0.366, 1.450
-0.495, -0.400, 1.546
-0.458, -0.382, 1.468
-0.503, -0.419, 1.571
-0.466, -0.400, 1.492
-0.423, -0.362, 1.388
-0.430, -0.380, 1.412
-0.475, -0.419, 1.521
-0.438, -0.399, 1.442
-0.483, -0.438, 1.548
-0.446, -0.417, 1.468
-0.492, -0.459, 1.578
-0.455, -0.437, 1.498
-0.411, -0.396, 1.388
-0.419, -0.415, 1.418
-0.463, -0.457, 1.525
-0.427, -0.434, 1.445
-0.472, -0.478, 1.556
-0.436, -0.455, 1.475
-0.481, -0.499, 1.584
-0.444, -0.475, 1.503
-0.490, -0.522, 1.617
-0.464, -0.521, 1.573
-0.501, -0.546, 1.654
-0.477, -0.547, 1.615
-0.428, -0.496, 1.492
-0.418, -0.472, 1.454
-0.409, -0.451, 1.423
-0.405, -0.495, 1.453
-0.452, -0.547, 1.574
-0.488, -0.573, 1.655
-0.440, -0.521, 1.534
-0.416, -0.520, 1.492
-0.463, -0.573, 1.613
-0.427, -0.545, 1.532
-0.474, -0.599, 1.653
-0.438, -0.571, 1.571
-0.393, -0.517, 1.450
-0.403, -0.543, 1.489
-0.448, -0.596, 1.607
-0.413, -0.567, 1.525
-0.457, -0.621, 1.641
-0.422, -0.591, 1.558
-0.464, -0.644, 1.667
-0.436, -0.637, 1.611
-0.472, -0.668, 1.695
-0.444, -0.661, 1.640
-0.401, -0.605, 1.528
-0.394, -0.583, 1.502
-0.387, -0.561, 1.475
-0.408, -0.628, 1.556
-0.451, -0.685, 1.669
-0.416, -0.652, 1.585
-0.462, -0.715, 1.710
-0.443, -0.720, 1.688
-0.475, -0.748, 1.756
-0.457, -0.756, 1.742
-0.412, -0.692, 1.621
-0.396, -0.654, 1.558
-0.382, -0.620, 1.504
-0.428, -0.732, 1.684
-0.471, -0.793, 1.795
-0.508, -0.845, 1.880
-0.536, -0.880, 1.925
-0.556, -0.903, 1.941
-0.540, -0.903, 1.941
-0.484, -0.830, 1.846
-0.443, -0.771, 1.745
-0.418, -0.751, 1.697
-0.459, -0.812, 1.805
-0.434, -0.794, 1.765
-0.393, -0.731, 1.651
-0.374, -0.721, 1.626
-0.411, -0.778, 1.727
-0.346, -0.679, 1.559
-0.322, -0.646, 1.508
-0.310, -0.611, 1.451
-0.290, -0.583, 1.411
-0.289, -0.549, 1.354
-0.276, -0.535, 1.346
-0.285, -0.521, 1.335
-0.284, -0.508, 1.330
-0.292, -0.494, 1.320
-0.291, -0.481, 1.315
-0.290, -0.469, 1.309
-0.289, -0.456, 1.303
-0.297, -0.442, 1.292
-0.295, -0.430, 1.286
-0.294, -0.417, 1.280
-0.302, -0.404, 1.270
-0.301, -0.392, 1.264
-0.309, -0.379, 1.255
-0.308, -0.367, 1.250
-0.307, -0.356, 1.245
-0.305, -0.344, 1.240
-0.313, -0.332, 1.231
-0.304, -0.333, 1.235
-0.295, -0.334, 1.240
-0.286, -0.335, 1.243
-0.276, -0.336, 1.247
-0.265, -0.326, 1.246
-0.256, -0.327, 1.250
-0.267, -0.337, 1.251
-0.246, -0.328, 1.255
-0.237, -0.329, 1.259
-0.227, -0.329, 1.262
-0.216, -0.319, 1.262
-0.207, -0.320, 1.266
-0.217, -0.330, 1.267
-0.197, -0.321, 1.270
-0.186, -0.310, 1.269
-0.176, -0.311, 1.273
-0.187, -0.322, 1.274
-0.166, -0.312, 1.277
-0.156, -0.313, 1.282
-0.146, -0.314, 1.286
-0.136, -0.314, 1.290
-0.125, -0.304, 1.290
-0.115, -0.305, 1.294
-0.126, -0.315, 1.295
-0.105, -0.305, 1.298
-0.095, -0.306, 1.302
-0.084, -0.295, 1.301
-0.084, -0.307, 1.307
-0.085, -0.319, 1.312
-0.085, -0.331, 1.317
-0.086, -0.343, 1.323
-0.086, -0.356, 1.329
-0.087, -0.368, 1.336
-0.077, -0.382, 1.348
-0.088, -0.381, 1.343
-0.078, -0.395, 1.355
-0.078, -0.409, 1.362
-0.079, -0.422, 1.370
-0.068, -0.436, 1.382
-0.079, -0.435, 1.377
-0.069, -0.450, 1.388
-0.069, -0.463, 1.394
-0.070, -0.476, 1.400
-0.070, -0.489, 1.406
-0.071, -0.504, 1.416
-0.072, -0.525, 1.442
-0.063, -0.555, 1.494
-0.075, -0.550, 1.480
-0.052, -0.560, 1.508
-0.039, -0.541, 1.490
-0.028, -0.551, 1.518
-0.040, -0.566, 1.524
-0.015, -0.540, 1.521
-0.015, -0.521, 1.501
-0.015, -0.507, 1.495
-0.014, -0.493, 1.490
-0.014, -0.480, 1.485
-0.014, -0.466, 1.481
-0.014, -0.453, 1.477
-0.025, -0.431, 1.441
-0.024, -0.418, 1.438
-0.024, -0.406, 1.435
-0.024, -0.394, 1.434
-0.024, -0.382, 1.432
-0.034, -0.361, 1.397
-0.034, -0.350, 1.395
-0.034, -0.338, 1.393
-0.034, -0.326, 1.391
-0.033, -0.314, 1.387
-0.033, -0.302, 1.384
-0.033, -0.290, 1.380
-0.033, -0.278, 1.377
-0.033, -0.266, 1.377
-0.022, -0.261, 1.407
-0.022, -0.250, 1.409
-0.022, -0.272, 1.406
-0.022, -0.284, 1.407
-0.022, -0.296, 1.411
-0.023, -0.308, 1.415
-0.012, -0.327, 1.448
-0.023, -0.321, 1.418
-0.012, -0.340, 1.452
-0.012, -0.352, 1.455
-0.013, -0.365, 1.457
-0.024, -0.369, 1.429
-0.013, -0.377, 1.460
-0.013, -0.390, 1.463
-0.013, -0.402, 1.465
-0.002, -0.422, 1.496
-0.013, -0.414, 1.466
-0.002, -0.435, 1.498
-0.014, -0.440, 1.471
-0.002, -0.448, 1.501
-0.002, -0.462, 1.506
-0.002, -0.475, 1.511
-0.003, -0.489, 1.516
-0.003, -0.503, 1.520
-0.003, -0.516, 1.525
-0.003, -0.531, 1.532
0.009, -0.559, 1.576
-0.003, -0.550, 1.550
-0.016, -0.560, 1.545
0.009, -0.577, 1.592
0.009, -0.595, 1.607
0.009, -0.614, 1.623
0.022, -0.636, 1.647
0.008, -0.653, 1.658
0.009, -0.633, 1.641
0.008, -0.671, 1.669
-0.005, -0.688, 1.677
0.008, -0.688, 1.677
-0.005, -0.705, 1.685
-0.006, -0.722, 1.694
-0.006, -0.739, 1.702
-0.006, -0.756, 1.710
-0.006, -0.774, 1.720
-0.006, -0.791, 1.728
-0.020, -0.808, 1.735
-0.034, -0.808, 1.735
-0.048, -0.809, 1.735
-0.062, -0.808, 1.734
-0.076, -0.808, 1.734
-0.090, -0.808, 1.734
-0.104, -0.808, 1.734
-0.118, -0.808, 1.733
-0.132, -0.808, 1.733
-0.146, -0.808, 1.733
-0.160, -0.808, 1.733
-0.174, -0.808, 1.732
-0.188, -0.808, 1.732
-0.202, -0.808, 1.732
-0.216, -0.808, 1.732
-0.230, -0.807, 1.731
-0.244, -0.807, 1.731
-0.258, -0.807, 1.731
-0.272, -0.807, 1.731
-0.286, -0.807, 1.730
-0.300, -0.807, 1.730
-0.314, -0.807, 1.730
-0.299, -0.790, 1.723
-0.310, -0.771, 1.711
-0.323, -0.769, 1.706
-0.316, -0.738, 1.668
-0.316, -0.696, 1.599
-0.325, -0.689, 1.581
-0.347, -0.720, 1.626
-0.360, -0.720, 1.624
-0.335, -0.682, 1.566
-0.295, -0.667, 1.559
-0.293, -0.625, 1.486
-0.301, -0.617, 1.467
-0.274, -0.598, 1.449
-0.264, -0.566, 1.397
-0.267, -0.538, 1.353
-0.280, -0.554, 1.365
-0.275, -0.522, 1.340
-0.274, -0.510, 1.335
-0.283, -0.495, 1.325
-0.264, -0.511, 1.339
-0.253, -0.500, 1.339
-0.243, -0.502, 1.344
-0.254, -0.513, 1.344
-0.245, -0.528, 1.355
-0.257, -0.542, 1.363
-0.255, -0.526, 1.350
-0.248, -0.546, 1.374
-0.235, -0.530, 1.361
-0.233, -0.516, 1.354
-0.232, -0.504, 1.348
-0.231, -0.491, 1.343
-0.221, -0.493, 1.348
-0.211, -0.494, 1.353
-0.201, -0.496, 1.357
-0.212, -0.507, 1.358
-0.223, -0.518, 1.359
-0.215, -0.537, 1.380
-0.225, -0.534, 1.370
-0.239, -0.551, 1.387
-0.239, -0.588, 1.452
-0.257, -0.612, 1.485
-0.265, -0.605, 1.467
-0.284, -0.632, 1.503
-0.285, -0.674, 1.576
-0.306, -0.703, 1.614
-0.305, -0.744, 1.680
-0.285, -0.716, 1.646
-0.275, -0.680, 1.592
-0.257, -0.653, 1.557
-0.246, -0.660, 1.573
-0.265, -0.688, 1.610
-0.263, -0.728, 1.674
-0.280, -0.751, 1.698
-0.297, -0.772, 1.713
-0.293, -0.748, 1.690
-0.274, -0.722, 1.661
-0.267, -0.754, 1.704
-0.251, -0.732, 1.684
-0.244, -0.700, 1.639
-0.236, -0.666, 1.588
-0.238, -0.734, 1.690
-0.254, -0.755, 1.706
-0.269, -0.772, 1.715
-0.285, -0.790, 1.723
-0.271, -0.790, 1.724
-0.256, -0.772, 1.715
-0.242, -0.773, 1.716
-0.227, -0.755, 1.707
-0.225, -0.736, 1.695
-0.228, -0.773, 1.716
-0.247, -0.580, 1.432
-0.230, -0.594, 1.469
-0.213, -0.570, 1.436
-0.196, -0.547, 1.405
-0.202, -0.522, 1.369
-0.201, -0.509, 1.363
-0.190, -0.497, 1.362
-0.180, -0.499, 1.367
-0.168, -0.488, 1.366
-0.158, -0.489, 1.371
-0.169, -0.501, 1.372
-0.180, -0.512, 1.373
-0.192, -0.525, 1.377
-0.182, -0.528, 1.386
-0.170, -0.514, 1.378
-0.159, -0.516, 1.384
-0.172, -0.532, 1.396
-0.187, -0.552, 1.421
-0.184, -0.588, 1.483
-0.200, -0.613, 1.518
-0.210, -0.607, 1.501
-0.220, -0.601, 1.486
-0.194, -0.582, 1.469
-0.168, -0.564, 1.452
-0.162, -0.536, 1.408
-0.149, -0.519, 1.393
-0.148, -0.504, 1.382
-0.147, -0.491, 1.376
-0.136, -0.493, 1.381
-0.126, -0.494, 1.386
-0.126, -0.508, 1.393
-0.139, -0.522, 1.402
-0.153, -0.541, 1.423
-0.147, -0.575, 1.482
-0.158, -0.569, 1.467
-0.173, -0.593, 1.498
-0.132, -0.552, 1.452
-0.128, -0.526, 1.413
-0.137, -0.580, 1.496
-0.006, -0.808, 1.735
-0.300, -0.380, 1.259
-0.293, -0.405, 1.274
-0.287, -0.444, 1.297
-0.420, 0.182, 1.187
-0.422, 0.192, 1.193
-0.406, 0.199, 1.176
-0.408, 0.209, 1.181
-0.409, 0.220, 1.186
-0.394, 0.226, 1.170
-0.396, 0.237, 1.175
-0.380, 0.243, 1.158
-0.382, 0.254, 1.164
-0.368, 0.259, 1.148
-0.370, 0.270, 1.155
-0.372, 0.281, 1.161
-0.357, 0.287, 1.145
-0.359, 0.297, 1.151
-0.345, 0.302, 1.135
-0.346, 0.313, 1.141
-0.348, 0.324, 1.146
-0.334, 0.328, 1.130
-0.335, 0.339, 1.135
-0.321, 0.343, 1.119
-0.323, 0.354, 1.125
-0.309, 0.358, 1.109
-0.311, 0.369, 1.115
-0.313, 0.380, 1.121
-0.299, 0.384, 1.106
-0.301, 0.395, 1.112
-0.288, 0.399, 1.097
-0.290, 0.410, 1.103
-0.277, 0.413, 1.088
-0.278, 0.424, 1.094
-0.266, 0.427, 1.079
-0.268, 0.439, 1.088
-0.270, 0.451, 1.097
-0.260, 0.459, 1.094
-0.262, 0.472, 1.103
-0.252, 0.469, 1.097
-0.242, 0.467, 1.093
-0.249, 0.455, 1.085
-0.258, 0.446, 1.083
-0.246, 0.441, 1.071
-0.255, 0.432, 1.071
-0.252, 0.419, 1.060
-0.264, 0.416, 1.074
-0.263, 0.405, 1.068
-0.275, 0.402, 1.083
-0.261, 0.394, 1.062
-0.274, 0.391, 1.076
-0.286, 0.388, 1.091
-0.272, 0.380, 1.071
-0.285, 0.377, 1.086
-0.298, 0.373, 1.100
-0.283, 0.366, 1.079
-0.296, 0.362, 1.094
-0.295, 0.352, 1.088
-0.308, 0.347, 1.103
-0.306, 0.337, 1.098
-0.320, 0.333, 1.114
-0.305, 0.327, 1.093
-0.318, 0.322, 1.109
-0.332, 0.318, 1.125
-0.317, 0.312, 1.104
-0.331, 0.307, 1.119
-0.329, 0.297, 1.114
-0.343, 0.292, 1.129
-0.327, 0.286, 1.108
-0.341, 0.281, 1.124
-0.355, 0.276, 1.140
-0.339, 0.271, 1.118
-0.353, 0.265, 1.133
-0.351, 0.255, 1.126
-0.366, 0.249, 1.142
-0.364, 0.238, 1.136
-0.379, 0.232, 1.153
-0.377, 0.222, 1.147
-0.392, 0.216, 1.164
-0.375, 0.212, 1.141
-0.390, 0.205, 1.158
-0.389, 0.195, 1.154
-0.404, 0.189, 1.170
-0.402, 0.178, 1.164
-0.417, 0.171, 1.180
-0.229, 0.451, 1.074
-0.540, 0.183, 1.341
-0.538, 0.141, 1.361
-0.575, -0.108, 1.551
-0.579, -0.122, 1.562
-0.606, -0.205, 1.604
-0.602, -0.261, 1.631
-0.596, -0.305, 1.652
-0.617, -0.521, 1.754
-0.611, -0.571, 1.779
-0.610, -0.658, 1.821
-0.601, -0.694, 1.839
-0.589, -0.712, 1.848
-0.588, -0.805, 1.894
-0.584, -0.883, 1.932
-0.602, -0.902, 1.940
-0.587, -0.902, 1.940
-0.670, 0.580, 1.244
RegionID:4
Center:0.224,-0.541,1.530
Normal:0.627,-0.726,-0.283
NumPatches:87
0.064, -0.769, 1.651
0.052, -0.783, 1.683
0.051, -0.765, 1.674
0.051, -0.747, 1.664
0.050, -0.732, 1.661
0.050, -0.718, 1.660
0.062, -0.708, 1.636
0.074, -0.687, 1.616
0.086, -0.668, 1.601
0.097, -0.659, 1.578
0.085, -0.677, 1.591
0.074, -0.698, 1.610
0.074, -0.709, 1.606
0.063, -0.735, 1.635
0.074, -0.721, 1.604
0.063, -0.752, 1.643
0.075, -0.754, 1.618
0.096, -0.667, 1.565
0.108, -0.652, 1.561
0.109, -0.645, 1.575
0.110, -0.637, 1.589
0.123, -0.623, 1.586
0.134, -0.617, 1.569
0.121, -0.631, 1.572
0.133, -0.625, 1.555
0.120, -0.638, 1.558
0.145, -0.611, 1.553
0.146, -0.604, 1.568
0.157, -0.598, 1.552
0.169, -0.585, 1.551
0.171, -0.576, 1.565
0.181, -0.571, 1.549
0.193, -0.557, 1.548
0.206, -0.539, 1.549
0.225, -0.517, 1.542
0.239, -0.512, 1.519
0.222, -0.526, 1.520
0.202, -0.552, 1.528
0.191, -0.567, 1.532
0.180, -0.580, 1.534
0.168, -0.593, 1.536
0.156, -0.606, 1.538
0.203, -0.561, 1.512
0.219, -0.543, 1.504
0.236, -0.524, 1.503
0.249, -0.509, 1.502
0.252, -0.500, 1.518
0.264, -0.487, 1.515
0.276, -0.474, 1.512
0.288, -0.462, 1.512
0.297, -0.458, 1.498
0.286, -0.470, 1.498
0.273, -0.483, 1.499
0.262, -0.496, 1.501
0.259, -0.505, 1.487
0.247, -0.520, 1.488
0.283, -0.479, 1.484
0.295, -0.467, 1.484
0.307, -0.454, 1.483
0.309, -0.445, 1.496
0.320, -0.432, 1.493
0.332, -0.420, 1.490
0.341, -0.416, 1.475
0.329, -0.429, 1.478
0.318, -0.441, 1.480
0.327, -0.437, 1.466
0.316, -0.450, 1.469
0.304, -0.463, 1.471
0.338, -0.425, 1.463
0.349, -0.412, 1.460
0.352, -0.403, 1.472
0.363, -0.391, 1.470
0.374, -0.378, 1.469
0.386, -0.366, 1.467
0.397, -0.354, 1.465
0.394, -0.363, 1.454
0.383, -0.375, 1.455
0.371, -0.387, 1.456
0.360, -0.399, 1.458
0.368, -0.396, 1.444
0.357, -0.408, 1.445
0.346, -0.421, 1.448
0.380, -0.384, 1.442
0.391, -0.372, 1.441
0.399, -0.369, 1.428
0.388, -0.381, 1.429
0.377, -0.393, 1.431
RegionID:2
Center:0.808,-0.347,1.623
Normal:0.454,-0.308,-0.836
NumPatches:421
0.489, -0.518, 1.431
0.475, -0.504, 1.424
0.461, -0.489, 1.417
0.447, -0.475, 1.410
0.434, -0.461, 1.403
0.422, -0.461, 1.402
0.411, -0.461, 1.402
0.399, -0.461, 1.402
0.390, -0.474, 1.408
0.380, -0.488, 1.415
0.371, -0.503, 1.424
0.360, -0.503, 1.424
0.351, -0.518, 1.434
0.339, -0.518, 1.435
0.329, -0.532, 1.441
0.319, -0.546, 1.448
0.309, -0.560, 1.454
0.299, -0.575, 1.461
0.287, -0.575, 1.461
0.276, -0.589, 1.468
0.266, -0.604, 1.475
0.255, -0.619, 1.482
0.245, -0.634, 1.490
0.233, -0.634, 1.489
0.222, -0.649, 1.496
0.211, -0.663, 1.502
0.200, -0.678, 1.508
0.187, -0.678, 1.507
0.176, -0.693, 1.515
0.165, -0.708, 1.521
0.153, -0.708, 1.520
0.140, -0.708, 1.520
0.164, -0.693, 1.514
0.175, -0.677, 1.507
0.177, -0.708, 1.521
0.189, -0.709, 1.521
0.202, -0.709, 1.522
0.214, -0.709, 1.522
0.226, -0.709, 1.523
0.239, -0.710, 1.524
0.251, -0.710, 1.525
0.264, -0.711, 1.526
0.276, -0.712, 1.527
0.289, -0.712, 1.528
0.301, -0.713, 1.529
0.314, -0.713, 1.529
0.326, -0.714, 1.530
0.338, -0.714, 1.530
0.351, -0.714, 1.530
0.363, -0.714, 1.530
0.376, -0.714, 1.531
0.388, -0.714, 1.530
0.400, -0.715, 1.531
0.413, -0.715, 1.531
0.425, -0.715, 1.532
0.438, -0.715, 1.532
0.448, -0.700, 1.525
0.446, -0.684, 1.518
0.458, -0.685, 1.518
0.471, -0.685, 1.518
0.474, -0.702, 1.529
0.494, -0.725, 1.551
0.477, -0.720, 1.540
0.505, -0.711, 1.547
0.498, -0.689, 1.526
0.513, -0.692, 1.534
0.529, -0.697, 1.544
0.559, -0.732, 1.594
0.551, -0.751, 1.607
0.531, -0.741, 1.586
0.511, -0.732, 1.567
0.540, -0.724, 1.576
0.579, -0.741, 1.614
0.600, -0.751, 1.634
0.624, -0.764, 1.663
0.675, -0.820, 1.758
0.642, -0.798, 1.708
0.709, -0.843, 1.808
0.744, -0.865, 1.857
0.765, -0.857, 1.872
0.746, -0.822, 1.826
0.721, -0.782, 1.767
0.759, -0.806, 1.822
0.797, -0.828, 1.875
0.828, -0.844, 1.912
0.866, -0.882, 1.963
0.845, -0.877, 1.952
0.884, -0.883, 1.967
0.889, -0.904, 1.978
0.909, -0.924, 1.987
0.893, -0.924, 1.987
0.926, -0.924, 1.988
0.942, -0.924, 1.988
0.958, -0.925, 1.989
0.975, -0.925, 1.989
0.991, -0.925, 1.990
1.007, -0.925, 1.990
1.024, -0.925, 1.991
1.040, -0.926, 1.991
1.056, -0.926, 1.992
1.073, -0.926, 1.992
1.089, -0.926, 1.993
1.105, -0.926, 1.993
1.122, -0.926, 1.994
1.138, -0.927, 1.994
1.155, -0.927, 1.995
1.171, -0.927, 1.995
1.187, -0.927, 1.995
1.204, -0.927, 1.996
1.220, -0.927, 1.996
1.231, -0.908, 1.988
1.225, -0.887, 1.978
1.219, -0.867, 1.968
1.213, -0.847, 1.958
1.207, -0.827, 1.948
1.201, -0.807, 1.938
1.195, -0.788, 1.928
1.189, -0.768, 1.919
1.183, -0.749, 1.909
1.177, -0.730, 1.900
1.172, -0.712, 1.890
1.166, -0.693, 1.881
1.161, -0.675, 1.872
1.155, -0.656, 1.863
1.150, -0.638, 1.854
1.145, -0.621, 1.846
1.139, -0.603, 1.837
1.134, -0.585, 1.828
1.129, -0.568, 1.819
1.124, -0.550, 1.811
1.119, -0.533, 1.802
1.114, -0.516, 1.794
1.109, -0.499, 1.786
1.104, -0.483, 1.778
1.099, -0.466, 1.769
1.095, -0.449, 1.761
1.090, -0.433, 1.754
1.085, -0.417, 1.746
1.081, -0.401, 1.738
1.076, -0.385, 1.730
1.072, -0.369, 1.723
1.067, -0.353, 1.715
1.063, -0.337, 1.707
1.058, -0.321, 1.699
1.053, -0.306, 1.692
1.049, -0.290, 1.684
1.044, -0.275, 1.677
1.040, -0.260, 1.670
1.036, -0.245, 1.663
1.031, -0.230, 1.655
1.026, -0.216, 1.648
1.022, -0.201, 1.641
1.017, -0.187, 1.634
1.013, -0.172, 1.627
1.008, -0.158, 1.620
1.004, -0.144, 1.613
1.000, -0.131, 1.606
0.995, -0.117, 1.600
0.991, -0.104, 1.594
0.987, -0.090, 1.586
0.983, -0.077, 1.580
0.979, -0.064, 1.574
0.975, -0.051, 1.568
0.971, -0.038, 1.562
0.967, -0.025, 1.556
0.963, -0.013, 1.550
0.959, -0.000, 1.543
0.955, 0.012, 1.537
0.951, 0.024, 1.531
0.947, 0.037, 1.525
0.943, 0.049, 1.519
0.940, 0.061, 1.514
0.936, 0.073, 1.508
0.933, 0.085, 1.502
0.929, 0.096, 1.497
0.926, 0.108, 1.491
0.922, 0.119, 1.486
0.919, 0.131, 1.480
0.915, 0.142, 1.475
0.912, 0.154, 1.470
0.908, 0.165, 1.464
0.905, 0.176, 1.459
0.902, 0.187, 1.454
0.899, 0.198, 1.448
0.895, 0.209, 1.443
0.892, 0.220, 1.438
0.889, 0.231, 1.433
0.886, 0.241, 1.428
0.883, 0.252, 1.423
0.880, 0.262, 1.419
0.877, 0.273, 1.414
0.874, 0.283, 1.409
0.871, 0.294, 1.404
0.868, 0.304, 1.399
0.865, 0.314, 1.395
0.862, 0.324, 1.390
0.859, 0.334, 1.385
0.856, 0.344, 1.381
0.853, 0.354, 1.376
0.850, 0.364, 1.372
0.847, 0.374, 1.367
0.845, 0.384, 1.363
0.842, 0.393, 1.359
0.839, 0.403, 1.354
0.837, 0.413, 1.350
0.834, 0.422, 1.346
0.831, 0.431, 1.341
0.828, 0.441, 1.337
0.826, 0.450, 1.333
0.823, 0.460, 1.329
0.821, 0.469, 1.325
0.818, 0.478, 1.321
0.816, 0.487, 1.317
0.813, 0.496, 1.313
0.811, 0.505, 1.309
0.808, 0.514, 1.305
0.806, 0.523, 1.301
0.803, 0.532, 1.297
0.801, 0.541, 1.293
0.798, 0.549, 1.289
0.796, 0.558, 1.284
0.793, 0.567, 1.280
0.791, 0.576, 1.277
0.789, 0.584, 1.273
0.777, 0.593, 1.270
0.766, 0.593, 1.270
0.756, 0.592, 1.270
0.747, 0.584, 1.272
0.745, 0.592, 1.269
0.749, 0.575, 1.276
0.752, 0.567, 1.280
0.754, 0.558, 1.283
0.756, 0.549, 1.287
0.758, 0.540, 1.292
0.761, 0.532, 1.296
0.753, 0.523, 1.300
0.763, 0.523, 1.300
0.755, 0.514, 1.304
0.757, 0.505, 1.307
0.759, 0.496, 1.311
0.762, 0.487, 1.315
0.775, 0.478, 1.320
0.764, 0.478, 1.320
0.777, 0.469, 1.324
0.780, 0.459, 1.328
0.782, 0.450, 1.332
0.785, 0.441, 1.336
0.787, 0.431, 1.341
0.790, 0.422, 1.345
0.792, 0.412, 1.349
0.795, 0.403, 1.353
0.797, 0.393, 1.358
0.800, 0.383, 1.362
0.803, 0.374, 1.366
0.805, 0.364, 1.371
0.808, 0.354, 1.375
0.810, 0.344, 1.380
0.813, 0.334, 1.384
0.805, 0.324, 1.389
0.816, 0.324, 1.389
0.807, 0.314, 1.393
0.810, 0.304, 1.398
0.813, 0.293, 1.403
0.816, 0.283, 1.408
0.818, 0.273, 1.413
0.810, 0.262, 1.417
0.821, 0.262, 1.417
0.812, 0.252, 1.422
0.815, 0.241, 1.427
0.818, 0.230, 1.432
0.821, 0.220, 1.437
0.824, 0.209, 1.442
0.815, 0.198, 1.447
0.827, 0.198, 1.447
0.818, 0.187, 1.452
0.821, 0.176, 1.457
0.824, 0.165, 1.463
0.815, 0.154, 1.468
0.827, 0.154, 1.468
0.818, 0.142, 1.473
0.821, 0.131, 1.478
0.824, 0.120, 1.484
0.827, 0.108, 1.489
0.830, 0.096, 1.495
0.833, 0.085, 1.500
0.824, 0.073, 1.505
0.836, 0.073, 1.506
0.827, 0.061, 1.511
0.830, 0.049, 1.517
0.833, 0.037, 1.523
0.836, 0.025, 1.528
0.840, 0.013, 1.534
0.831, 0.000, 1.540
0.843, 0.000, 1.540
0.834, -0.012, 1.546
0.837, -0.024, 1.552
0.841, -0.037, 1.558
0.844, -0.050, 1.565
0.834, -0.063, 1.570
0.824, -0.075, 1.576
0.807, -0.062, 1.569
0.791, -0.062, 1.562
0.803, -0.050, 1.560
0.838, -0.075, 1.577
0.828, -0.088, 1.583
0.818, -0.101, 1.589
0.808, -0.115, 1.595
0.821, -0.115, 1.595
0.811, -0.128, 1.602
0.814, -0.141, 1.608
0.818, -0.155, 1.615
0.822, -0.168, 1.622
0.825, -0.182, 1.629
0.815, -0.196, 1.636
0.829, -0.196, 1.636
0.818, -0.210, 1.643
0.822, -0.224, 1.651
0.826, -0.239, 1.659
0.830, -0.254, 1.667
0.834, -0.269, 1.675
0.823, -0.285, 1.683
0.838, -0.285, 1.683
0.827, -0.301, 1.692
0.831, -0.318, 1.700
0.835, -0.335, 1.707
0.839, -0.352, 1.715
0.843, -0.369, 1.722
0.846, -0.385, 1.729
0.835, -0.402, 1.737
0.850, -0.402, 1.737
0.838, -0.418, 1.743
0.842, -0.434, 1.751
0.846, -0.451, 1.759
0.850, -0.467, 1.766
0.854, -0.484, 1.774
0.842, -0.500, 1.781
0.858, -0.500, 1.782
0.847, -0.517, 1.789
0.851, -0.534, 1.798
0.869, -0.551, 1.806
0.854, -0.551, 1.806
0.874, -0.568, 1.814
0.893, -0.585, 1.823
0.878, -0.585, 1.823
0.897, -0.603, 1.831
0.912, -0.603, 1.832
0.916, -0.620, 1.840
0.936, -0.638, 1.849
0.921, -0.638, 1.849
0.941, -0.656, 1.858
0.945, -0.674, 1.867
0.950, -0.692, 1.876
0.954, -0.711, 1.885
0.959, -0.729, 1.894
0.964, -0.748, 1.904
0.968, -0.767, 1.913
0.973, -0.786, 1.923
0.978, -0.806, 1.932
0.983, -0.825, 1.942
0.972, -0.845, 1.951
0.956, -0.845, 1.951
0.939, -0.844, 1.950
0.933, -0.823, 1.937
0.899, -0.792, 1.898
0.872, -0.782, 1.874
0.855, -0.753, 1.837
0.801, -0.706, 1.752
0.759, -0.682, 1.692
0.715, -0.656, 1.625
0.705, -0.671, 1.630
0.673, -0.655, 1.589
0.645, -0.640, 1.552
0.620, -0.627, 1.523
0.599, -0.618, 1.500
0.574, -0.593, 1.469
0.559, -0.577, 1.461
0.547, -0.577, 1.461
0.532, -0.562, 1.453
0.518, -0.547, 1.445
0.503, -0.533, 1.438
0.501, -0.518, 1.431
0.486, -0.504, 1.424
0.472, -0.490, 1.417
0.459, -0.475, 1.410
0.445, -0.461, 1.402
0.515, -0.533, 1.438
0.529, -0.548, 1.446
0.544, -0.563, 1.453
0.571, -0.578, 1.461
0.588, -0.595, 1.473
0.676, -0.633, 1.565
0.829, -0.703, 1.782
0.877, -0.744, 1.852
0.841, -0.726, 1.807
0.924, -0.800, 1.918
0.945, -0.805, 1.930
0.988, -0.845, 1.952
0.831, -0.101, 1.589
0.847, -0.063, 1.571
0.787, 0.593, 1.270
1.236, -0.928, 1.997
0.777, -0.885, 1.902
0.450, -0.716, 1.532
0.199, -0.663, 1.501
0.210, -0.648, 1.495
0.221, -0.634, 1.489
0.244, -0.619, 1.482
0.254, -0.604, 1.475
0.265, -0.589, 1.467
0.275, -0.575, 1.461
0.297, -0.560, 1.454
0.307, -0.546, 1.447
0.318, -0.532, 1.441
0.328, -0.518, 1.435
0.349, -0.503, 1.426
0.347, -0.489, 1.419
0.369, -0.488, 1.416
0.378, -0.474, 1.408
0.388, -0.461, 1.402
0.409, -0.447, 1.396
0.420, -0.448, 1.396
RegionID:3
Center:0.677,-0.370,1.582
Normal:0.638,-0.236,-0.733
NumPatches:109
0.453, -0.349, 1.465
0.448, -0.357, 1.450
0.460, -0.369, 1.449
0.472, -0.382, 1.452
0.454, -0.377, 1.431
0.467, -0.389, 1.433
0.486, -0.396, 1.456
0.498, -0.409, 1.458
0.511, -0.421, 1.458
0.530, -0.428, 1.480
0.543, -0.441, 1.481
0.523, -0.434, 1.459
0.556, -0.455, 1.484
0.577, -0.462, 1.507
0.571, -0.469, 1.489
0.587, -0.485, 1.497
0.619, -0.489, 1.547
0.623, -0.480, 1.558
0.623, -0.468, 1.561
0.604, -0.450, 1.547
0.623, -0.455, 1.561
0.656, -0.494, 1.606
0.686, -0.491, 1.643
0.681, -0.475, 1.632
0.705, -0.466, 1.656
0.700, -0.450, 1.643
0.694, -0.433, 1.631
0.689, -0.417, 1.619
0.684, -0.402, 1.607
0.677, -0.386, 1.595
0.705, -0.370, 1.617
0.699, -0.349, 1.602
0.691, -0.330, 1.585
0.684, -0.314, 1.571
0.678, -0.300, 1.558
0.702, -0.291, 1.581
0.696, -0.276, 1.568
0.690, -0.261, 1.556
0.684, -0.247, 1.544
0.679, -0.233, 1.532
0.674, -0.219, 1.521
0.669, -0.206, 1.510
0.691, -0.196, 1.530
0.686, -0.182, 1.519
0.680, -0.169, 1.508
0.675, -0.156, 1.497
0.671, -0.143, 1.487
0.666, -0.130, 1.476
0.660, -0.117, 1.465
0.681, -0.107, 1.484
0.676, -0.094, 1.473
0.703, -0.096, 1.504
0.730, -0.098, 1.534
0.708, -0.109, 1.514
0.686, -0.119, 1.495
0.713, -0.122, 1.525
0.719, -0.135, 1.537
0.724, -0.148, 1.548
0.730, -0.162, 1.559
0.708, -0.172, 1.539
0.735, -0.176, 1.571
0.713, -0.186, 1.551
0.718, -0.200, 1.562
0.696, -0.210, 1.542
0.724, -0.214, 1.574
0.730, -0.228, 1.586
0.735, -0.243, 1.598
0.713, -0.252, 1.577
0.741, -0.259, 1.610
0.719, -0.267, 1.589
0.725, -0.283, 1.602
0.731, -0.299, 1.615
0.708, -0.306, 1.594
0.737, -0.316, 1.628
0.743, -0.333, 1.642
0.748, -0.351, 1.654
0.727, -0.360, 1.636
0.754, -0.368, 1.668
0.732, -0.378, 1.649
0.709, -0.389, 1.629
0.736, -0.396, 1.661
0.741, -0.413, 1.673
0.746, -0.430, 1.685
0.752, -0.448, 1.697
0.729, -0.457, 1.677
0.757, -0.465, 1.709
0.734, -0.474, 1.689
0.710, -0.483, 1.668
0.739, -0.492, 1.702
0.745, -0.509, 1.715
0.750, -0.526, 1.726
0.752, -0.542, 1.732
0.751, -0.556, 1.730
0.746, -0.566, 1.719
0.737, -0.573, 1.696
0.685, -0.559, 1.608
0.648, -0.541, 1.552
0.627, -0.522, 1.533
0.605, -0.502, 1.511
0.613, -0.496, 1.531
0.638, -0.519, 1.560
0.662, -0.540, 1.586
0.723, -0.577, 1.665
0.745, -0.597, 1.684
0.687, -0.576, 1.582
0.706, -0.578, 1.625
0.728, -0.597, 1.644
0.768, -0.617, 1.705
0.689, -0.506, 1.652
RegionID:6
Center:-0.248,-0.236,1.348
Normal:-0.104,0.890,-0.443
NumPatches:85
-0.288, -0.278, 1.270
-0.299, -0.278, 1.272
-0.311, -0.278, 1.274
-0.322, -0.278, 1.275
-0.333, -0.278, 1.277
-0.339, -0.285, 1.260
-0.344, -0.278, 1.277
-0.358, -0.270, 1.291
-0.364, -0.262, 1.311
-0.371, -0.256, 1.338
-0.377, -0.248, 1.361
-0.382, -0.240, 1.380
-0.386, -0.232, 1.400
-0.374, -0.231, 1.397
-0.362, -0.230, 1.394
-0.351, -0.230, 1.392
-0.342, -0.220, 1.406
-0.330, -0.219, 1.404
-0.339, -0.229, 1.390
-0.317, -0.218, 1.401
-0.305, -0.218, 1.400
-0.293, -0.217, 1.397
-0.282, -0.206, 1.408
-0.268, -0.205, 1.404
-0.280, -0.215, 1.393
-0.254, -0.204, 1.402
-0.241, -0.204, 1.400
-0.228, -0.204, 1.399
-0.218, -0.194, 1.410
-0.205, -0.194, 1.409
-0.215, -0.204, 1.398
-0.199, -0.215, 1.385
-0.188, -0.216, 1.388
-0.195, -0.224, 1.363
-0.181, -0.234, 1.344
-0.191, -0.232, 1.337
-0.171, -0.235, 1.350
-0.160, -0.235, 1.352
-0.149, -0.235, 1.351
-0.158, -0.244, 1.333
-0.167, -0.252, 1.312
-0.178, -0.251, 1.305
-0.188, -0.250, 1.298
-0.197, -0.257, 1.277
-0.209, -0.257, 1.277
-0.220, -0.257, 1.277
-0.232, -0.258, 1.278
-0.245, -0.260, 1.284
-0.255, -0.269, 1.276
-0.268, -0.270, 1.282
-0.281, -0.271, 1.286
-0.293, -0.271, 1.288
-0.259, -0.261, 1.291
-0.199, -0.249, 1.292
-0.157, -0.252, 1.314
-0.147, -0.243, 1.332
-0.138, -0.235, 1.349
-0.128, -0.234, 1.348
-0.137, -0.243, 1.331
-0.126, -0.243, 1.330
-0.117, -0.234, 1.347
-0.107, -0.225, 1.362
-0.096, -0.224, 1.355
-0.106, -0.234, 1.344
-0.115, -0.242, 1.328
-0.104, -0.242, 1.326
-0.094, -0.233, 1.338
-0.084, -0.223, 1.348
-0.179, -0.206, 1.400
-0.193, -0.195, 1.408
-0.183, -0.184, 1.415
-0.171, -0.184, 1.413
-0.181, -0.195, 1.408
-0.169, -0.195, 1.407
-0.159, -0.184, 1.413
-0.147, -0.185, 1.412
-0.136, -0.174, 1.416
-0.125, -0.174, 1.415
-0.135, -0.185, 1.412
-0.113, -0.174, 1.414
-0.101, -0.174, 1.412
-0.090, -0.174, 1.411
-0.166, -0.217, 1.391
-0.177, -0.217, 1.391
-0.349, -0.271, 1.295
RegionID:5
Center:0.530,0.253,1.175
Normal:0.273,-0.457,-0.847
NumPatches:190
0.590, 0.375, 1.136
0.551, 0.348, 1.079
0.536, 0.344, 1.069
0.511, 0.325, 1.037
0.489, 0.307, 1.011
0.483, 0.309, 1.016
0.477, 0.310, 1.021
0.469, 0.311, 1.024
0.462, 0.312, 1.027
0.455, 0.313, 1.032
0.448, 0.315, 1.036
0.441, 0.316, 1.039
0.434, 0.317, 1.043
0.426, 0.318, 1.046
0.419, 0.319, 1.050
0.411, 0.319, 1.053
0.403, 0.320, 1.056
0.395, 0.321, 1.058
0.387, 0.321, 1.059
0.379, 0.321, 1.061
0.371, 0.322, 1.063
0.362, 0.322, 1.065
0.355, 0.323, 1.068
0.347, 0.324, 1.072
0.340, 0.325, 1.077
0.332, 0.327, 1.082
0.318, 0.312, 1.063
0.311, 0.313, 1.068
0.303, 0.315, 1.073
0.295, 0.315, 1.075
0.287, 0.316, 1.078
0.279, 0.317, 1.081
0.271, 0.318, 1.084
0.263, 0.318, 1.087
0.255, 0.319, 1.090
0.247, 0.320, 1.092
0.239, 0.321, 1.095
0.231, 0.321, 1.099
0.222, 0.322, 1.100
0.226, 0.337, 1.119
0.234, 0.336, 1.117
0.243, 0.336, 1.115
0.251, 0.335, 1.112
0.260, 0.334, 1.110
0.268, 0.334, 1.108
0.277, 0.333, 1.105
0.285, 0.332, 1.103
0.293, 0.332, 1.100
0.301, 0.331, 1.098
0.309, 0.330, 1.095
0.324, 0.346, 1.114
0.332, 0.345, 1.110
0.317, 0.329, 1.091
0.325, 0.328, 1.086
0.340, 0.343, 1.106
0.347, 0.342, 1.102
0.363, 0.358, 1.122
0.371, 0.357, 1.119
0.355, 0.341, 1.097
0.388, 0.375, 1.142
0.397, 0.375, 1.141
0.380, 0.357, 1.116
0.406, 0.375, 1.140
0.416, 0.375, 1.140
0.425, 0.375, 1.139
0.434, 0.375, 1.138
0.443, 0.375, 1.137
0.452, 0.374, 1.134
0.461, 0.374, 1.132
0.469, 0.373, 1.130
0.478, 0.373, 1.128
0.487, 0.372, 1.125
0.495, 0.371, 1.122
0.503, 0.370, 1.119
0.512, 0.370, 1.116
0.520, 0.369, 1.114
0.529, 0.368, 1.110
0.520, 0.346, 1.073
0.513, 0.348, 1.078
0.528, 0.345, 1.069
0.553, 0.365, 1.102
0.570, 0.369, 1.116
0.569, 0.353, 1.095
0.616, 0.385, 1.170
0.646, 0.396, 1.209
0.663, 0.390, 1.223
0.615, 0.359, 1.147
0.630, 0.377, 1.177
0.640, 0.357, 1.177
0.601, 0.341, 1.118
0.631, 0.343, 1.159
0.680, 0.373, 1.234
0.688, 0.388, 1.250
0.697, 0.403, 1.267
0.673, 0.359, 1.220
0.631, 0.333, 1.156
0.673, 0.349, 1.220
0.638, 0.326, 1.170
0.602, 0.303, 1.118
0.645, 0.320, 1.184
0.609, 0.297, 1.130
0.652, 0.313, 1.196
0.616, 0.290, 1.143
0.658, 0.305, 1.209
0.624, 0.283, 1.157
0.586, 0.261, 1.103
0.631, 0.276, 1.171
0.594, 0.254, 1.117
0.602, 0.247, 1.132
0.611, 0.240, 1.148
0.661, 0.248, 1.234
0.627, 0.227, 1.183
0.590, 0.206, 1.129
0.634, 0.219, 1.198
0.599, 0.199, 1.148
0.607, 0.192, 1.164
0.657, 0.198, 1.247
0.622, 0.178, 1.197
0.614, 0.185, 1.180
0.665, 0.190, 1.264
0.632, 0.171, 1.218
0.598, 0.153, 1.171
0.642, 0.165, 1.239
0.608, 0.147, 1.190
0.650, 0.157, 1.257
0.618, 0.140, 1.211
0.660, 0.150, 1.277
0.628, 0.133, 1.232
0.593, 0.116, 1.183
0.636, 0.125, 1.249
0.600, 0.108, 1.198
0.608, 0.100, 1.213
0.614, 0.092, 1.227
0.663, 0.090, 1.305
0.627, 0.074, 1.254
0.620, 0.083, 1.239
0.670, 0.080, 1.320
0.634, 0.065, 1.268
0.600, 0.052, 1.219
0.643, 0.056, 1.286
0.607, 0.043, 1.234
0.614, 0.033, 1.249
0.667, 0.027, 1.335
0.631, 0.015, 1.284
0.623, 0.024, 1.268
0.675, 0.017, 1.351
0.638, 0.005, 1.299
0.604, -0.007, 1.251
0.647, -0.006, 1.317
0.625, -0.016, 1.295
0.648, -0.027, 1.342
0.671, -0.038, 1.390
0.725, -0.051, 1.477
0.693, -0.050, 1.435
0.737, -0.039, 1.478
0.721, -0.027, 1.445
0.704, -0.015, 1.411
0.690, -0.004, 1.382
0.682, 0.007, 1.367
0.751, -0.051, 1.506
0.711, 0.030, 1.401
0.701, 0.041, 1.382
0.694, 0.051, 1.367
0.686, 0.061, 1.352
0.678, 0.071, 1.334
0.707, 0.096, 1.370
0.701, 0.106, 1.358
0.693, 0.115, 1.343
0.686, 0.125, 1.329
0.679, 0.134, 1.314
0.670, 0.142, 1.297
0.693, 0.167, 1.321
0.685, 0.175, 1.304
0.675, 0.183, 1.284
0.700, 0.210, 1.312
0.692, 0.218, 1.296
0.684, 0.226, 1.282
0.676, 0.233, 1.264
0.668, 0.241, 1.249
0.619, 0.234, 1.167
0.703, 0.261, 1.298
0.694, 0.268, 1.280
0.687, 0.276, 1.265
0.679, 0.283, 1.251
0.672, 0.291, 1.237
0.665, 0.298, 1.223
0.694, 0.328, 1.259
0.687, 0.335, 1.247
0.680, 0.342, 1.233
0.496, 0.306, 1.006
RegionID:5
Center:0.366,0.156,1.085
Normal:-0.284,-0.449,-0.847
NumPatches:126
0.497, 0.022, 1.111
0.489, 0.022, 1.113
0.481, 0.021, 1.116
0.473, 0.021, 1.118
0.465, 0.021, 1.122
0.456, 0.021, 1.124
0.448, 0.021, 1.127
0.440, 0.021, 1.130
0.431, 0.021, 1.133
0.422, 0.021, 1.135
0.413, 0.030, 1.134
0.404, 0.030, 1.137
0.395, 0.030, 1.140
0.386, 0.030, 1.143
0.378, 0.030, 1.146
0.369, 0.030, 1.149
0.360, 0.030, 1.151
0.351, 0.030, 1.154
0.342, 0.031, 1.157
0.333, 0.031, 1.160
0.324, 0.031, 1.163
0.315, 0.032, 1.165
0.305, 0.032, 1.168
0.297, 0.032, 1.171
0.288, 0.033, 1.174
0.278, 0.033, 1.176
0.269, 0.033, 1.179
0.260, 0.034, 1.182
0.251, 0.034, 1.185
0.242, 0.034, 1.187
0.241, 0.044, 1.183
0.240, 0.053, 1.179
0.239, 0.063, 1.175
0.238, 0.072, 1.171
0.236, 0.082, 1.167
0.235, 0.091, 1.163
0.234, 0.100, 1.159
0.233, 0.110, 1.155
0.232, 0.119, 1.151
0.231, 0.128, 1.147
0.230, 0.138, 1.142
0.229, 0.147, 1.136
0.227, 0.156, 1.131
0.226, 0.165, 1.126
0.225, 0.173, 1.121
0.224, 0.182, 1.116
0.224, 0.191, 1.112
0.223, 0.200, 1.108
0.222, 0.209, 1.104
0.222, 0.217, 1.101
0.221, 0.226, 1.096
0.221, 0.234, 1.093
0.220, 0.242, 1.089
0.220, 0.251, 1.086
0.219, 0.259, 1.082
0.219, 0.267, 1.078
0.218, 0.275, 1.075
0.226, 0.275, 1.072
0.235, 0.274, 1.070
0.243, 0.274, 1.067
0.251, 0.273, 1.064
0.259, 0.273, 1.062
0.267, 0.273, 1.059
0.276, 0.272, 1.057
0.284, 0.272, 1.054
0.292, 0.272, 1.051
0.300, 0.271, 1.049
0.308, 0.271, 1.046
0.317, 0.270, 1.044
0.325, 0.270, 1.041
0.333, 0.269, 1.038
0.341, 0.269, 1.036
0.349, 0.268, 1.033
0.358, 0.268, 1.031
0.365, 0.275, 1.026
0.373, 0.274, 1.023
0.366, 0.267, 1.028
0.381, 0.273, 1.021
0.388, 0.273, 1.018
0.396, 0.272, 1.016
0.404, 0.271, 1.014
0.412, 0.270, 1.011
0.420, 0.269, 1.009
0.427, 0.269, 1.007
0.435, 0.268, 1.005
0.442, 0.267, 1.003
0.450, 0.266, 1.001
0.457, 0.266, 0.999
0.464, 0.265, 0.996
0.472, 0.264, 0.994
0.479, 0.263, 0.992
0.486, 0.262, 0.990
0.488, 0.255, 0.993
0.489, 0.247, 0.996
0.491, 0.240, 0.999
0.485, 0.233, 1.004
0.493, 0.232, 1.002
0.487, 0.225, 1.007
0.489, 0.217, 1.010
0.490, 0.209, 1.013
0.492, 0.201, 1.016
0.494, 0.193, 1.019
0.488, 0.185, 1.024
0.495, 0.185, 1.022
0.490, 0.177, 1.027
0.491, 0.169, 1.031
0.493, 0.160, 1.034
0.488, 0.152, 1.042
0.495, 0.152, 1.039
0.491, 0.144, 1.047
0.493, 0.136, 1.053
0.495, 0.127, 1.058
0.497, 0.119, 1.063
0.499, 0.110, 1.069
0.501, 0.102, 1.073
0.495, 0.093, 1.079
0.502, 0.093, 1.076
0.496, 0.084, 1.082
0.497, 0.075, 1.086
0.499, 0.066, 1.090
0.500, 0.057, 1.093
0.493, 0.049, 1.099
0.501, 0.049, 1.097
0.495, 0.040, 1.103
0.496, 0.031, 1.107
0.421, 0.030, 1.132
RegionID:10
Center:-0.167,0.204,1.102
Normal:0.038,-0.408,-0.912
NumPatches:168
-0.050, 0.274, 1.074
-0.059, 0.282, 1.070
-0.068, 0.283, 1.071
-0.077, 0.293, 1.072
-0.086, 0.302, 1.072
-0.095, 0.302, 1.072
-0.104, 0.310, 1.068
-0.113, 0.310, 1.066
-0.122, 0.302, 1.067
-0.132, 0.294, 1.068
-0.141, 0.285, 1.068
-0.150, 0.292, 1.061
-0.159, 0.292, 1.060
-0.158, 0.300, 1.057
-0.158, 0.307, 1.054
-0.157, 0.315, 1.051
-0.148, 0.322, 1.048
-0.157, 0.330, 1.044
-0.166, 0.330, 1.044
-0.174, 0.337, 1.041
-0.183, 0.337, 1.041
-0.191, 0.344, 1.038
-0.199, 0.352, 1.034
-0.208, 0.351, 1.034
-0.218, 0.344, 1.037
-0.227, 0.336, 1.040
-0.237, 0.328, 1.043
-0.228, 0.329, 1.043
-0.238, 0.321, 1.046
-0.248, 0.313, 1.050
-0.239, 0.313, 1.050
-0.249, 0.305, 1.053
-0.259, 0.297, 1.056
-0.250, 0.297, 1.056
-0.260, 0.289, 1.060
-0.270, 0.281, 1.063
-0.261, 0.281, 1.063
-0.271, 0.273, 1.066
-0.272, 0.264, 1.070
-0.282, 0.256, 1.074
-0.273, 0.256, 1.074
-0.283, 0.247, 1.077
-0.284, 0.239, 1.081
-0.294, 0.230, 1.085
-0.304, 0.221, 1.088
-0.295, 0.221, 1.088
-0.305, 0.213, 1.092
-0.306, 0.204, 1.096
-0.316, 0.195, 1.099
-0.307, 0.195, 1.100
-0.317, 0.186, 1.103
-0.326, 0.178, 1.107
-0.318, 0.178, 1.107
-0.327, 0.169, 1.110
-0.328, 0.160, 1.115
-0.338, 0.151, 1.118
-0.329, 0.151, 1.119
-0.339, 0.142, 1.122
-0.330, 0.142, 1.122
-0.321, 0.142, 1.123
-0.313, 0.133, 1.127
-0.322, 0.133, 1.126
-0.313, 0.124, 1.131
-0.304, 0.124, 1.131
-0.295, 0.124, 1.132
-0.286, 0.123, 1.132
-0.277, 0.114, 1.136
-0.287, 0.114, 1.136
-0.278, 0.105, 1.140
-0.269, 0.105, 1.141
-0.259, 0.105, 1.142
-0.251, 0.096, 1.148
-0.260, 0.096, 1.146
-0.242, 0.096, 1.151
-0.232, 0.095, 1.152
-0.223, 0.086, 1.156
-0.233, 0.086, 1.155
-0.213, 0.086, 1.156
-0.203, 0.086, 1.157
-0.194, 0.076, 1.159
-0.204, 0.077, 1.160
-0.184, 0.076, 1.158
-0.174, 0.076, 1.159
-0.164, 0.067, 1.163
-0.174, 0.067, 1.163
-0.165, 0.058, 1.167
-0.155, 0.058, 1.167
-0.146, 0.049, 1.172
-0.156, 0.049, 1.171
-0.136, 0.049, 1.172
-0.126, 0.050, 1.172
-0.137, 0.040, 1.176
-0.127, 0.040, 1.176
-0.116, 0.050, 1.172
-0.116, 0.059, 1.168
-0.105, 0.068, 1.164
-0.105, 0.077, 1.160
-0.094, 0.087, 1.156
-0.084, 0.096, 1.152
-0.083, 0.105, 1.148
-0.073, 0.114, 1.144
-0.072, 0.123, 1.140
-0.062, 0.133, 1.136
-0.062, 0.142, 1.132
-0.052, 0.151, 1.128
-0.042, 0.161, 1.124
-0.042, 0.170, 1.120
-0.033, 0.179, 1.116
-0.032, 0.188, 1.112
-0.023, 0.197, 1.108
-0.014, 0.206, 1.105
-0.014, 0.214, 1.101
-0.005, 0.223, 1.097
0.003, 0.231, 1.093
0.003, 0.240, 1.090
-0.006, 0.248, 1.086
-0.014, 0.257, 1.082
-0.023, 0.257, 1.082
-0.032, 0.265, 1.078
-0.041, 0.274, 1.074
-0.050, 0.282, 1.071
-0.032, 0.274, 1.075
-0.023, 0.265, 1.078
-0.006, 0.257, 1.083
0.003, 0.248, 1.086
0.012, 0.248, 1.087
0.012, 0.240, 1.090
0.003, 0.223, 1.098
-0.005, 0.214, 1.101
-0.014, 0.197, 1.108
-0.023, 0.188, 1.113
-0.033, 0.170, 1.120
-0.043, 0.152, 1.128
-0.052, 0.142, 1.132
-0.063, 0.124, 1.140
-0.074, 0.105, 1.148
-0.084, 0.087, 1.156
-0.095, 0.077, 1.160
-0.106, 0.059, 1.168
-0.285, 0.230, 1.085
-0.226, 0.344, 1.037
-0.217, 0.351, 1.034
-0.216, 0.359, 1.031
-0.207, 0.359, 1.031
-0.190, 0.352, 1.034
-0.182, 0.345, 1.038
-0.165, 0.337, 1.041
-0.148, 0.330, 1.045
-0.139, 0.322, 1.048
-0.148, 0.315, 1.051
-0.139, 0.315, 1.051
-0.130, 0.322, 1.049
-0.122, 0.316, 1.056
-0.130, 0.315, 1.053
-0.140, 0.307, 1.055
-0.131, 0.301, 1.063
-0.140, 0.293, 1.064
-0.140, 0.300, 1.059
-0.122, 0.309, 1.062
-0.113, 0.317, 1.061
-0.123, 0.295, 1.072
-0.123, 0.287, 1.076
-0.132, 0.279, 1.077
-0.141, 0.278, 1.073
-0.123, 0.279, 1.079
-0.095, 0.310, 1.069
-0.077, 0.301, 1.071
-0.068, 0.292, 1.069
RegionID:8
Center:-0.065,0.356,1.114
Normal:0.499,0.723,-0.477
NumPatches:65
-0.206, 0.432, 1.082
-0.212, 0.427, 1.070
-0.222, 0.438, 1.076
-0.225, 0.454, 1.094
-0.216, 0.443, 1.088
-0.203, 0.416, 1.064
-0.196, 0.421, 1.077
-0.190, 0.426, 1.089
-0.180, 0.415, 1.084
-0.187, 0.410, 1.071
-0.178, 0.399, 1.065
-0.173, 0.420, 1.097
-0.164, 0.409, 1.092
-0.171, 0.404, 1.079
-0.162, 0.393, 1.073
-0.157, 0.414, 1.105
-0.147, 0.404, 1.100
-0.155, 0.398, 1.086
-0.145, 0.387, 1.080
-0.138, 0.392, 1.094
-0.130, 0.398, 1.107
-0.136, 0.376, 1.074
-0.129, 0.381, 1.088
-0.121, 0.387, 1.102
-0.113, 0.392, 1.117
-0.119, 0.370, 1.082
-0.112, 0.376, 1.098
-0.104, 0.381, 1.112
-0.095, 0.369, 1.105
-0.103, 0.364, 1.091
-0.085, 0.376, 1.121
-0.078, 0.364, 1.113
-0.085, 0.355, 1.096
-0.056, 0.366, 1.129
-0.042, 0.345, 1.112
-0.056, 0.340, 1.099
-0.034, 0.352, 1.128
-0.025, 0.339, 1.121
-0.034, 0.333, 1.105
-0.016, 0.344, 1.136
-0.007, 0.332, 1.130
-0.016, 0.327, 1.115
-0.007, 0.316, 1.110
0.002, 0.337, 1.144
0.011, 0.326, 1.138
0.002, 0.321, 1.124
0.011, 0.310, 1.119
0.020, 0.315, 1.133
0.029, 0.319, 1.147
0.019, 0.300, 1.114
0.029, 0.304, 1.128
0.038, 0.308, 1.142
0.048, 0.312, 1.155
0.057, 0.301, 1.151
0.047, 0.297, 1.137
0.056, 0.287, 1.132
0.066, 0.291, 1.149
0.076, 0.296, 1.165
0.065, 0.278, 1.133
0.075, 0.283, 1.153
0.086, 0.288, 1.171
0.096, 0.282, 1.184
0.085, 0.266, 1.162
0.085, 0.277, 1.165
0.096, 0.272, 1.184
RegionID:9
Center:0.508,0.470,1.150
Normal:0.017,-0.390,-0.921
NumPatches:51
0.508, 0.414, 1.173
0.496, 0.414, 1.173
0.485, 0.415, 1.173
0.474, 0.415, 1.172
0.464, 0.416, 1.172
0.454, 0.416, 1.172
0.444, 0.417, 1.171
0.434, 0.417, 1.170
0.442, 0.426, 1.167
0.440, 0.435, 1.163
0.447, 0.443, 1.160
0.445, 0.452, 1.156
0.444, 0.462, 1.152
0.442, 0.471, 1.148
0.451, 0.480, 1.144
0.459, 0.490, 1.140
0.468, 0.500, 1.136
0.468, 0.509, 1.133
0.467, 0.517, 1.129
0.466, 0.525, 1.126
0.477, 0.526, 1.126
0.487, 0.526, 1.126
0.498, 0.526, 1.126
0.509, 0.527, 1.126
0.520, 0.527, 1.127
0.530, 0.526, 1.127
0.541, 0.526, 1.127
0.551, 0.525, 1.127
0.561, 0.525, 1.128
0.563, 0.516, 1.131
0.565, 0.508, 1.135
0.567, 0.499, 1.138
0.570, 0.490, 1.142
0.562, 0.481, 1.146
0.572, 0.481, 1.146
0.564, 0.472, 1.150
0.566, 0.462, 1.154
0.567, 0.453, 1.158
0.568, 0.444, 1.162
0.569, 0.435, 1.166
0.561, 0.426, 1.170
0.550, 0.425, 1.170
0.540, 0.424, 1.170
0.529, 0.423, 1.170
0.517, 0.422, 1.170
0.506, 0.422, 1.170
0.570, 0.426, 1.169
0.469, 0.491, 1.140
0.460, 0.481, 1.144
0.452, 0.471, 1.148
0.449, 0.434, 1.164
RegionID:8
Center:0.655,0.499,1.225
Normal:0.744,-0.232,-0.627
NumPatches:30
0.691, 0.456, 1.282
0.665, 0.445, 1.257
0.639, 0.435, 1.230
0.635, 0.443, 1.222
0.630, 0.451, 1.213
0.625, 0.459, 1.204
0.621, 0.467, 1.196
0.639, 0.483, 1.212
0.634, 0.494, 1.202
0.631, 0.504, 1.195
0.628, 0.512, 1.188
0.625, 0.519, 1.181
0.621, 0.527, 1.174
0.642, 0.547, 1.191
0.639, 0.554, 1.186
0.664, 0.566, 1.212
0.668, 0.558, 1.218
0.646, 0.541, 1.199
0.673, 0.551, 1.226
0.678, 0.544, 1.235
0.683, 0.536, 1.244
0.662, 0.521, 1.225
0.687, 0.527, 1.253
0.669, 0.510, 1.238
0.673, 0.498, 1.247
0.645, 0.473, 1.223
0.676, 0.488, 1.254
0.680, 0.480, 1.261
0.683, 0.472, 1.268
0.687, 0.464, 1.275
