NumRegions:3
RegionID:0
Center:-0.055,-0.315,1.953
Normal:-0.000,-0.785,-0.620
NumPatches:519
-0.848, 0.009, 1.531
-0.873, 0.009, 1.531
-0.856, 0.033, 1.501
-0.839, 0.056, 1.472
-0.847, 0.078, 1.445
-0.886, 0.056, 1.472
-0.870, 0.078, 1.445
-0.854, 0.099, 1.419
-0.839, 0.120, 1.393
-0.824, 0.140, 1.369
-0.810, 0.159, 1.345
-0.796, 0.177, 1.323
-0.783, 0.195, 1.301
-0.770, 0.212, 1.280
-0.758, 0.229, 1.260
-0.746, 0.245, 1.240
-0.735, 0.261, 1.221
-0.724, 0.277, 1.203
-0.713, 0.291, 1.185
-0.703, 0.306, 1.168
-0.693, 0.320, 1.151
-0.683, 0.334, 1.135
-0.674, 0.347, 1.120
-0.665, 0.360, 1.105
-0.656, 0.373, 1.090
-0.647, 0.385, 1.076
-0.639, 0.397, 1.062
-0.631, 0.409, 1.048
-0.623, 0.420, 1.036
-0.616, 0.431, 1.023
-0.608, 0.443, 1.010
-0.601, 0.453, 0.999
-0.585, 0.453, 0.999
-0.569, 0.453, 0.999
-0.553, 0.453, 0.999
-0.537, 0.453, 0.999
-0.521, 0.453, 0.999
-0.505, 0.453, 0.999
-0.489, 0.453, 0.999
-0.473, 0.453, 0.999
-0.457, 0.453, 0.999
-0.441, 0.453, 0.999
-0.425, 0.453, 0.999
-0.409, 0.453, 0.999
-0.393, 0.453, 0.999
-0.377, 0.453, 0.999
-0.361, 0.453, 0.999
-0.345, 0.453, 0.999
-0.330, 0.453, 0.999
-0.314, 0.453, 0.999
-0.298, 0.453, 0.999
-0.282, 0.453, 0.999
-0.266, 0.453, 0.999
-0.250, 0.453, 0.999
-0.234, 0.453, 0.999
-0.218, 0.453, 0.999
-0.202, 0.453, 0.999
-0.186, 0.453, 0.999
-0.170, 0.453, 0.999
-0.154, 0.453, 0.999
-0.138, 0.453, 0.999
-0.122, 0.453, 0.999
-0.106, 0.453, 0.999
-0.090, 0.453, 0.999
-0.074, 0.453, 0.999
-0.058, 0.453, 0.999
-0.042, 0.453, 0.999
-0.026, 0.453, 0.999
-0.010, 0.453, 0.999
0.006, 0.453, 0.999
0.022, 0.453, 0.999
0.038, 0.453, 0.999
0.054, 0.453, 0.999
0.070, 0.453, 0.999
0.086, 0.453, 0.999
0.071, 0.443, 1.010
0.055, 0.431, 1.023
0.039, 0.420, 1.036
0.023, 0.409, 1.048
0.006, 0.397, 1.062
-0.011, 0.385, 1.076
-0.028, 0.373, 1.090
-0.046, 0.360, 1.105
-0.065, 0.347, 1.120
-0.047, 0.347, 1.120
-0.066, 0.334, 1.135
-0.067, 0.320, 1.151
-0.086, 0.306, 1.168
-0.105, 0.306, 1.168
-0.124, 0.306, 1.168
-0.142, 0.306, 1.168
-0.161, 0.306, 1.168
-0.182, 0.291, 1.185
-0.204, 0.277, 1.203
-0.201, 0.291, 1.185
-0.180, 0.306, 1.168
-0.208, 0.261, 1.221
-0.231, 0.245, 1.240
-0.250, 0.245, 1.240
-0.270, 0.245, 1.240
-0.290, 0.245, 1.240
-0.310, 0.245, 1.240
-0.330, 0.245, 1.240
-0.350, 0.245, 1.240
-0.369, 0.245, 1.240
-0.395, 0.229, 1.260
-0.416, 0.229, 1.260
-0.436, 0.229, 1.260
-0.456, 0.229, 1.260
-0.484, 0.212, 1.280
-0.504, 0.212, 1.280
-0.525, 0.212, 1.280
-0.554, 0.195, 1.301
-0.575, 0.195, 1.301
-0.596, 0.195, 1.301
-0.617, 0.195, 1.301
-0.648, 0.177, 1.323
-0.669, 0.177, 1.323
-0.690, 0.177, 1.323
-0.724, 0.159, 1.345
-0.745, 0.159, 1.345
-0.767, 0.159, 1.345
-0.802, 0.140, 1.369
-0.788, 0.159, 1.345
-0.816, 0.120, 1.393
-0.831, 0.099, 1.419
-0.824, 0.078, 1.445
-0.712, 0.177, 1.323
-0.637, 0.195, 1.301
-0.545, 0.212, 1.280
-0.476, 0.229, 1.260
-0.389, 0.245, 1.240
-0.211, 0.245, 1.240
-0.068, 0.306, 1.168
-0.029, 0.360, 1.105
-0.011, 0.373, 1.090
0.006, 0.385, 1.076
0.023, 0.397, 1.062
0.040, 0.409, 1.048
0.056, 0.420, 1.036
0.072, 0.431, 1.023
0.087, 0.443, 1.010
0.102, 0.453, 0.999
-0.904, 0.033, 1.501
-0.922, 0.009, 1.531
-0.940, -0.016, 1.562
-0.960, -0.041, 1.595
-0.980, -0.068, 1.628
-1.001, -0.097, 1.663
-1.024, -0.126, 1.701
-1.047, -0.157, 1.740
-1.072, -0.189, 1.780
-1.098, -0.223, 1.824
-1.125, -0.258, 1.869
-1.153, -0.295, 1.916
-1.183, -0.334, 1.966
-1.215, -0.376, 2.019
-1.249, -0.419, 2.074
-1.284, -0.465, 2.133
-1.322, -0.514, 2.195
-1.362, -0.566, 2.262
-1.404, -0.620, 2.332
-1.449, -0.679, 2.408
-1.498, -0.741, 2.488
-1.549, -0.808, 2.574
-1.605, -0.880, 2.666
-1.665, -0.957, 2.765
-1.729, -1.040, 2.872
-1.798, -1.129, 2.987
-1.874, -1.226, 3.112
-1.956, -1.332, 3.249
-2.045, -1.448, 3.398
-2.086, -1.574, 3.561
-2.143, -1.574, 3.561
-2.029, -1.574, 3.561
-1.973, -1.574, 3.561
-1.916, -1.574, 3.561
-1.859, -1.574, 3.561
-1.802, -1.574, 3.561
-1.745, -1.574, 3.561
-1.688, -1.574, 3.561
-1.631, -1.574, 3.561
-1.574, -1.574, 3.561
-1.517, -1.574, 3.561
-1.460, -1.574, 3.561
-1.403, -1.574, 3.561
-1.346, -1.574, 3.561
-1.289, -1.574, 3.561
-1.232, -1.574, 3.561
-1.175, -1.574, 3.561
-1.118, -1.574, 3.561
-1.061, -1.574, 3.561
-1.004, -1.574, 3.561
-0.947, -1.574, 3.561
-0.890, -1.574, 3.561
-0.833, -1.574, 3.561
-0.776, -1.574, 3.561
-0.719, -1.574, 3.561
-0.662, -1.574, 3.561
-0.605, -1.574, 3.561
-0.548, -1.574, 3.561
-0.491, -1.574, 3.561
-0.434, -1.574, 3.561
-0.377, -1.574, 3.561
-0.320, -1.574, 3.561
-0.263, -1.574, 3.561
-0.207, -1.574, 3.561
-0.150, -1.574, 3.561
-0.093, -1.574, 3.561
-0.036, -1.574, 3.561
0.021, -1.574, 3.561
0.078, -1.574, 3.561
0.135, -1.574, 3.561
0.192, -1.574, 3.561
0.249, -1.574, 3.561
0.306, -1.574, 3.561
0.363, -1.574, 3.561
0.420, -1.574, 3.561
0.477, -1.574, 3.561
0.534, -1.574, 3.561
0.591, -1.574, 3.561
0.648, -1.574, 3.561
0.705, -1.574, 3.561
0.762, -1.574, 3.561
0.819, -1.574, 3.561
0.876, -1.574, 3.561
0.933, -1.574, 3.561
0.990, -1.574, 3.561
1.047, -1.574, 3.561
1.104, -1.574, 3.561
1.161, -1.574, 3.561
1.218, -1.574, 3.561
1.275, -1.574, 3.561
1.332, -1.574, 3.561
1.389, -1.574, 3.561
1.446, -1.574, 3.561
1.503, -1.574, 3.561
1.560, -1.574, 3.561
1.617, -1.574, 3.561
1.674, -1.574, 3.561
1.731, -1.574, 3.561
1.787, -1.574, 3.561
1.844, -1.574, 3.561
1.901, -1.574, 3.561
1.958, -1.574, 3.561
2.015, -1.574, 3.561
2.072, -1.574, 3.561
2.129, -1.574, 3.561
2.086, -1.448, 3.398
1.995, -1.332, 3.249
1.911, -1.226, 3.112
1.834, -1.129, 2.987
1.763, -1.040, 2.872
1.698, -0.957, 2.765
1.637, -0.880, 2.666
1.580, -0.808, 2.574
1.527, -0.741, 2.488
1.478, -0.679, 2.408
1.432, -0.620, 2.332
1.389, -0.566, 2.262
1.348, -0.514, 2.195
1.310, -0.465, 2.133
1.274, -0.419, 2.074
1.239, -0.376, 2.019
1.207, -0.334, 1.966
1.176, -0.295, 1.916
1.147, -0.258, 1.869
1.120, -0.223, 1.824
1.093, -0.189, 1.780
1.068, -0.157, 1.740
1.044, -0.126, 1.701
1.021, -0.097, 1.663
1.000, -0.068, 1.628
0.979, -0.041, 1.595
0.959, -0.016, 1.562
0.940, 0.009, 1.531
0.922, 0.033, 1.501
0.904, 0.056, 1.472
0.887, 0.078, 1.445
0.871, 0.099, 1.419
0.855, 0.120, 1.393
0.841, 0.140, 1.369
0.826, 0.159, 1.345
0.812, 0.177, 1.323
0.799, 0.195, 1.301
0.786, 0.212, 1.280
0.773, 0.229, 1.260
0.761, 0.245, 1.240
0.750, 0.261, 1.221
0.738, 0.277, 1.203
0.727, 0.291, 1.185
0.717, 0.306, 1.168
0.707, 0.320, 1.151
0.697, 0.334, 1.135
0.687, 0.347, 1.120
0.678, 0.360, 1.105
0.669, 0.373, 1.090
0.660, 0.385, 1.076
0.652, 0.397, 1.062
0.644, 0.409, 1.048
0.636, 0.420, 1.036
0.628, 0.431, 1.023
0.620, 0.443, 1.010
0.597, 0.453, 0.999
0.581, 0.453, 0.999
0.565, 0.453, 0.999
0.549, 0.453, 0.999
0.533, 0.453, 0.999
0.517, 0.453, 0.999
0.501, 0.453, 0.999
0.491, 0.443, 1.010
0.469, 0.453, 0.999
0.485, 0.453, 0.999
0.497, 0.431, 1.023
0.503, 0.420, 1.036
0.509, 0.409, 1.048
0.516, 0.397, 1.062
0.505, 0.385, 1.076
0.495, 0.373, 1.090
0.484, 0.360, 1.105
0.472, 0.347, 1.120
0.461, 0.334, 1.135
0.449, 0.320, 1.151
0.430, 0.320, 1.151
0.418, 0.306, 1.168
0.405, 0.291, 1.185
0.386, 0.291, 1.185
0.373, 0.277, 1.203
0.359, 0.261, 1.221
0.345, 0.245, 1.240
0.330, 0.229, 1.260
0.315, 0.212, 1.280
0.299, 0.195, 1.301
0.283, 0.177, 1.323
0.278, 0.195, 1.301
0.253, 0.212, 1.280
0.274, 0.212, 1.280
0.290, 0.229, 1.260
0.305, 0.245, 1.240
0.320, 0.261, 1.221
0.339, 0.261, 1.221
0.325, 0.245, 1.240
0.310, 0.229, 1.260
0.294, 0.212, 1.280
0.354, 0.277, 1.203
0.367, 0.291, 1.185
0.379, 0.261, 1.221
0.398, 0.261, 1.221
0.411, 0.277, 1.203
0.430, 0.277, 1.203
0.418, 0.261, 1.221
0.450, 0.277, 1.203
0.469, 0.277, 1.203
0.488, 0.277, 1.203
0.507, 0.277, 1.203
0.527, 0.277, 1.203
0.546, 0.277, 1.203
0.565, 0.277, 1.203
0.584, 0.277, 1.203
0.604, 0.277, 1.203
0.632, 0.261, 1.221
0.613, 0.261, 1.221
0.642, 0.245, 1.240
0.652, 0.229, 1.260
0.663, 0.212, 1.280
0.653, 0.195, 1.301
0.674, 0.195, 1.301
0.664, 0.177, 1.323
0.675, 0.159, 1.345
0.687, 0.140, 1.369
0.699, 0.120, 1.393
0.712, 0.099, 1.419
0.702, 0.078, 1.445
0.725, 0.078, 1.445
0.716, 0.056, 1.472
0.705, 0.033, 1.501
0.695, 0.009, 1.531
0.720, 0.009, 1.531
0.709, -0.016, 1.562
0.698, -0.041, 1.595
0.724, -0.041, 1.595
0.713, -0.068, 1.628
0.739, -0.068, 1.628
0.765, -0.068, 1.628
0.808, -0.097, 1.663
0.782, -0.097, 1.663
0.835, -0.097, 1.663
0.854, -0.126, 1.701
0.873, -0.157, 1.740
0.894, -0.189, 1.780
0.915, -0.223, 1.824
0.908, -0.258, 1.869
0.938, -0.258, 1.869
0.931, -0.295, 1.916
0.924, -0.334, 1.966
0.955, -0.334, 1.966
0.949, -0.376, 2.019
0.942, -0.419, 2.074
0.975, -0.419, 2.074
0.968, -0.465, 2.133
0.962, -0.514, 2.195
0.926, -0.514, 2.195
0.891, -0.514, 2.195
0.856, -0.514, 2.195
0.821, -0.514, 2.195
0.786, -0.514, 2.195
0.751, -0.514, 2.195
0.716, -0.514, 2.195
0.661, -0.465, 2.133
0.627, -0.465, 2.133
0.610, -0.514, 2.195
0.593, -0.465, 2.133
0.577, -0.419, 2.074
0.610, -0.419, 2.074
0.629, -0.566, 2.262
0.611, -0.620, 2.332
0.592, -0.679, 2.408
0.554, -0.679, 2.408
0.515, -0.679, 2.408
0.477, -0.679, 2.408
0.438, -0.679, 2.408
0.400, -0.679, 2.408
0.350, -0.620, 2.332
0.323, -0.679, 2.408
0.294, -0.741, 2.488
0.263, -0.808, 2.574
0.229, -0.880, 2.666
0.187, -0.880, 2.666
0.144, -0.880, 2.666
0.101, -0.880, 2.666
0.059, -0.880, 2.666
0.016, -0.880, 2.666
-0.027, -0.880, 2.666
-0.069, -0.880, 2.666
-0.112, -0.880, 2.666
-0.155, -0.880, 2.666
-0.190, -0.808, 2.574
-0.184, -0.741, 2.488
-0.178, -0.679, 2.408
-0.210, -0.620, 2.332
-0.204, -0.566, 2.262
-0.198, -0.514, 2.195
-0.192, -0.465, 2.133
-0.187, -0.419, 2.074
-0.214, -0.376, 2.019
-0.253, -0.419, 2.074
-0.286, -0.419, 2.074
-0.319, -0.419, 2.074
-0.353, -0.419, 2.074
-0.386, -0.419, 2.074
-0.419, -0.419, 2.074
-0.440, -0.376, 2.019
-0.460, -0.334, 1.966
-0.491, -0.334, 1.966
-0.479, -0.295, 1.916
-0.497, -0.258, 1.869
-0.514, -0.223, 1.824
-0.502, -0.189, 1.780
-0.491, -0.157, 1.740
-0.480, -0.126, 1.701
-0.496, -0.097, 1.663
-0.522, -0.097, 1.663
-0.549, -0.097, 1.663
-0.576, -0.097, 1.663
-0.616, -0.126, 1.701
-0.643, -0.126, 1.701
-0.670, -0.126, 1.701
-0.713, -0.157, 1.740
-0.741, -0.157, 1.740
-0.769, -0.157, 1.740
-0.797, -0.157, 1.740
-0.825, -0.157, 1.740
-0.853, -0.157, 1.740
-0.880, -0.157, 1.740
-0.908, -0.157, 1.740
-0.915, -0.126, 1.701
-0.895, -0.097, 1.663
-0.902, -0.068, 1.628
-0.883, -0.041, 1.595
-0.865, -0.016, 1.562
-0.876, -0.068, 1.628
-0.888, -0.126, 1.701
-0.697, -0.126, 1.701
-0.602, -0.097, 1.663
-0.485, -0.068, 1.628
-0.459, -0.068, 1.628
-0.469, -0.097, 1.663
-0.485, -0.223, 1.824
-0.467, -0.258, 1.869
-0.429, -0.334, 1.966
-0.408, -0.376, 2.019
-0.246, -0.376, 2.019
-0.208, -0.334, 1.966
-0.172, -0.295, 1.916
-0.177, -0.334, 1.966
-0.182, -0.376, 2.019
-0.173, -0.620, 2.332
-0.149, -0.808, 2.574
0.221, -0.808, 2.574
0.254, -0.741, 2.488
0.284, -0.679, 2.408
0.313, -0.620, 2.332
0.387, -0.620, 2.332
0.631, -0.679, 2.408
0.648, -0.620, 2.332
0.695, -0.465, 2.133
0.997, -0.514, 2.195
0.729, 0.033, 1.501
0.304, 0.177, 1.323
0.399, 0.306, 1.168
0.412, 0.320, 1.151
0.443, 0.334, 1.135
0.455, 0.347, 1.120
0.490, 0.347, 1.120
0.501, 0.360, 1.105
0.512, 0.373, 1.090
0.523, 0.385, 1.076
0.613, 0.453, 0.999
2.186, -1.574, 3.561
RegionID:1
Center:-0.400,0.060,1.100
Normal:0.013,-0.128,-0.992
NumPatches:53
-0.509, -0.029, 1.111
-0.526, -0.029, 1.110
-0.525, -0.011, 1.108
-0.524, 0.007, 1.106
-0.540, 0.024, 1.103
-0.539, 0.042, 1.101
-0.556, 0.059, 1.098
-0.537, 0.077, 1.096
-0.520, 0.077, 1.097
-0.538, 0.059, 1.099
-0.502, 0.077, 1.097
-0.484, 0.094, 1.095
-0.466, 0.094, 1.095
-0.485, 0.077, 1.097
-0.449, 0.094, 1.095
-0.432, 0.094, 1.095
-0.413, 0.112, 1.094
-0.396, 0.112, 1.094
-0.414, 0.094, 1.096
-0.379, 0.112, 1.094
-0.360, 0.129, 1.092
-0.343, 0.129, 1.092
-0.361, 0.112, 1.094
-0.326, 0.129, 1.092
-0.308, 0.129, 1.093
-0.290, 0.146, 1.091
-0.273, 0.146, 1.091
-0.291, 0.129, 1.093
-0.273, 0.129, 1.093
-0.274, 0.112, 1.095
-0.257, 0.094, 1.098
-0.274, 0.094, 1.098
-0.257, 0.077, 1.100
-0.258, 0.060, 1.102
-0.276, 0.042, 1.104
-0.294, 0.042, 1.104
-0.311, 0.042, 1.104
-0.330, 0.024, 1.106
-0.347, 0.024, 1.106
-0.365, 0.024, 1.105
-0.383, 0.007, 1.107
-0.401, 0.007, 1.107
-0.418, 0.007, 1.107
-0.436, 0.007, 1.107
-0.455, -0.011, 1.109
-0.472, -0.011, 1.109
-0.490, -0.011, 1.108
-0.507, -0.011, 1.108
-0.454, 0.007, 1.107
-0.382, 0.024, 1.105
-0.329, 0.042, 1.104
-0.258, 0.042, 1.105
-0.523, 0.024, 1.103
RegionID:2
Center:0.001,0.075,1.043
Normal:-0.010,-0.446,-0.895
NumPatches:55
-0.027, 0.120, 1.021
-0.043, 0.136, 1.013
-0.059, 0.136, 1.014
-0.075, 0.136, 1.014
-0.091, 0.136, 1.014
-0.107, 0.151, 1.007
-0.124, 0.136, 1.014
-0.123, 0.151, 1.007
-0.125, 0.121, 1.022
-0.142, 0.105, 1.030
-0.126, 0.105, 1.029
-0.143, 0.089, 1.037
-0.127, 0.073, 1.045
-0.144, 0.073, 1.045
-0.128, 0.057, 1.053
-0.112, 0.057, 1.053
-0.095, 0.057, 1.053
-0.078, 0.057, 1.053
-0.061, 0.057, 1.053
-0.045, 0.040, 1.061
-0.062, 0.040, 1.061
-0.028, 0.040, 1.061
-0.011, 0.040, 1.060
0.006, 0.040, 1.060
0.024, 0.023, 1.069
0.006, 0.024, 1.069
0.041, 0.023, 1.068
0.058, 0.023, 1.068
0.075, 0.006, 1.077
0.058, 0.006, 1.077
0.093, 0.006, 1.076
0.110, 0.006, 1.076
0.126, 0.023, 1.067
0.142, 0.040, 1.059
0.141, 0.057, 1.051
0.140, 0.073, 1.042
0.122, 0.089, 1.035
0.106, 0.089, 1.035
0.089, 0.089, 1.035
0.072, 0.089, 1.035
0.056, 0.089, 1.035
0.039, 0.089, 1.036
0.023, 0.105, 1.028
0.006, 0.120, 1.020
-0.010, 0.120, 1.021
-0.026, 0.136, 1.013
0.022, 0.120, 1.020
0.039, 0.105, 1.028
0.139, 0.089, 1.035
0.156, 0.073, 1.042
0.158, 0.057, 1.050
0.143, 0.023, 1.067
0.127, 0.006, 1.076
0.128, -0.011, 1.085
-0.091, 0.151, 1.006
