NumRegions:22
RegionID:0
Center:0.001,-0.040,1.483
Normal:-0.000,-0.442,-0.897
NumPatches:959
-0.309, -0.801, 1.864
-0.324, -0.801, 1.864
-0.341, -0.821, 1.874
-0.358, -0.840, 1.884
-0.375, -0.860, 1.894
-0.392, -0.880, 1.904
-0.407, -0.880, 1.904
-0.423, -0.880, 1.904
-0.438, -0.880, 1.904
-0.453, -0.880, 1.904
-0.468, -0.880, 1.904
-0.484, -0.880, 1.904
-0.499, -0.880, 1.904
-0.514, -0.880, 1.904
-0.529, -0.880, 1.904
-0.545, -0.880, 1.904
-0.560, -0.880, 1.904
-0.575, -0.880, 1.904
-0.590, -0.880, 1.904
-0.605, -0.880, 1.904
-0.621, -0.880, 1.904
-0.636, -0.880, 1.904
-0.651, -0.880, 1.904
-0.666, -0.880, 1.904
-0.682, -0.880, 1.904
-0.697, -0.880, 1.904
-0.712, -0.880, 1.904
-0.727, -0.880, 1.904
-0.743, -0.880, 1.904
-0.758, -0.880, 1.904
-0.773, -0.880, 1.904
-0.788, -0.880, 1.904
-0.803, -0.880, 1.904
-0.819, -0.880, 1.904
-0.834, -0.880, 1.904
-0.849, -0.880, 1.904
-0.864, -0.880, 1.904
-0.880, -0.880, 1.904
-0.895, -0.880, 1.904
-0.910, -0.880, 1.904
-0.925, -0.880, 1.904
-0.941, -0.880, 1.904
-0.956, -0.880, 1.904
-0.971, -0.880, 1.904
-0.986, -0.880, 1.904
-1.002, -0.880, 1.904
-1.017, -0.880, 1.904
-1.032, -0.880, 1.904
-1.047, -0.880, 1.904
-1.062, -0.880, 1.904
-1.078, -0.880, 1.904
-1.093, -0.880, 1.904
-1.108, -0.880, 1.904
-1.123, -0.880, 1.904
-1.139, -0.880, 1.904
-1.154, -0.880, 1.904
-1.169, -0.880, 1.904
-1.184, -0.880, 1.904
-1.178, -0.860, 1.894
-1.172, -0.840, 1.884
-1.165, -0.821, 1.874
-1.159, -0.801, 1.864
-1.153, -0.782, 1.854
-1.147, -0.763, 1.844
-1.141, -0.745, 1.835
-1.135, -0.726, 1.825
-1.129, -0.708, 1.816
-1.124, -0.690, 1.807
-1.118, -0.672, 1.797
-1.112, -0.654, 1.788
-1.107, -0.637, 1.779
-1.101, -0.620, 1.770
-1.096, -0.602, 1.762
-1.090, -0.585, 1.753
-1.085, -0.569, 1.744
-1.079, -0.552, 1.736
-1.074, -0.535, 1.727
-1.069, -0.519, 1.719
-1.064, -0.503, 1.711
-1.059, -0.487, 1.702
-1.054, -0.471, 1.694
-1.049, -0.455, 1.686
-1.044, -0.440, 1.679
-1.039, -0.424, 1.671
-1.034, -0.409, 1.663
-1.029, -0.394, 1.655
-1.025, -0.379, 1.648
-1.020, -0.364, 1.640
-1.016, -0.349, 1.633
-1.011, -0.335, 1.626
-1.006, -0.320, 1.618
-1.002, -0.306, 1.611
-0.998, -0.292, 1.604
-0.993, -0.278, 1.597
-0.989, -0.264, 1.590
-0.985, -0.250, 1.583
-0.980, -0.236, 1.576
-0.976, -0.223, 1.569
-0.972, -0.209, 1.562
-0.968, -0.196, 1.556
-0.964, -0.183, 1.550
-0.959, -0.170, 1.543
-0.956, -0.157, 1.536
-0.951, -0.144, 1.530
-0.948, -0.131, 1.524
-0.944, -0.118, 1.517
-0.940, -0.106, 1.510
-0.936, -0.093, 1.505
-0.932, -0.081, 1.499
-0.928, -0.069, 1.493
-0.925, -0.056, 1.487
-0.921, -0.044, 1.481
-0.917, -0.032, 1.475
-0.913, -0.021, 1.469
-0.910, -0.009, 1.464
-0.907, 0.003, 1.458
-0.903, 0.015, 1.451
-0.900, 0.026, 1.447
-0.896, 0.037, 1.441
-0.893, 0.049, 1.435
-0.889, 0.060, 1.430
-0.886, 0.071, 1.424
-0.882, 0.082, 1.418
-0.879, 0.093, 1.414
-0.876, 0.104, 1.408
-0.873, 0.115, 1.403
-0.869, 0.126, 1.398
-0.866, 0.136, 1.392
-0.863, 0.147, 1.388
-0.860, 0.158, 1.383
-0.857, 0.168, 1.378
-0.854, 0.178, 1.373
-0.851, 0.189, 1.368
-0.847, 0.199, 1.363
-0.845, 0.209, 1.358
-0.842, 0.219, 1.353
-0.838, 0.229, 1.348
-0.836, 0.239, 1.344
-0.833, 0.249, 1.339
-0.830, 0.259, 1.334
-0.827, 0.269, 1.330
-0.824, 0.278, 1.325
-0.821, 0.288, 1.321
-0.819, 0.297, 1.316
-0.816, 0.307, 1.312
-0.813, 0.316, 1.307
-0.810, 0.326, 1.303
-0.807, 0.335, 1.298
-0.805, 0.344, 1.294
-0.802, 0.353, 1.290
-0.800, 0.363, 1.286
-0.797, 0.371, 1.281
-0.794, 0.381, 1.277
-0.792, 0.390, 1.273
-0.789, 0.398, 1.269
-0.787, 0.407, 1.265
-0.784, 0.416, 1.261
-0.782, 0.425, 1.257
-0.779, 0.434, 1.253
-0.777, 0.442, 1.249
-0.774, 0.451, 1.245
-0.772, 0.459, 1.241
-0.769, 0.468, 1.237
-0.767, 0.476, 1.234
-0.765, 0.485, 1.230
-0.763, 0.493, 1.226
-0.760, 0.501, 1.222
-0.758, 0.509, 1.219
-0.756, 0.518, 1.215
-0.753, 0.526, 1.211
-0.751, 0.534, 1.207
-0.749, 0.542, 1.204
-0.747, 0.550, 1.201
-0.745, 0.558, 1.197
-0.735, 0.558, 1.197
-0.725, 0.558, 1.197
-0.716, 0.558, 1.197
-0.706, 0.558, 1.197
-0.697, 0.558, 1.197
-0.687, 0.558, 1.197
-0.678, 0.558, 1.197
-0.668, 0.558, 1.197
-0.658, 0.558, 1.197
-0.649, 0.558, 1.197
-0.639, 0.558, 1.197
-0.630, 0.558, 1.197
-0.620, 0.558, 1.197
-0.610, 0.558, 1.197
-0.601, 0.558, 1.197
-0.591, 0.558, 1.197
-0.582, 0.558, 1.197
-0.572, 0.558, 1.197
-0.563, 0.558, 1.197
-0.553, 0.558, 1.197
-0.543, 0.558, 1.197
-0.534, 0.558, 1.197
-0.524, 0.558, 1.197
-0.515, 0.558, 1.197
-0.505, 0.558, 1.197
-0.496, 0.558, 1.197
-0.486, 0.558, 1.197
-0.476, 0.558, 1.197
-0.467, 0.558, 1.197
-0.457, 0.558, 1.197
-0.448, 0.558, 1.197
-0.438, 0.558, 1.197
-0.429, 0.558, 1.197
-0.419, 0.558, 1.197
-0.409, 0.558, 1.197
-0.400, 0.558, 1.197
-0.390, 0.558, 1.197
-0.381, 0.558, 1.197
-0.371, 0.558, 1.197
-0.361, 0.558, 1.197
-0.352, 0.558, 1.197
-0.342, 0.558, 1.197
-0.333, 0.558, 1.197
-0.323, 0.558, 1.197
-0.324, 0.550, 1.201
-0.325, 0.542, 1.204
-0.316, 0.534, 1.207
-0.326, 0.534, 1.207
-0.317, 0.526, 1.211
-0.318, 0.518, 1.215
-0.319, 0.509, 1.219
-0.320, 0.501, 1.222
-0.321, 0.493, 1.226
-0.322, 0.485, 1.230
-0.323, 0.476, 1.234
-0.324, 0.468, 1.237
-0.315, 0.459, 1.241
-0.325, 0.459, 1.241
-0.305, 0.459, 1.241
-0.295, 0.459, 1.241
-0.285, 0.459, 1.241
-0.276, 0.459, 1.241
-0.266, 0.459, 1.241
-0.256, 0.459, 1.241
-0.246, 0.459, 1.241
-0.236, 0.459, 1.241
-0.226, 0.459, 1.241
-0.216, 0.459, 1.241
-0.206, 0.459, 1.241
-0.196, 0.459, 1.241
-0.186, 0.459, 1.241
-0.176, 0.459, 1.241
-0.166, 0.459, 1.241
-0.156, 0.459, 1.241
-0.146, 0.459, 1.241
-0.137, 0.459, 1.241
-0.127, 0.459, 1.241
-0.117, 0.459, 1.241
-0.107, 0.459, 1.241
-0.097, 0.459, 1.241
-0.087, 0.459, 1.241
-0.077, 0.459, 1.241
-0.067, 0.468, 1.237
-0.067, 0.476, 1.234
-0.066, 0.485, 1.230
-0.066, 0.493, 1.226
-0.066, 0.501, 1.222
-0.066, 0.509, 1.219
-0.066, 0.518, 1.215
-0.065, 0.526, 1.211
-0.065, 0.534, 1.207
-0.065, 0.542, 1.204
-0.065, 0.550, 1.201
-0.065, 0.558, 1.197
-0.055, 0.558, 1.197
-0.045, 0.558, 1.197
-0.036, 0.558, 1.197
-0.026, 0.558, 1.197
-0.017, 0.558, 1.197
-0.007, 0.558, 1.197
0.002, 0.558, 1.197
0.012, 0.558, 1.197
0.012, 0.550, 1.201
0.012, 0.542, 1.204
0.012, 0.534, 1.207
0.012, 0.526, 1.211
0.012, 0.518, 1.215
0.012, 0.509, 1.219
0.012, 0.501, 1.222
0.012, 0.493, 1.226
0.012, 0.485, 1.230
0.012, 0.476, 1.234
0.012, 0.468, 1.237
0.012, 0.459, 1.241
0.012, 0.451, 1.245
0.012, 0.442, 1.249
0.013, 0.434, 1.253
0.013, 0.425, 1.257
0.013, 0.416, 1.261
0.013, 0.407, 1.265
0.013, 0.398, 1.269
0.023, 0.390, 1.273
0.013, 0.390, 1.273
0.033, 0.390, 1.273
0.043, 0.390, 1.273
0.053, 0.390, 1.273
0.064, 0.390, 1.273
0.074, 0.390, 1.273
0.084, 0.390, 1.273
0.094, 0.390, 1.273
0.104, 0.390, 1.273
0.115, 0.390, 1.273
0.125, 0.390, 1.273
0.135, 0.390, 1.273
0.145, 0.390, 1.273
0.155, 0.390, 1.273
0.165, 0.390, 1.273
0.176, 0.390, 1.273
0.186, 0.390, 1.273
0.196, 0.390, 1.273
0.206, 0.390, 1.273
0.216, 0.390, 1.273
0.227, 0.390, 1.273
0.237, 0.390, 1.273
0.247, 0.390, 1.273
0.257, 0.390, 1.273
0.267, 0.390, 1.273
0.278, 0.390, 1.273
0.288, 0.390, 1.273
0.298, 0.390, 1.273
0.308, 0.390, 1.273
0.318, 0.390, 1.273
0.328, 0.390, 1.273
0.339, 0.390, 1.273
0.349, 0.390, 1.273
0.359, 0.390, 1.273
0.369, 0.390, 1.273
0.379, 0.390, 1.273
0.388, 0.398, 1.269
0.398, 0.398, 1.269
0.390, 0.390, 1.273
0.407, 0.407, 1.265
0.406, 0.416, 1.261
0.405, 0.425, 1.257
0.403, 0.434, 1.253
0.402, 0.442, 1.249
0.401, 0.451, 1.245
0.400, 0.459, 1.241
0.398, 0.468, 1.237
0.397, 0.476, 1.234
0.406, 0.485, 1.230
0.405, 0.493, 1.226
0.403, 0.501, 1.222
0.402, 0.509, 1.219
0.401, 0.518, 1.215
0.400, 0.526, 1.211
0.398, 0.534, 1.207
0.397, 0.542, 1.204
0.396, 0.550, 1.201
0.395, 0.558, 1.197
0.405, 0.558, 1.197
0.414, 0.558, 1.197
0.424, 0.558, 1.197
0.433, 0.558, 1.197
0.443, 0.558, 1.197
0.452, 0.558, 1.197
0.462, 0.558, 1.197
0.472, 0.558, 1.197
0.481, 0.558, 1.197
0.491, 0.558, 1.197
0.500, 0.558, 1.197
0.510, 0.558, 1.197
0.519, 0.558, 1.197
0.529, 0.558, 1.197
0.539, 0.558, 1.197
0.548, 0.558, 1.197
0.558, 0.558, 1.197
0.567, 0.558, 1.197
0.577, 0.558, 1.197
0.587, 0.558, 1.197
0.596, 0.558, 1.197
0.606, 0.558, 1.197
0.615, 0.558, 1.197
0.625, 0.558, 1.197
0.634, 0.558, 1.197
0.644, 0.558, 1.197
0.654, 0.558, 1.197
0.663, 0.558, 1.197
0.673, 0.558, 1.197
0.682, 0.558, 1.197
0.692, 0.558, 1.197
0.701, 0.558, 1.197
0.711, 0.558, 1.197
0.721, 0.558, 1.197
0.730, 0.558, 1.197
0.740, 0.558, 1.197
0.749, 0.558, 1.197
0.752, 0.550, 1.201
0.754, 0.542, 1.204
0.756, 0.534, 1.207
0.758, 0.526, 1.211
0.761, 0.518, 1.215
0.763, 0.509, 1.219
0.765, 0.501, 1.222
0.767, 0.493, 1.226
0.770, 0.485, 1.230
0.772, 0.476, 1.234
0.774, 0.468, 1.237
0.777, 0.459, 1.241
0.779, 0.451, 1.245
0.782, 0.442, 1.249
0.784, 0.434, 1.253
0.787, 0.425, 1.257
0.789, 0.416, 1.261
0.792, 0.407, 1.265
0.794, 0.398, 1.269
0.797, 0.390, 1.273
0.799, 0.381, 1.277
0.802, 0.371, 1.281
0.805, 0.363, 1.286
0.808, 0.353, 1.290
0.810, 0.344, 1.294
0.813, 0.335, 1.298
0.816, 0.326, 1.303
0.818, 0.316, 1.307
0.821, 0.307, 1.312
0.824, 0.297, 1.316
0.827, 0.288, 1.321
0.829, 0.278, 1.325
0.832, 0.269, 1.330
0.835, 0.259, 1.334
0.838, 0.249, 1.339
0.841, 0.239, 1.344
0.844, 0.229, 1.348
0.847, 0.219, 1.353
0.850, 0.209, 1.358
0.853, 0.199, 1.363
0.856, 0.189, 1.368
0.859, 0.178, 1.373
0.862, 0.168, 1.378
0.865, 0.158, 1.383
0.869, 0.147, 1.388
0.872, 0.136, 1.392
0.875, 0.126, 1.398
0.878, 0.115, 1.403
0.881, 0.104, 1.408
0.885, 0.093, 1.414
0.888, 0.082, 1.418
0.891, 0.071, 1.424
0.895, 0.060, 1.430
0.898, 0.049, 1.435
0.902, 0.037, 1.441
0.906, 0.026, 1.447
0.909, 0.015, 1.451
0.912, 0.003, 1.458
0.916, -0.009, 1.464
0.919, -0.021, 1.469
0.923, -0.032, 1.475
0.927, -0.044, 1.481
0.931, -0.056, 1.487
0.934, -0.069, 1.493
0.938, -0.081, 1.499
0.942, -0.093, 1.505
0.946, -0.106, 1.510
0.950, -0.118, 1.517
0.954, -0.131, 1.524
0.957, -0.144, 1.530
0.962, -0.157, 1.536
0.966, -0.170, 1.543
0.970, -0.183, 1.550
0.974, -0.196, 1.556
0.978, -0.209, 1.562
0.982, -0.223, 1.569
0.987, -0.236, 1.576
0.991, -0.250, 1.583
0.995, -0.264, 1.590
1.000, -0.278, 1.597
1.004, -0.292, 1.604
1.008, -0.306, 1.611
1.013, -0.320, 1.618
1.018, -0.335, 1.626
1.022, -0.349, 1.633
1.027, -0.364, 1.640
1.032, -0.379, 1.648
1.036, -0.394, 1.655
1.041, -0.409, 1.663
1.046, -0.424, 1.671
1.051, -0.440, 1.679
1.055, -0.455, 1.686
1.060, -0.471, 1.694
1.065, -0.487, 1.702
1.071, -0.503, 1.711
1.076, -0.519, 1.719
1.081, -0.535, 1.727
1.086, -0.552, 1.736
1.092, -0.569, 1.744
1.097, -0.585, 1.753
1.103, -0.602, 1.762
1.108, -0.620, 1.770
1.114, -0.637, 1.779
1.119, -0.654, 1.788
1.125, -0.672, 1.797
1.131, -0.690, 1.807
1.137, -0.708, 1.816
1.142, -0.726, 1.825
1.148, -0.745, 1.835
1.154, -0.763, 1.844
1.160, -0.782, 1.854
1.167, -0.801, 1.864
1.173, -0.821, 1.874
1.179, -0.840, 1.884
1.185, -0.860, 1.894
1.177, -0.880, 1.904
1.161, -0.880, 1.904
1.146, -0.880, 1.904
1.131, -0.880, 1.904
1.116, -0.880, 1.904
1.101, -0.880, 1.904
1.085, -0.880, 1.904
1.070, -0.880, 1.904
1.055, -0.880, 1.904
1.040, -0.880, 1.904
1.024, -0.880, 1.904
1.009, -0.880, 1.904
0.994, -0.880, 1.904
0.979, -0.880, 1.904
0.963, -0.880, 1.904
0.948, -0.880, 1.904
0.933, -0.880, 1.904
0.918, -0.880, 1.904
0.902, -0.880, 1.904
0.887, -0.880, 1.904
0.872, -0.880, 1.904
0.857, -0.880, 1.904
0.842, -0.880, 1.904
0.826, -0.880, 1.904
0.811, -0.880, 1.904
0.796, -0.880, 1.904
0.781, -0.880, 1.904
0.765, -0.880, 1.904
0.750, -0.880, 1.904
0.735, -0.880, 1.904
0.720, -0.880, 1.904
0.704, -0.880, 1.904
0.689, -0.880, 1.904
0.674, -0.880, 1.904
0.659, -0.880, 1.904
0.644, -0.880, 1.904
0.628, -0.880, 1.904
0.613, -0.880, 1.904
0.598, -0.880, 1.904
0.583, -0.880, 1.904
0.567, -0.880, 1.904
0.552, -0.880, 1.904
0.549, -0.860, 1.894
0.531, -0.840, 1.884
0.513, -0.821, 1.874
0.498, -0.821, 1.874
0.481, -0.801, 1.864
0.463, -0.782, 1.854
0.449, -0.782, 1.854
0.431, -0.763, 1.844
0.417, -0.763, 1.844
0.400, -0.745, 1.835
0.385, -0.745, 1.835
0.371, -0.745, 1.835
0.356, -0.745, 1.835
0.341, -0.745, 1.835
0.327, -0.745, 1.835
0.312, -0.745, 1.835
0.297, -0.745, 1.835
0.283, -0.745, 1.835
0.266, -0.726, 1.825
0.252, -0.726, 1.825
0.237, -0.726, 1.825
0.223, -0.726, 1.825
0.209, -0.745, 1.835
0.208, -0.726, 1.825
0.210, -0.763, 1.844
0.211, -0.782, 1.854
0.198, -0.801, 1.864
0.212, -0.801, 1.864
0.199, -0.821, 1.874
0.200, -0.840, 1.884
0.201, -0.860, 1.894
0.187, -0.880, 1.904
0.171, -0.880, 1.904
0.156, -0.880, 1.904
0.141, -0.880, 1.904
0.126, -0.880, 1.904
0.110, -0.880, 1.904
0.095, -0.880, 1.904
0.095, -0.860, 1.894
0.094, -0.840, 1.884
0.079, -0.821, 1.874
0.063, -0.801, 1.864
0.063, -0.782, 1.854
0.048, -0.763, 1.844
0.033, -0.745, 1.835
0.018, -0.726, 1.825
0.004, -0.708, 1.816
0.004, -0.690, 1.807
-0.011, -0.672, 1.797
-0.025, -0.654, 1.788
-0.039, -0.637, 1.779
-0.053, -0.620, 1.770
-0.053, -0.602, 1.762
-0.067, -0.585, 1.753
-0.081, -0.585, 1.753
-0.095, -0.585, 1.753
-0.109, -0.585, 1.753
-0.123, -0.602, 1.762
-0.138, -0.620, 1.770
-0.153, -0.637, 1.779
-0.167, -0.637, 1.779
-0.182, -0.654, 1.788
-0.198, -0.672, 1.797
-0.213, -0.690, 1.807
-0.229, -0.708, 1.816
-0.245, -0.726, 1.825
-0.260, -0.745, 1.835
-0.277, -0.763, 1.844
-0.293, -0.782, 1.854
-0.308, -0.782, 1.854
-0.291, -0.763, 1.844
-0.275, -0.745, 1.835
-0.259, -0.726, 1.825
-0.243, -0.708, 1.816
-0.228, -0.690, 1.807
-0.212, -0.672, 1.797
-0.197, -0.654, 1.788
-0.181, -0.637, 1.779
-0.152, -0.620, 1.770
-0.137, -0.602, 1.762
-0.123, -0.585, 1.753
-0.053, -0.585, 1.753
-0.039, -0.620, 1.770
-0.025, -0.637, 1.779
-0.011, -0.654, 1.788
0.004, -0.672, 1.797
0.018, -0.708, 1.816
0.033, -0.726, 1.825
0.048, -0.745, 1.835
0.063, -0.763, 1.844
0.078, -0.801, 1.864
0.094, -0.821, 1.874
0.202, -0.880, 1.904
0.281, -0.726, 1.825
0.415, -0.745, 1.835
0.427, -0.726, 1.825
0.410, -0.708, 1.816
0.394, -0.690, 1.807
0.379, -0.690, 1.807
0.363, -0.672, 1.797
0.347, -0.654, 1.788
0.345, -0.637, 1.779
0.329, -0.620, 1.770
0.314, -0.602, 1.762
0.298, -0.585, 1.753
0.283, -0.569, 1.744
0.267, -0.552, 1.736
0.252, -0.535, 1.727
0.251, -0.519, 1.719
0.250, -0.503, 1.711
0.248, -0.487, 1.702
0.247, -0.471, 1.694
0.246, -0.455, 1.686
0.258, -0.440, 1.679
0.271, -0.424, 1.671
0.283, -0.409, 1.663
0.295, -0.394, 1.655
0.307, -0.379, 1.648
0.318, -0.364, 1.640
0.330, -0.349, 1.633
0.328, -0.335, 1.626
0.340, -0.320, 1.618
0.351, -0.306, 1.611
0.363, -0.292, 1.604
0.361, -0.278, 1.597
0.347, -0.264, 1.590
0.332, -0.250, 1.583
0.320, -0.250, 1.583
0.306, -0.236, 1.576
0.292, -0.223, 1.569
0.278, -0.209, 1.562
0.264, -0.196, 1.556
0.252, -0.196, 1.556
0.239, -0.183, 1.550
0.225, -0.170, 1.543
0.213, -0.170, 1.543
0.212, -0.157, 1.536
0.211, -0.144, 1.530
0.210, -0.131, 1.524
0.209, -0.118, 1.517
0.208, -0.106, 1.510
0.208, -0.093, 1.505
0.207, -0.081, 1.499
0.218, -0.069, 1.493
0.229, -0.056, 1.487
0.228, -0.044, 1.481
0.239, -0.032, 1.475
0.250, -0.021, 1.469
0.249, -0.009, 1.464
0.259, 0.003, 1.458
0.270, 0.015, 1.451
0.269, 0.026, 1.447
0.279, 0.037, 1.441
0.290, 0.049, 1.435
0.289, 0.060, 1.430
0.299, 0.071, 1.424
0.298, 0.082, 1.418
0.308, 0.093, 1.414
0.318, 0.104, 1.408
0.317, 0.115, 1.403
0.327, 0.126, 1.398
0.337, 0.136, 1.392
0.336, 0.147, 1.388
0.346, 0.158, 1.383
0.344, 0.168, 1.378
0.354, 0.178, 1.373
0.353, 0.189, 1.368
0.362, 0.199, 1.363
0.372, 0.209, 1.358
0.382, 0.219, 1.353
0.380, 0.229, 1.348
0.390, 0.239, 1.344
0.388, 0.249, 1.339
0.398, 0.259, 1.334
0.407, 0.269, 1.330
0.405, 0.278, 1.325
0.415, 0.288, 1.321
0.424, 0.297, 1.316
0.422, 0.307, 1.312
0.433, 0.307, 1.312
0.443, 0.307, 1.312
0.454, 0.307, 1.312
0.464, 0.307, 1.312
0.475, 0.307, 1.312
0.485, 0.307, 1.312
0.497, 0.297, 1.316
0.487, 0.297, 1.316
0.508, 0.297, 1.316
0.520, 0.288, 1.321
0.510, 0.288, 1.321
0.531, 0.288, 1.321
0.541, 0.288, 1.321
0.554, 0.278, 1.325
0.543, 0.278, 1.325
0.564, 0.278, 1.325
0.575, 0.278, 1.325
0.588, 0.269, 1.330
0.577, 0.269, 1.330
0.598, 0.269, 1.330
0.611, 0.259, 1.334
0.600, 0.259, 1.334
0.622, 0.259, 1.334
0.632, 0.259, 1.334
0.645, 0.249, 1.339
0.635, 0.249, 1.339
0.656, 0.249, 1.339
0.669, 0.239, 1.344
0.658, 0.239, 1.344
0.680, 0.239, 1.344
0.691, 0.239, 1.344
0.704, 0.229, 1.348
0.693, 0.229, 1.348
0.714, 0.229, 1.348
0.717, 0.219, 1.353
0.731, 0.209, 1.358
0.720, 0.209, 1.358
0.733, 0.199, 1.363
0.747, 0.189, 1.368
0.736, 0.189, 1.368
0.749, 0.178, 1.373
0.760, 0.178, 1.373
0.763, 0.168, 1.378
0.777, 0.158, 1.383
0.766, 0.158, 1.383
0.780, 0.147, 1.388
0.783, 0.136, 1.392
0.785, 0.126, 1.398
0.777, 0.115, 1.403
0.788, 0.115, 1.403
0.780, 0.104, 1.408
0.772, 0.093, 1.414
0.763, 0.082, 1.418
0.775, 0.082, 1.418
0.766, 0.071, 1.424
0.758, 0.060, 1.430
0.749, 0.049, 1.435
0.761, 0.049, 1.435
0.752, 0.037, 1.441
0.744, 0.026, 1.447
0.734, 0.015, 1.451
0.726, 0.003, 1.458
0.737, 0.003, 1.458
0.729, -0.009, 1.464
0.720, -0.021, 1.469
0.711, -0.032, 1.475
0.723, -0.032, 1.475
0.714, -0.044, 1.481
0.705, -0.056, 1.487
0.696, -0.069, 1.493
0.707, -0.069, 1.493
0.698, -0.081, 1.499
0.689, -0.093, 1.505
0.680, -0.106, 1.510
0.692, -0.106, 1.510
0.683, -0.118, 1.517
0.673, -0.131, 1.524
0.664, -0.144, 1.530
0.676, -0.144, 1.530
0.667, -0.157, 1.536
0.657, -0.170, 1.543
0.669, -0.170, 1.543
0.685, -0.183, 1.550
0.672, -0.183, 1.550
0.688, -0.196, 1.556
0.700, -0.196, 1.556
0.712, -0.196, 1.556
0.728, -0.209, 1.562
0.716, -0.209, 1.562
0.731, -0.223, 1.569
0.744, -0.223, 1.569
0.760, -0.236, 1.576
0.747, -0.236, 1.576
0.763, -0.250, 1.583
0.776, -0.250, 1.583
0.779, -0.264, 1.590
0.783, -0.278, 1.597
0.786, -0.292, 1.604
0.789, -0.306, 1.611
0.780, -0.320, 1.618
0.770, -0.335, 1.626
0.783, -0.335, 1.626
0.774, -0.349, 1.633
0.764, -0.364, 1.640
0.755, -0.379, 1.648
0.745, -0.394, 1.655
0.735, -0.409, 1.663
0.725, -0.424, 1.671
0.715, -0.440, 1.679
0.705, -0.455, 1.686
0.695, -0.471, 1.694
0.684, -0.487, 1.702
0.674, -0.503, 1.711
0.664, -0.519, 1.719
0.653, -0.535, 1.727
0.642, -0.552, 1.736
0.631, -0.569, 1.744
0.620, -0.585, 1.753
0.609, -0.602, 1.762
0.598, -0.620, 1.770
0.587, -0.637, 1.779
0.576, -0.654, 1.788
0.564, -0.672, 1.797
0.553, -0.690, 1.807
0.541, -0.708, 1.816
0.529, -0.726, 1.825
0.517, -0.745, 1.835
0.503, -0.745, 1.835
0.488, -0.745, 1.835
0.473, -0.745, 1.835
0.459, -0.745, 1.835
0.446, -0.763, 1.844
0.444, -0.745, 1.835
0.442, -0.726, 1.825
0.425, -0.708, 1.816
0.408, -0.690, 1.807
0.515, -0.726, 1.825
0.526, -0.708, 1.816
0.538, -0.690, 1.807
0.550, -0.672, 1.797
0.561, -0.654, 1.788
0.573, -0.637, 1.779
0.584, -0.620, 1.770
0.595, -0.602, 1.762
0.606, -0.585, 1.753
0.617, -0.569, 1.744
0.628, -0.552, 1.736
0.639, -0.535, 1.727
0.650, -0.519, 1.719
0.660, -0.503, 1.711
0.688, -0.503, 1.711
0.698, -0.487, 1.702
0.708, -0.471, 1.694
0.718, -0.455, 1.686
0.728, -0.440, 1.679
0.739, -0.424, 1.671
0.748, -0.409, 1.663
0.758, -0.394, 1.655
0.768, -0.379, 1.648
0.777, -0.364, 1.640
0.793, -0.320, 1.618
0.686, -0.131, 1.524
0.701, -0.093, 1.505
0.716, -0.056, 1.487
0.731, -0.021, 1.469
0.746, 0.015, 1.451
0.755, 0.026, 1.447
0.769, 0.060, 1.430
0.783, 0.093, 1.414
0.425, 0.288, 1.321
0.416, 0.278, 1.325
0.408, 0.259, 1.334
0.399, 0.249, 1.339
0.391, 0.229, 1.348
0.383, 0.209, 1.358
0.373, 0.199, 1.363
0.364, 0.189, 1.368
0.355, 0.168, 1.378
0.347, 0.147, 1.388
0.338, 0.126, 1.398
0.328, 0.115, 1.403
0.319, 0.093, 1.414
0.309, 0.082, 1.418
0.300, 0.060, 1.430
0.291, 0.037, 1.441
0.281, 0.026, 1.447
0.271, 0.003, 1.458
0.261, -0.009, 1.464
0.251, -0.032, 1.475
0.240, -0.044, 1.481
0.230, -0.069, 1.493
0.219, -0.081, 1.499
0.238, -0.170, 1.543
0.251, -0.183, 1.550
0.277, -0.196, 1.556
0.291, -0.209, 1.562
0.304, -0.223, 1.569
0.318, -0.236, 1.576
0.345, -0.250, 1.583
0.359, -0.264, 1.590
0.374, -0.278, 1.597
0.375, -0.292, 1.604
0.364, -0.306, 1.611
0.353, -0.320, 1.618
0.341, -0.335, 1.626
0.331, -0.364, 1.640
0.320, -0.379, 1.648
0.308, -0.394, 1.655
0.296, -0.409, 1.663
0.284, -0.424, 1.671
0.272, -0.440, 1.679
0.260, -0.455, 1.686
0.266, -0.535, 1.727
0.281, -0.552, 1.736
0.296, -0.569, 1.744
0.312, -0.585, 1.753
0.328, -0.602, 1.762
0.343, -0.620, 1.770
0.361, -0.654, 1.788
0.377, -0.672, 1.797
0.478, -0.782, 1.854
0.496, -0.801, 1.864
0.528, -0.821, 1.874
0.546, -0.840, 1.884
1.192, -0.880, 1.904
0.407, 0.476, 1.234
0.409, 0.398, 1.269
-0.067, 0.459, 1.241
-0.390, -0.860, 1.894
-0.373, -0.840, 1.884
-0.356, -0.821, 1.874
-0.339, -0.801, 1.864
RegionID:1
Center:-0.112,-0.654,1.524
Normal:-0.224,0.719,-0.658
NumPatches:55
-0.068, -0.682, 1.477
-0.080, -0.684, 1.480
-0.092, -0.685, 1.483
-0.104, -0.686, 1.485
-0.116, -0.688, 1.488
-0.128, -0.689, 1.491
-0.140, -0.690, 1.494
-0.153, -0.691, 1.496
-0.165, -0.693, 1.499
-0.177, -0.694, 1.502
-0.190, -0.695, 1.505
-0.202, -0.697, 1.508
-0.214, -0.698, 1.510
-0.227, -0.699, 1.513
-0.228, -0.691, 1.522
-0.216, -0.690, 1.520
-0.204, -0.681, 1.526
-0.193, -0.671, 1.532
-0.182, -0.662, 1.539
-0.170, -0.652, 1.545
-0.158, -0.642, 1.552
-0.147, -0.633, 1.558
-0.135, -0.623, 1.565
-0.123, -0.613, 1.572
-0.110, -0.603, 1.579
-0.098, -0.602, 1.576
-0.110, -0.612, 1.569
-0.122, -0.622, 1.562
-0.134, -0.632, 1.556
-0.146, -0.641, 1.549
-0.157, -0.651, 1.542
-0.169, -0.660, 1.536
-0.180, -0.670, 1.529
-0.192, -0.679, 1.523
-0.203, -0.689, 1.517
-0.085, -0.592, 1.582
-0.072, -0.600, 1.570
-0.085, -0.601, 1.573
-0.072, -0.608, 1.560
-0.059, -0.607, 1.557
-0.046, -0.615, 1.544
-0.059, -0.616, 1.547
-0.046, -0.623, 1.535
-0.034, -0.622, 1.532
-0.034, -0.630, 1.523
-0.021, -0.638, 1.511
-0.033, -0.647, 1.504
-0.045, -0.656, 1.498
-0.057, -0.665, 1.492
-0.068, -0.675, 1.486
-0.056, -0.673, 1.483
-0.045, -0.664, 1.489
-0.033, -0.655, 1.495
-0.021, -0.646, 1.502
-0.033, -0.639, 1.513
RegionID:2
Center:0.358,-0.329,1.227
Normal:-0.630,-0.077,-0.773
NumPatches:108
0.335, -0.461, 1.259
0.327, -0.463, 1.266
0.318, -0.455, 1.272
0.309, -0.448, 1.279
0.301, -0.450, 1.286
0.292, -0.442, 1.292
0.283, -0.434, 1.299
0.283, -0.423, 1.298
0.274, -0.415, 1.304
0.265, -0.406, 1.311
0.256, -0.398, 1.317
0.246, -0.389, 1.324
0.246, -0.378, 1.323
0.255, -0.365, 1.315
0.264, -0.353, 1.306
0.272, -0.340, 1.298
0.281, -0.327, 1.289
0.290, -0.315, 1.281
0.298, -0.303, 1.273
0.306, -0.291, 1.265
0.314, -0.279, 1.257
0.322, -0.267, 1.250
0.322, -0.257, 1.249
0.330, -0.246, 1.241
0.338, -0.244, 1.235
0.330, -0.256, 1.242
0.346, -0.243, 1.228
0.354, -0.252, 1.222
0.347, -0.253, 1.229
0.362, -0.250, 1.216
0.370, -0.249, 1.209
0.378, -0.248, 1.203
0.385, -0.246, 1.197
0.393, -0.245, 1.191
0.401, -0.254, 1.185
0.393, -0.255, 1.191
0.408, -0.252, 1.179
0.415, -0.251, 1.173
0.422, -0.240, 1.166
0.422, -0.231, 1.166
0.429, -0.220, 1.159
0.436, -0.210, 1.153
0.435, -0.200, 1.151
0.443, -0.209, 1.146
0.436, -0.219, 1.153
0.429, -0.230, 1.160
0.443, -0.218, 1.148
0.450, -0.217, 1.141
0.457, -0.225, 1.137
0.450, -0.226, 1.142
0.457, -0.234, 1.137
0.464, -0.233, 1.132
0.471, -0.241, 1.127
0.464, -0.251, 1.133
0.458, -0.262, 1.139
0.451, -0.273, 1.146
0.444, -0.283, 1.151
0.438, -0.294, 1.159
0.431, -0.305, 1.165
0.424, -0.316, 1.172
0.417, -0.328, 1.179
0.410, -0.339, 1.185
0.403, -0.351, 1.192
0.396, -0.362, 1.199
0.388, -0.374, 1.207
0.381, -0.386, 1.214
0.374, -0.398, 1.221
0.366, -0.410, 1.228
0.358, -0.423, 1.236
0.351, -0.435, 1.243
0.343, -0.448, 1.251
0.335, -0.450, 1.258
0.326, -0.453, 1.265
0.318, -0.445, 1.271
0.343, -0.438, 1.250
0.350, -0.425, 1.243
0.358, -0.412, 1.235
0.366, -0.400, 1.228
0.373, -0.388, 1.220
0.381, -0.376, 1.213
0.388, -0.364, 1.206
0.396, -0.352, 1.199
0.403, -0.341, 1.192
0.410, -0.329, 1.185
0.417, -0.318, 1.178
0.424, -0.307, 1.171
0.438, -0.304, 1.159
0.438, -0.285, 1.158
0.444, -0.274, 1.151
0.458, -0.271, 1.140
0.458, -0.253, 1.139
0.464, -0.242, 1.132
0.422, -0.250, 1.167
0.323, -0.278, 1.251
0.315, -0.289, 1.258
0.306, -0.301, 1.266
0.298, -0.313, 1.274
0.290, -0.326, 1.282
0.281, -0.338, 1.290
0.273, -0.351, 1.299
0.264, -0.363, 1.307
0.255, -0.376, 1.316
0.255, -0.387, 1.317
0.265, -0.396, 1.310
0.274, -0.404, 1.303
0.283, -0.412, 1.297
0.292, -0.431, 1.291
0.301, -0.439, 1.285
RegionID:3
Center:-0.381,-0.319,1.411
Normal:-0.650,0.472,-0.596
NumPatches:78
-0.439, -0.439, 1.380
-0.451, -0.451, 1.383
-0.454, -0.443, 1.393
-0.457, -0.435, 1.403
-0.477, -0.431, 1.427
-0.480, -0.423, 1.438
-0.484, -0.414, 1.449
-0.487, -0.406, 1.459
-0.491, -0.397, 1.470
-0.478, -0.384, 1.466
-0.465, -0.371, 1.462
-0.452, -0.359, 1.458
-0.439, -0.346, 1.454
-0.442, -0.337, 1.464
-0.429, -0.324, 1.460
-0.416, -0.312, 1.456
-0.404, -0.299, 1.452
-0.391, -0.287, 1.448
-0.378, -0.274, 1.444
-0.381, -0.265, 1.455
-0.368, -0.252, 1.450
-0.356, -0.240, 1.446
-0.343, -0.228, 1.442
-0.346, -0.218, 1.453
-0.331, -0.216, 1.438
-0.316, -0.214, 1.424
-0.302, -0.211, 1.410
-0.290, -0.200, 1.406
-0.274, -0.207, 1.383
-0.288, -0.209, 1.397
-0.272, -0.217, 1.374
-0.284, -0.229, 1.377
-0.270, -0.226, 1.364
-0.282, -0.238, 1.368
-0.293, -0.250, 1.371
-0.305, -0.261, 1.375
-0.317, -0.273, 1.378
-0.303, -0.270, 1.365
-0.315, -0.282, 1.369
-0.327, -0.294, 1.372
-0.339, -0.305, 1.376
-0.350, -0.317, 1.380
-0.362, -0.329, 1.383
-0.374, -0.341, 1.387
-0.387, -0.353, 1.391
-0.399, -0.365, 1.394
-0.384, -0.362, 1.381
-0.396, -0.374, 1.384
-0.408, -0.386, 1.388
-0.420, -0.398, 1.392
-0.433, -0.410, 1.396
-0.445, -0.422, 1.399
-0.461, -0.427, 1.413
-0.442, -0.431, 1.389
-0.430, -0.419, 1.386
-0.417, -0.406, 1.382
-0.405, -0.394, 1.378
-0.393, -0.382, 1.375
-0.372, -0.350, 1.377
-0.360, -0.338, 1.374
-0.348, -0.326, 1.370
-0.336, -0.314, 1.366
-0.341, -0.296, 1.386
-0.313, -0.291, 1.359
-0.291, -0.259, 1.362
-0.280, -0.247, 1.358
-0.341, -0.238, 1.432
-0.353, -0.250, 1.436
-0.366, -0.262, 1.440
-0.376, -0.284, 1.433
-0.388, -0.296, 1.437
-0.401, -0.308, 1.441
-0.413, -0.321, 1.445
-0.426, -0.333, 1.449
-0.436, -0.355, 1.443
-0.449, -0.368, 1.447
-0.461, -0.380, 1.451
-0.474, -0.393, 1.455
RegionID:4
Center:-0.236,-0.338,1.490
Normal:-0.650,0.473,-0.595
NumPatches:19
-0.209, -0.326, 1.470
-0.221, -0.339, 1.474
-0.233, -0.351, 1.477
-0.246, -0.364, 1.480
-0.247, -0.355, 1.490
-0.263, -0.348, 1.513
-0.265, -0.338, 1.522
-0.267, -0.328, 1.532
-0.254, -0.315, 1.528
-0.238, -0.322, 1.505
-0.252, -0.325, 1.519
-0.224, -0.319, 1.492
-0.210, -0.317, 1.479
-0.195, -0.324, 1.457
-0.207, -0.336, 1.461
-0.220, -0.348, 1.464
-0.232, -0.361, 1.468
-0.244, -0.374, 1.471
-0.249, -0.345, 1.499
RegionID:5
Center:0.005,-0.111,1.110
Normal:-0.300,0.437,-0.848
NumPatches:105
0.073, -0.060, 1.113
0.065, -0.060, 1.116
0.065, -0.052, 1.120
0.065, -0.043, 1.124
0.065, -0.034, 1.129
0.066, -0.025, 1.133
0.066, -0.016, 1.138
0.066, -0.007, 1.142
0.067, 0.002, 1.147
0.067, 0.012, 1.151
0.067, 0.021, 1.156
0.067, 0.030, 1.161
0.068, 0.040, 1.165
0.059, 0.049, 1.173
0.049, 0.049, 1.177
0.040, 0.050, 1.180
0.031, 0.050, 1.183
0.021, 0.050, 1.187
0.012, 0.040, 1.185
0.002, 0.040, 1.188
-0.007, 0.041, 1.192
-0.017, 0.041, 1.195
-0.026, 0.041, 1.199
-0.036, 0.041, 1.202
-0.046, 0.041, 1.206
-0.055, 0.031, 1.204
-0.056, 0.041, 1.209
-0.055, 0.022, 1.199
-0.055, 0.012, 1.194
-0.064, 0.002, 1.193
-0.055, 0.002, 1.189
-0.064, -0.007, 1.188
-0.064, -0.017, 1.183
-0.064, -0.026, 1.178
-0.063, -0.035, 1.173
-0.063, -0.044, 1.168
-0.063, -0.054, 1.164
-0.063, -0.063, 1.159
-0.062, -0.072, 1.154
-0.062, -0.080, 1.150
-0.062, -0.089, 1.145
-0.062, -0.098, 1.141
-0.061, -0.107, 1.136
-0.061, -0.115, 1.132
-0.061, -0.124, 1.127
-0.061, -0.132, 1.123
-0.060, -0.141, 1.118
-0.060, -0.149, 1.114
-0.060, -0.158, 1.110
-0.060, -0.166, 1.105
-0.059, -0.174, 1.101
-0.059, -0.182, 1.097
-0.059, -0.190, 1.092
-0.059, -0.198, 1.088
-0.059, -0.206, 1.084
-0.058, -0.214, 1.080
-0.058, -0.222, 1.076
-0.058, -0.229, 1.072
-0.066, -0.238, 1.070
-0.058, -0.237, 1.067
-0.066, -0.245, 1.066
-0.057, -0.252, 1.059
-0.066, -0.253, 1.062
-0.049, -0.251, 1.057
-0.040, -0.251, 1.054
-0.032, -0.250, 1.051
-0.023, -0.249, 1.048
-0.015, -0.249, 1.046
-0.006, -0.248, 1.043
0.002, -0.248, 1.040
0.010, -0.247, 1.038
0.019, -0.246, 1.035
0.027, -0.246, 1.032
0.035, -0.245, 1.030
0.043, -0.237, 1.031
0.051, -0.237, 1.029
0.043, -0.244, 1.027
0.051, -0.251, 1.021
0.043, -0.252, 1.023
0.059, -0.236, 1.026
0.068, -0.228, 1.027
0.068, -0.221, 1.031
0.068, -0.213, 1.035
0.069, -0.206, 1.039
0.069, -0.198, 1.043
0.069, -0.190, 1.047
0.069, -0.183, 1.051
0.070, -0.175, 1.055
0.070, -0.167, 1.059
0.070, -0.159, 1.062
0.070, -0.151, 1.067
0.071, -0.143, 1.071
0.071, -0.135, 1.075
0.071, -0.127, 1.079
0.071, -0.119, 1.083
0.072, -0.111, 1.087
0.072, -0.103, 1.091
0.072, -0.094, 1.095
0.073, -0.086, 1.100
0.073, -0.077, 1.104
0.073, -0.069, 1.108
0.068, -0.235, 1.023
0.012, 0.050, 1.190
0.068, 0.049, 1.170
0.075, -0.025, 1.130
RegionID:6
Center:0.507,-0.195,1.196
Normal:0.476,0.778,-0.411
NumPatches:24
0.535, -0.216, 1.189
0.510, -0.219, 1.154
0.504, -0.212, 1.162
0.499, -0.204, 1.170
0.493, -0.196, 1.179
0.478, -0.194, 1.166
0.472, -0.185, 1.174
0.466, -0.177, 1.182
0.490, -0.173, 1.218
0.505, -0.175, 1.233
0.481, -0.179, 1.196
0.496, -0.181, 1.210
0.511, -0.184, 1.224
0.487, -0.188, 1.187
0.527, -0.186, 1.238
0.533, -0.194, 1.229
0.508, -0.198, 1.192
0.517, -0.192, 1.214
0.523, -0.200, 1.206
0.539, -0.202, 1.220
0.514, -0.206, 1.184
0.529, -0.208, 1.197
0.545, -0.211, 1.211
0.519, -0.214, 1.175
RegionID:7
Center:-0.216,-0.217,1.451
Normal:0.634,0.768,-0.094
NumPatches:26
-0.267, -0.173, 1.468
-0.255, -0.184, 1.463
-0.247, -0.187, 1.488
-0.249, -0.192, 1.434
-0.242, -0.195, 1.458
-0.245, -0.200, 1.406
-0.237, -0.203, 1.429
-0.234, -0.199, 1.483
-0.222, -0.210, 1.477
-0.225, -0.214, 1.424
-0.232, -0.210, 1.401
-0.229, -0.206, 1.453
-0.221, -0.221, 1.396
-0.213, -0.224, 1.419
-0.209, -0.221, 1.472
-0.213, -0.213, 1.503
-0.201, -0.225, 1.498
-0.205, -0.228, 1.443
-0.196, -0.232, 1.467
-0.201, -0.235, 1.414
-0.193, -0.239, 1.437
-0.188, -0.236, 1.492
-0.184, -0.243, 1.462
-0.172, -0.253, 1.457
-0.180, -0.249, 1.432
-0.160, -0.264, 1.451
RegionID:8
Center:0.401,-0.033,0.957
Normal:0.636,-0.484,-0.601
NumPatches:129
0.355, -0.179, 1.027
0.346, -0.186, 1.023
0.332, -0.183, 1.005
0.318, -0.180, 0.988
0.301, -0.167, 0.960
0.289, -0.164, 0.945
0.298, -0.157, 0.948
0.307, -0.150, 0.952
0.303, -0.141, 0.940
0.312, -0.134, 0.944
0.320, -0.127, 0.947
0.316, -0.118, 0.936
0.325, -0.111, 0.940
0.334, -0.104, 0.943
0.330, -0.095, 0.932
0.339, -0.088, 0.936
0.348, -0.081, 0.939
0.343, -0.072, 0.928
0.352, -0.065, 0.932
0.361, -0.058, 0.935
0.357, -0.050, 0.924
0.365, -0.043, 0.927
0.374, -0.035, 0.931
0.370, -0.028, 0.920
0.379, -0.020, 0.924
0.387, -0.013, 0.927
0.383, -0.006, 0.916
0.392, 0.002, 0.920
0.401, 0.009, 0.923
0.396, 0.016, 0.912
0.405, 0.024, 0.916
0.414, 0.031, 0.919
0.409, 0.038, 0.909
0.418, 0.046, 0.912
0.426, 0.053, 0.915
0.422, 0.060, 0.905
0.430, 0.067, 0.908
0.439, 0.075, 0.912
0.434, 0.081, 0.901
0.443, 0.089, 0.905
0.452, 0.096, 0.908
0.447, 0.102, 0.898
0.456, 0.110, 0.901
0.470, 0.112, 0.914
0.461, 0.104, 0.911
0.475, 0.105, 0.925
0.496, 0.101, 0.950
0.481, 0.099, 0.936
0.502, 0.094, 0.962
0.493, 0.086, 0.958
0.483, 0.078, 0.955
0.499, 0.080, 0.970
0.489, 0.071, 0.966
0.479, 0.064, 0.963
0.470, 0.056, 0.959
0.485, 0.056, 0.974
0.476, 0.049, 0.970
0.466, 0.041, 0.967
0.456, 0.033, 0.963
0.472, 0.033, 0.979
0.462, 0.025, 0.975
0.452, 0.017, 0.971
0.443, 0.010, 0.968
0.458, 0.010, 0.983
0.449, 0.002, 0.980
0.439, -0.006, 0.976
0.430, -0.014, 0.972
0.445, -0.014, 0.988
0.435, -0.022, 0.984
0.425, -0.029, 0.980
0.416, -0.037, 0.977
0.407, -0.045, 0.973
0.421, -0.046, 0.989
0.412, -0.053, 0.985
0.402, -0.061, 0.981
0.393, -0.068, 0.977
0.407, -0.070, 0.994
0.398, -0.077, 0.990
0.388, -0.085, 0.986
0.379, -0.092, 0.982
0.393, -0.094, 0.998
0.384, -0.101, 0.995
0.375, -0.109, 0.991
0.389, -0.111, 1.007
0.379, -0.118, 1.003
0.370, -0.126, 0.999
0.360, -0.133, 0.995
0.375, -0.136, 1.013
0.365, -0.143, 1.008
0.356, -0.151, 1.004
0.346, -0.158, 1.000
0.360, -0.161, 1.018
0.351, -0.168, 1.013
0.341, -0.176, 1.009
0.370, -0.153, 1.022
0.384, -0.128, 1.017
0.403, -0.086, 1.002
0.417, -0.062, 0.998
0.431, -0.038, 0.993
0.441, -0.030, 0.997
0.454, -0.006, 0.992
0.468, 0.018, 0.987
0.482, 0.041, 0.983
0.495, 0.065, 0.978
0.508, 0.088, 0.974
0.457, 0.090, 0.918
0.448, 0.082, 0.915
0.444, 0.068, 0.922
0.435, 0.061, 0.919
0.432, 0.046, 0.926
0.423, 0.039, 0.923
0.419, 0.024, 0.930
0.409, 0.017, 0.926
0.405, 0.002, 0.934
0.396, -0.006, 0.930
0.392, -0.021, 0.938
0.383, -0.028, 0.934
0.379, -0.043, 0.942
0.370, -0.051, 0.939
0.365, -0.066, 0.946
0.356, -0.074, 0.943
0.352, -0.089, 0.951
0.343, -0.097, 0.947
0.338, -0.113, 0.955
0.329, -0.120, 0.951
0.324, -0.136, 0.959
0.315, -0.143, 0.956
0.310, -0.160, 0.964
0.314, -0.170, 0.976
RegionID:9
Center:-0.361,0.043,0.867
Normal:-0.476,-0.038,-0.878
NumPatches:134
-0.313, 0.129, 0.837
-0.313, 0.136, 0.837
-0.313, 0.142, 0.837
-0.313, 0.149, 0.836
-0.313, 0.155, 0.836
-0.313, 0.162, 0.836
-0.312, 0.169, 0.835
-0.312, 0.175, 0.835
-0.312, 0.182, 0.835
-0.312, 0.189, 0.834
-0.312, 0.195, 0.834
-0.312, 0.202, 0.834
-0.320, 0.210, 0.838
-0.328, 0.211, 0.842
-0.337, 0.212, 0.847
-0.346, 0.213, 0.851
-0.354, 0.214, 0.856
-0.363, 0.208, 0.861
-0.372, 0.209, 0.866
-0.381, 0.211, 0.870
-0.390, 0.205, 0.876
-0.400, 0.206, 0.880
-0.409, 0.207, 0.885
-0.418, 0.208, 0.890
-0.428, 0.202, 0.896
-0.438, 0.211, 0.900
-0.428, 0.209, 0.895
-0.428, 0.195, 0.896
-0.429, 0.188, 0.897
-0.429, 0.181, 0.897
-0.429, 0.174, 0.897
-0.429, 0.167, 0.898
-0.429, 0.160, 0.898
-0.429, 0.153, 0.899
-0.430, 0.146, 0.899
-0.430, 0.139, 0.900
-0.430, 0.131, 0.900
-0.430, 0.124, 0.901
-0.431, 0.117, 0.901
-0.431, 0.110, 0.901
-0.421, 0.102, 0.897
-0.431, 0.103, 0.902
-0.422, 0.095, 0.897
-0.422, 0.088, 0.898
-0.422, 0.081, 0.898
-0.422, 0.074, 0.899
-0.422, 0.067, 0.899
-0.423, 0.059, 0.899
-0.423, 0.052, 0.900
-0.423, 0.045, 0.900
-0.423, 0.038, 0.901
-0.423, 0.031, 0.901
-0.424, 0.023, 0.902
-0.424, 0.016, 0.902
-0.424, 0.009, 0.903
-0.424, 0.002, 0.903
-0.425, -0.005, 0.904
-0.425, -0.013, 0.904
-0.425, -0.020, 0.905
-0.425, -0.027, 0.905
-0.416, -0.034, 0.900
-0.425, -0.034, 0.905
-0.416, -0.041, 0.901
-0.416, -0.049, 0.901
-0.416, -0.056, 0.902
-0.417, -0.063, 0.902
-0.417, -0.070, 0.903
-0.417, -0.078, 0.903
-0.417, -0.085, 0.903
-0.418, -0.092, 0.904
-0.418, -0.099, 0.904
-0.418, -0.107, 0.905
-0.418, -0.114, 0.905
-0.409, -0.121, 0.901
-0.418, -0.121, 0.906
-0.399, -0.120, 0.895
-0.390, -0.119, 0.890
-0.380, -0.119, 0.885
-0.371, -0.118, 0.880
-0.362, -0.117, 0.874
-0.353, -0.116, 0.869
-0.344, -0.123, 0.865
-0.353, -0.124, 0.870
-0.335, -0.122, 0.860
-0.327, -0.121, 0.855
-0.318, -0.121, 0.850
-0.309, -0.120, 0.846
-0.301, -0.119, 0.841
-0.310, -0.127, 0.846
-0.293, -0.112, 0.836
-0.292, -0.105, 0.835
-0.292, -0.099, 0.835
-0.292, -0.092, 0.835
-0.292, -0.085, 0.834
-0.292, -0.078, 0.834
-0.292, -0.072, 0.834
-0.292, -0.065, 0.833
-0.300, -0.059, 0.838
-0.300, -0.052, 0.837
-0.300, -0.045, 0.837
-0.299, -0.038, 0.837
-0.299, -0.032, 0.836
-0.299, -0.025, 0.836
-0.299, -0.018, 0.836
-0.299, -0.012, 0.835
-0.299, -0.005, 0.835
-0.299, 0.002, 0.835
-0.299, 0.008, 0.834
-0.299, 0.015, 0.834
-0.307, 0.022, 0.838
-0.307, 0.028, 0.838
-0.306, 0.035, 0.837
-0.306, 0.042, 0.837
-0.306, 0.049, 0.837
-0.306, 0.055, 0.836
-0.306, 0.062, 0.836
-0.306, 0.069, 0.836
-0.306, 0.075, 0.835
-0.306, 0.082, 0.835
-0.306, 0.089, 0.835
-0.305, 0.095, 0.834
-0.305, 0.102, 0.834
-0.305, 0.108, 0.834
-0.305, 0.115, 0.833
-0.305, 0.122, 0.833
-0.305, 0.128, 0.833
-0.298, 0.022, 0.834
-0.291, 0.028, 0.830
-0.292, -0.058, 0.833
-0.284, -0.105, 0.831
-0.293, -0.119, 0.836
-0.390, 0.212, 0.875
-0.363, 0.215, 0.861
-0.312, 0.208, 0.833
RegionID:10
Center:0.454,-0.096,1.506
Normal:-0.002,-0.444,-0.896
NumPatches:26
0.444, -0.144, 1.530
0.433, -0.157, 1.536
0.419, -0.144, 1.530
0.430, -0.131, 1.524
0.428, -0.118, 1.517
0.438, -0.106, 1.510
0.448, -0.093, 1.505
0.447, -0.081, 1.499
0.457, -0.069, 1.493
0.467, -0.056, 1.487
0.465, -0.044, 1.481
0.477, -0.044, 1.481
0.489, -0.044, 1.481
0.479, -0.056, 1.487
0.469, -0.069, 1.493
0.459, -0.081, 1.499
0.471, -0.081, 1.499
0.460, -0.093, 1.505
0.450, -0.106, 1.510
0.440, -0.118, 1.517
0.452, -0.118, 1.517
0.442, -0.131, 1.524
0.431, -0.144, 1.530
0.462, -0.106, 1.510
0.472, -0.093, 1.505
0.481, -0.069, 1.493
RegionID:11
Center:-0.270,-0.034,1.000
Normal:-0.479,-0.041,-0.877
NumPatches:42
-0.234, -0.084, 0.983
-0.243, -0.085, 0.988
-0.252, -0.085, 0.993
-0.261, -0.086, 0.998
-0.271, -0.086, 1.003
-0.280, -0.087, 1.008
-0.290, -0.087, 1.014
-0.299, -0.088, 1.019
-0.309, -0.088, 1.024
-0.309, -0.080, 1.024
-0.309, -0.072, 1.023
-0.309, -0.063, 1.023
-0.309, -0.055, 1.022
-0.308, -0.047, 1.021
-0.308, -0.039, 1.021
-0.308, -0.031, 1.021
-0.308, -0.022, 1.020
-0.308, -0.014, 1.020
-0.308, -0.006, 1.019
-0.308, 0.002, 1.019
-0.308, 0.010, 1.018
-0.307, 0.018, 1.018
-0.298, 0.018, 1.013
-0.288, 0.018, 1.008
-0.279, 0.018, 1.002
-0.269, 0.018, 0.997
-0.260, 0.018, 0.992
-0.251, 0.018, 0.987
-0.242, 0.018, 0.982
-0.233, 0.018, 0.977
-0.233, 0.010, 0.978
-0.233, 0.002, 0.978
-0.233, -0.006, 0.978
-0.233, -0.014, 0.979
-0.233, -0.022, 0.979
-0.233, -0.029, 0.980
-0.233, -0.037, 0.980
-0.233, -0.045, 0.981
-0.233, -0.053, 0.981
-0.234, -0.061, 0.981
-0.234, -0.069, 0.982
-0.234, -0.077, 0.982
RegionID:12
Center:0.268,-0.039,1.076
Normal:0.637,-0.482,-0.601
NumPatches:43
0.290, -0.070, 1.125
0.280, -0.079, 1.122
0.271, -0.087, 1.118
0.258, -0.086, 1.104
0.247, -0.085, 1.091
0.233, -0.075, 1.068
0.222, -0.074, 1.055
0.211, -0.073, 1.043
0.220, -0.065, 1.046
0.229, -0.057, 1.049
0.227, -0.048, 1.040
0.236, -0.040, 1.043
0.234, -0.031, 1.034
0.243, -0.023, 1.037
0.252, -0.015, 1.039
0.249, -0.006, 1.031
0.258, 0.002, 1.034
0.267, 0.010, 1.036
0.279, 0.010, 1.049
0.270, 0.002, 1.046
0.261, -0.006, 1.043
0.281, 0.002, 1.058
0.293, 0.002, 1.071
0.308, -0.007, 1.093
0.296, -0.006, 1.080
0.311, -0.015, 1.104
0.301, -0.024, 1.100
0.314, -0.025, 1.114
0.304, -0.033, 1.111
0.294, -0.042, 1.107
0.285, -0.051, 1.104
0.297, -0.051, 1.118
0.287, -0.060, 1.114
0.278, -0.069, 1.111
0.268, -0.078, 1.108
0.307, -0.043, 1.121
0.324, -0.016, 1.117
0.321, -0.007, 1.107
0.254, -0.023, 1.049
0.245, -0.031, 1.046
0.238, -0.048, 1.052
0.231, -0.066, 1.059
0.244, -0.076, 1.081
RegionID:13
Center:0.353,0.058,0.924
Normal:-0.634,0.267,-0.725
NumPatches:67
0.260, 0.058, 1.006
0.252, 0.050, 1.009
0.259, 0.050, 1.003
0.265, 0.050, 0.998
0.271, 0.042, 0.990
0.277, 0.041, 0.984
0.283, 0.033, 0.976
0.277, 0.033, 0.982
0.289, 0.033, 0.971
0.295, 0.025, 0.963
0.289, 0.025, 0.968
0.301, 0.025, 0.958
0.306, 0.017, 0.950
0.300, 0.017, 0.956
0.305, 0.009, 0.948
0.312, 0.017, 0.945
0.317, 0.009, 0.938
0.311, 0.009, 0.943
0.316, 0.002, 0.936
0.323, 0.009, 0.933
0.328, 0.002, 0.926
0.322, 0.002, 0.931
0.327, -0.006, 0.924
0.332, -0.006, 0.919
0.338, -0.005, 0.914
0.343, -0.005, 0.909
0.337, -0.013, 0.912
0.343, -0.013, 0.906
0.337, -0.020, 0.910
0.342, -0.020, 0.905
0.336, -0.027, 0.908
0.330, -0.035, 0.911
0.349, -0.005, 0.904
0.355, 0.002, 0.902
0.356, 0.009, 0.904
0.362, 0.016, 0.901
0.368, 0.023, 0.898
0.369, 0.031, 0.900
0.375, 0.038, 0.897
0.381, 0.045, 0.895
0.382, 0.052, 0.896
0.388, 0.059, 0.894
0.394, 0.066, 0.891
0.395, 0.073, 0.893
0.401, 0.080, 0.891
0.406, 0.087, 0.888
0.407, 0.094, 0.890
0.414, 0.101, 0.888
0.419, 0.108, 0.885
0.420, 0.115, 0.887
0.421, 0.123, 0.889
0.422, 0.130, 0.891
0.418, 0.138, 0.897
0.413, 0.139, 0.902
0.409, 0.147, 0.909
0.404, 0.148, 0.913
0.399, 0.156, 0.919
0.394, 0.157, 0.925
0.389, 0.158, 0.929
0.384, 0.167, 0.937
0.378, 0.168, 0.942
0.374, 0.176, 0.949
0.368, 0.177, 0.954
0.423, 0.137, 0.893
0.427, 0.129, 0.886
0.432, 0.129, 0.882
0.426, 0.122, 0.884
RegionID:14
Center:0.547,0.099,1.411
Normal:0.000,-0.435,-0.900
NumPatches:27
0.531, 0.049, 1.435
0.519, 0.049, 1.435
0.517, 0.060, 1.430
0.527, 0.071, 1.424
0.525, 0.082, 1.418
0.534, 0.093, 1.414
0.543, 0.104, 1.408
0.542, 0.115, 1.403
0.551, 0.126, 1.398
0.560, 0.136, 1.392
0.558, 0.147, 1.388
0.569, 0.147, 1.388
0.580, 0.147, 1.388
0.571, 0.136, 1.392
0.562, 0.126, 1.398
0.553, 0.115, 1.403
0.564, 0.115, 1.403
0.555, 0.104, 1.408
0.546, 0.093, 1.414
0.536, 0.082, 1.418
0.548, 0.082, 1.418
0.538, 0.071, 1.424
0.529, 0.060, 1.430
0.540, 0.060, 1.430
0.550, 0.071, 1.424
0.557, 0.093, 1.414
0.573, 0.126, 1.398
RegionID:15
Center:-0.251,0.047,0.903
Normal:0.906,0.036,-0.422
NumPatches:30
-0.217, 0.049, 0.977
-0.222, 0.048, 0.965
-0.227, 0.048, 0.955
-0.232, 0.047, 0.944
-0.237, 0.047, 0.933
-0.242, 0.046, 0.923
-0.246, 0.046, 0.913
-0.251, 0.038, 0.903
-0.255, 0.037, 0.893
-0.260, 0.037, 0.884
-0.264, 0.037, 0.874
-0.268, 0.036, 0.865
-0.272, 0.036, 0.856
-0.276, 0.036, 0.848
-0.276, 0.042, 0.848
-0.277, 0.049, 0.848
-0.273, 0.050, 0.857
-0.268, 0.050, 0.866
-0.264, 0.051, 0.875
-0.260, 0.051, 0.884
-0.256, 0.052, 0.893
-0.251, 0.052, 0.904
-0.247, 0.053, 0.913
-0.251, 0.045, 0.903
-0.242, 0.054, 0.923
-0.237, 0.054, 0.934
-0.232, 0.055, 0.944
-0.227, 0.055, 0.955
-0.222, 0.056, 0.966
-0.217, 0.057, 0.977
RegionID:16
Center:0.355,0.109,1.050
Normal:0.635,-0.479,-0.606
NumPatches:47
0.361, 0.063, 1.092
0.348, 0.063, 1.079
0.332, 0.070, 1.058
0.320, 0.069, 1.046
0.305, 0.076, 1.025
0.294, 0.075, 1.013
0.303, 0.083, 1.016
0.312, 0.092, 1.019
0.321, 0.100, 1.022
0.318, 0.107, 1.013
0.327, 0.116, 1.016
0.325, 0.123, 1.008
0.333, 0.131, 1.011
0.342, 0.140, 1.013
0.340, 0.147, 1.005
0.349, 0.155, 1.008
0.346, 0.162, 1.000
0.361, 0.157, 1.019
0.352, 0.148, 1.016
0.364, 0.150, 1.028
0.376, 0.152, 1.039
0.392, 0.146, 1.060
0.379, 0.145, 1.048
0.396, 0.139, 1.069
0.409, 0.141, 1.082
0.399, 0.132, 1.079
0.390, 0.123, 1.076
0.403, 0.124, 1.089
0.393, 0.115, 1.086
0.383, 0.106, 1.082
0.374, 0.097, 1.079
0.387, 0.098, 1.092
0.377, 0.089, 1.089
0.367, 0.080, 1.086
0.357, 0.071, 1.083
0.345, 0.071, 1.070
0.370, 0.072, 1.096
0.380, 0.081, 1.099
0.397, 0.107, 1.095
0.413, 0.133, 1.092
0.345, 0.133, 1.022
0.336, 0.124, 1.019
0.330, 0.109, 1.025
0.324, 0.093, 1.031
0.314, 0.084, 1.028
0.317, 0.077, 1.036
0.364, 0.055, 1.103
RegionID:17
Center:-0.278,0.138,0.996
Normal:-0.473,-0.040,-0.880
NumPatches:47
-0.268, 0.081, 0.994
-0.278, 0.082, 0.999
-0.287, 0.082, 1.004
-0.297, 0.083, 1.009
-0.306, 0.083, 1.014
-0.316, 0.084, 1.020
-0.316, 0.092, 1.019
-0.316, 0.100, 1.019
-0.316, 0.108, 1.018
-0.315, 0.116, 1.018
-0.315, 0.124, 1.017
-0.315, 0.132, 1.016
-0.315, 0.140, 1.016
-0.315, 0.148, 1.016
-0.315, 0.156, 1.015
-0.315, 0.164, 1.015
-0.314, 0.172, 1.015
-0.324, 0.181, 1.019
-0.324, 0.189, 1.019
-0.314, 0.189, 1.014
-0.304, 0.188, 1.008
-0.314, 0.180, 1.014
-0.295, 0.195, 1.003
-0.285, 0.194, 0.998
-0.295, 0.187, 1.003
-0.276, 0.193, 0.993
-0.267, 0.192, 0.988
-0.258, 0.191, 0.983
-0.248, 0.190, 0.978
-0.239, 0.189, 0.974
-0.240, 0.181, 0.974
-0.240, 0.173, 0.974
-0.240, 0.166, 0.975
-0.240, 0.158, 0.975
-0.240, 0.150, 0.975
-0.240, 0.142, 0.976
-0.240, 0.135, 0.976
-0.240, 0.127, 0.977
-0.240, 0.119, 0.977
-0.240, 0.111, 0.977
-0.241, 0.104, 0.978
-0.241, 0.096, 0.978
-0.250, 0.088, 0.983
-0.259, 0.089, 0.988
-0.268, 0.089, 0.993
-0.241, 0.088, 0.979
-0.232, 0.088, 0.974
RegionID:18
Center:0.083,0.291,0.844
Normal:-0.890,-0.103,-0.444
NumPatches:21
0.104, 0.302, 0.799
0.104, 0.296, 0.800
0.104, 0.290, 0.801
0.104, 0.284, 0.802
0.099, 0.281, 0.812
0.094, 0.279, 0.824
0.088, 0.282, 0.834
0.083, 0.285, 0.844
0.077, 0.289, 0.855
0.071, 0.293, 0.866
0.065, 0.297, 0.878
0.059, 0.301, 0.890
0.052, 0.305, 0.901
0.046, 0.309, 0.914
0.039, 0.313, 0.926
0.077, 0.295, 0.854
0.083, 0.292, 0.843
0.088, 0.288, 0.833
0.094, 0.285, 0.823
0.099, 0.275, 0.814
0.104, 0.278, 0.803
RegionID:19
Center:0.187,0.332,0.819
Normal:0.485,-0.225,-0.845
NumPatches:72
0.159, 0.276, 0.818
0.166, 0.284, 0.820
0.158, 0.288, 0.815
0.151, 0.287, 0.811
0.144, 0.286, 0.807
0.137, 0.278, 0.805
0.130, 0.271, 0.803
0.123, 0.276, 0.797
0.123, 0.282, 0.796
0.122, 0.287, 0.794
0.122, 0.293, 0.792
0.122, 0.299, 0.791
0.121, 0.304, 0.789
0.128, 0.312, 0.791
0.128, 0.317, 0.789
0.128, 0.323, 0.788
0.127, 0.328, 0.786
0.127, 0.334, 0.785
0.127, 0.340, 0.783
0.127, 0.345, 0.781
0.126, 0.351, 0.780
0.126, 0.356, 0.778
0.126, 0.362, 0.777
0.133, 0.363, 0.780
0.139, 0.365, 0.784
0.146, 0.367, 0.787
0.153, 0.368, 0.791
0.160, 0.370, 0.794
0.167, 0.372, 0.798
0.175, 0.373, 0.802
0.182, 0.375, 0.805
0.189, 0.377, 0.809
0.197, 0.379, 0.813
0.204, 0.380, 0.817
0.211, 0.382, 0.820
0.219, 0.384, 0.824
0.227, 0.386, 0.828
0.234, 0.387, 0.831
0.242, 0.389, 0.836
0.250, 0.391, 0.840
0.251, 0.385, 0.842
0.251, 0.380, 0.844
0.252, 0.374, 0.846
0.253, 0.368, 0.848
0.253, 0.362, 0.850
0.254, 0.356, 0.851
0.254, 0.350, 0.853
0.255, 0.344, 0.855
0.255, 0.338, 0.857
0.248, 0.330, 0.855
0.256, 0.332, 0.859
0.248, 0.324, 0.857
0.249, 0.318, 0.859
0.250, 0.312, 0.861
0.250, 0.305, 0.863
0.243, 0.298, 0.861
0.235, 0.296, 0.857
0.227, 0.295, 0.853
0.219, 0.293, 0.848
0.211, 0.292, 0.844
0.203, 0.290, 0.840
0.196, 0.289, 0.836
0.188, 0.288, 0.831
0.180, 0.286, 0.828
0.173, 0.285, 0.824
0.165, 0.290, 0.818
0.251, 0.299, 0.865
0.128, 0.306, 0.793
0.130, 0.277, 0.801
0.136, 0.284, 0.803
0.137, 0.273, 0.807
0.144, 0.274, 0.811
RegionID:20
Center:0.076,0.389,0.925
Normal:0.483,-0.226,-0.846
NumPatches:36
0.061, 0.344, 0.930
0.054, 0.342, 0.926
0.054, 0.349, 0.924
0.053, 0.356, 0.922
0.053, 0.362, 0.920
0.053, 0.369, 0.918
0.053, 0.375, 0.916
0.053, 0.382, 0.915
0.053, 0.389, 0.913
0.053, 0.395, 0.910
0.053, 0.402, 0.909
0.053, 0.408, 0.907
0.053, 0.415, 0.906
0.052, 0.421, 0.904
0.060, 0.423, 0.908
0.067, 0.425, 0.912
0.075, 0.426, 0.915
0.083, 0.428, 0.919
0.090, 0.430, 0.923
0.098, 0.432, 0.927
0.098, 0.425, 0.929
0.099, 0.419, 0.931
0.099, 0.412, 0.933
0.099, 0.406, 0.935
0.099, 0.399, 0.937
0.099, 0.392, 0.939
0.100, 0.386, 0.940
0.100, 0.379, 0.942
0.100, 0.372, 0.943
0.100, 0.365, 0.946
0.092, 0.357, 0.943
0.085, 0.355, 0.940
0.077, 0.354, 0.936
0.069, 0.352, 0.932
0.061, 0.351, 0.928
0.100, 0.358, 0.948
RegionID:21
Center:-0.172,0.449,1.040
Normal:-0.000,-0.401,-0.916
NumPatches:56
-0.192, 0.416, 1.055
-0.200, 0.416, 1.055
-0.209, 0.416, 1.055
-0.217, 0.416, 1.055
-0.226, 0.416, 1.055
-0.234, 0.416, 1.055
-0.242, 0.423, 1.052
-0.241, 0.430, 1.049
-0.249, 0.437, 1.046
-0.248, 0.444, 1.043
-0.247, 0.451, 1.039
-0.247, 0.458, 1.036
-0.246, 0.465, 1.033
-0.245, 0.472, 1.030
-0.245, 0.479, 1.028
-0.236, 0.479, 1.028
-0.228, 0.479, 1.028
-0.220, 0.479, 1.028
-0.212, 0.479, 1.028
-0.203, 0.479, 1.028
-0.195, 0.479, 1.028
-0.187, 0.479, 1.028
-0.179, 0.479, 1.028
-0.171, 0.479, 1.028
-0.162, 0.479, 1.028
-0.154, 0.479, 1.028
-0.146, 0.479, 1.028
-0.138, 0.479, 1.028
-0.129, 0.479, 1.028
-0.121, 0.479, 1.028
-0.113, 0.479, 1.028
-0.105, 0.479, 1.028
-0.097, 0.479, 1.028
-0.097, 0.472, 1.030
-0.097, 0.465, 1.033
-0.097, 0.458, 1.036
-0.098, 0.451, 1.039
-0.098, 0.444, 1.043
-0.098, 0.437, 1.046
-0.099, 0.430, 1.049
-0.107, 0.423, 1.052
-0.116, 0.416, 1.055
-0.124, 0.416, 1.055
-0.133, 0.416, 1.055
-0.141, 0.423, 1.052
-0.149, 0.423, 1.052
-0.158, 0.423, 1.052
-0.166, 0.423, 1.052
-0.175, 0.423, 1.052
-0.183, 0.423, 1.052
-0.191, 0.423, 1.052
-0.132, 0.423, 1.052
-0.116, 0.423, 1.052
-0.099, 0.423, 1.052
-0.240, 0.437, 1.046
-0.233, 0.423, 1.052
