NumRegions:21
RegionID:0
Center:0.064,-0.065,1.495
Normal:-0.000,-0.442,-0.897
NumPatches:1107
-0.581, 0.518, 1.215
-0.590, 0.518, 1.215
-0.602, 0.509, 1.219
-0.612, 0.509, 1.219
-0.621, 0.509, 1.219
-0.633, 0.501, 1.222
-0.643, 0.501, 1.222
-0.653, 0.501, 1.222
-0.662, 0.501, 1.222
-0.674, 0.493, 1.226
-0.672, 0.501, 1.222
-0.677, 0.485, 1.230
-0.678, 0.476, 1.234
-0.680, 0.468, 1.237
-0.683, 0.459, 1.241
-0.685, 0.451, 1.245
-0.687, 0.442, 1.249
-0.689, 0.434, 1.253
-0.691, 0.425, 1.257
-0.694, 0.416, 1.261
-0.696, 0.407, 1.265
-0.698, 0.398, 1.269
-0.700, 0.390, 1.273
-0.702, 0.381, 1.277
-0.705, 0.371, 1.281
-0.707, 0.363, 1.286
-0.710, 0.353, 1.290
-0.701, 0.344, 1.294
-0.712, 0.344, 1.294
-0.704, 0.335, 1.298
-0.706, 0.326, 1.303
-0.708, 0.316, 1.307
-0.711, 0.307, 1.312
-0.713, 0.297, 1.316
-0.716, 0.288, 1.321
-0.718, 0.278, 1.325
-0.721, 0.269, 1.330
-0.723, 0.259, 1.334
-0.726, 0.249, 1.339
-0.717, 0.239, 1.344
-0.728, 0.239, 1.344
-0.720, 0.229, 1.348
-0.723, 0.219, 1.353
-0.725, 0.209, 1.358
-0.728, 0.199, 1.363
-0.730, 0.189, 1.368
-0.733, 0.178, 1.373
-0.736, 0.168, 1.378
-0.738, 0.158, 1.383
-0.741, 0.147, 1.388
-0.744, 0.136, 1.392
-0.746, 0.126, 1.398
-0.749, 0.115, 1.403
-0.752, 0.104, 1.408
-0.755, 0.093, 1.414
-0.757, 0.082, 1.418
-0.760, 0.071, 1.424
-0.752, 0.060, 1.430
-0.763, 0.060, 1.430
-0.755, 0.049, 1.435
-0.758, 0.037, 1.441
-0.761, 0.026, 1.447
-0.763, 0.015, 1.451
-0.767, 0.003, 1.458
-0.770, -0.009, 1.464
-0.772, -0.021, 1.469
-0.776, -0.032, 1.475
-0.779, -0.044, 1.481
-0.782, -0.056, 1.487
-0.785, -0.069, 1.493
-0.776, -0.081, 1.499
-0.788, -0.081, 1.499
-0.764, -0.081, 1.499
-0.752, -0.081, 1.499
-0.740, -0.081, 1.499
-0.728, -0.081, 1.499
-0.716, -0.081, 1.499
-0.704, -0.081, 1.499
-0.692, -0.081, 1.499
-0.680, -0.081, 1.499
-0.668, -0.081, 1.499
-0.656, -0.081, 1.499
-0.644, -0.081, 1.499
-0.635, -0.093, 1.505
-0.647, -0.093, 1.505
-0.623, -0.093, 1.505
-0.611, -0.093, 1.505
-0.599, -0.093, 1.505
-0.587, -0.093, 1.505
-0.575, -0.093, 1.505
-0.563, -0.093, 1.505
-0.551, -0.093, 1.505
-0.539, -0.093, 1.505
-0.527, -0.093, 1.505
-0.515, -0.093, 1.505
-0.503, -0.093, 1.505
-0.489, -0.081, 1.499
-0.477, -0.081, 1.499
-0.490, -0.093, 1.505
-0.465, -0.081, 1.499
-0.453, -0.081, 1.499
-0.441, -0.081, 1.499
-0.429, -0.081, 1.499
-0.415, -0.069, 1.493
-0.403, -0.069, 1.493
-0.417, -0.081, 1.499
-0.405, -0.081, 1.499
-0.418, -0.093, 1.505
-0.432, -0.106, 1.510
-0.420, -0.106, 1.510
-0.434, -0.118, 1.517
-0.448, -0.131, 1.524
-0.462, -0.144, 1.530
-0.476, -0.157, 1.536
-0.491, -0.170, 1.543
-0.505, -0.183, 1.550
-0.493, -0.183, 1.550
-0.507, -0.196, 1.556
-0.522, -0.209, 1.562
-0.537, -0.223, 1.569
-0.552, -0.236, 1.576
-0.567, -0.250, 1.583
-0.554, -0.250, 1.583
-0.569, -0.264, 1.590
-0.585, -0.278, 1.597
-0.600, -0.292, 1.604
-0.615, -0.306, 1.611
-0.603, -0.306, 1.611
-0.618, -0.320, 1.618
-0.621, -0.335, 1.626
-0.624, -0.349, 1.633
-0.626, -0.364, 1.640
-0.630, -0.379, 1.648
-0.632, -0.394, 1.655
-0.622, -0.409, 1.663
-0.635, -0.409, 1.663
-0.625, -0.424, 1.671
-0.628, -0.440, 1.679
-0.631, -0.455, 1.686
-0.634, -0.471, 1.694
-0.623, -0.487, 1.702
-0.637, -0.487, 1.702
-0.626, -0.503, 1.711
-0.629, -0.519, 1.719
-0.618, -0.535, 1.727
-0.632, -0.535, 1.727
-0.621, -0.552, 1.736
-0.607, -0.552, 1.736
-0.594, -0.552, 1.736
-0.580, -0.552, 1.736
-0.569, -0.569, 1.744
-0.582, -0.569, 1.744
-0.555, -0.569, 1.744
-0.541, -0.569, 1.744
-0.527, -0.569, 1.744
-0.513, -0.569, 1.744
-0.501, -0.586, 1.753
-0.515, -0.586, 1.753
-0.487, -0.586, 1.753
-0.476, -0.602, 1.762
-0.490, -0.602, 1.762
-0.462, -0.602, 1.762
-0.447, -0.602, 1.762
-0.433, -0.602, 1.762
-0.419, -0.602, 1.762
-0.403, -0.586, 1.753
-0.387, -0.569, 1.744
-0.371, -0.552, 1.736
-0.356, -0.535, 1.727
-0.340, -0.519, 1.719
-0.339, -0.503, 1.711
-0.323, -0.487, 1.702
-0.308, -0.471, 1.694
-0.293, -0.455, 1.686
-0.279, -0.440, 1.679
-0.264, -0.424, 1.671
-0.263, -0.409, 1.663
-0.248, -0.394, 1.655
-0.234, -0.379, 1.648
-0.220, -0.364, 1.640
-0.221, -0.379, 1.648
-0.235, -0.394, 1.655
-0.249, -0.409, 1.663
-0.222, -0.394, 1.655
-0.223, -0.409, 1.663
-0.224, -0.424, 1.671
-0.225, -0.440, 1.679
-0.226, -0.455, 1.686
-0.227, -0.471, 1.694
-0.228, -0.487, 1.702
-0.229, -0.503, 1.711
-0.230, -0.519, 1.719
-0.231, -0.535, 1.727
-0.233, -0.552, 1.736
-0.234, -0.569, 1.744
-0.235, -0.586, 1.753
-0.250, -0.602, 1.762
-0.266, -0.620, 1.770
-0.281, -0.637, 1.779
-0.297, -0.654, 1.788
-0.313, -0.672, 1.797
-0.329, -0.690, 1.807
-0.345, -0.708, 1.816
-0.361, -0.726, 1.825
-0.378, -0.745, 1.835
-0.395, -0.763, 1.844
-0.411, -0.782, 1.854
-0.429, -0.801, 1.864
-0.444, -0.801, 1.864
-0.461, -0.821, 1.874
-0.478, -0.840, 1.884
-0.496, -0.860, 1.894
-0.514, -0.880, 1.904
-0.529, -0.880, 1.904
-0.545, -0.880, 1.904
-0.560, -0.880, 1.904
-0.575, -0.880, 1.904
-0.590, -0.880, 1.904
-0.605, -0.880, 1.904
-0.621, -0.880, 1.904
-0.636, -0.880, 1.904
-0.651, -0.880, 1.904
-0.666, -0.880, 1.904
-0.682, -0.880, 1.904
-0.697, -0.880, 1.904
-0.712, -0.880, 1.904
-0.727, -0.880, 1.904
-0.743, -0.880, 1.904
-0.758, -0.880, 1.904
-0.773, -0.880, 1.904
-0.788, -0.880, 1.904
-0.803, -0.880, 1.904
-0.819, -0.880, 1.904
-0.834, -0.880, 1.904
-0.849, -0.880, 1.904
-0.864, -0.880, 1.904
-0.880, -0.880, 1.904
-0.895, -0.880, 1.904
-0.910, -0.880, 1.904
-0.925, -0.880, 1.904
-0.941, -0.880, 1.904
-0.956, -0.880, 1.904
-0.971, -0.880, 1.904
-0.986, -0.880, 1.904
-1.002, -0.880, 1.904
-1.017, -0.880, 1.904
-1.032, -0.880, 1.904
-1.047, -0.880, 1.904
-1.062, -0.880, 1.904
-1.078, -0.880, 1.904
-1.093, -0.880, 1.904
-1.108, -0.880, 1.904
-1.123, -0.880, 1.904
-1.139, -0.880, 1.904
-1.154, -0.880, 1.904
-1.169, -0.880, 1.904
-1.184, -0.880, 1.904
-1.178, -0.860, 1.894
-1.172, -0.840, 1.884
-1.165, -0.821, 1.874
-1.159, -0.801, 1.864
-1.153, -0.782, 1.854
-1.147, -0.763, 1.844
-1.141, -0.745, 1.835
-1.135, -0.726, 1.825
-1.129, -0.708, 1.816
-1.124, -0.690, 1.807
-1.118, -0.672, 1.797
-1.112, -0.654, 1.788
-1.107, -0.637, 1.779
-1.101, -0.620, 1.770
-1.096, -0.602, 1.762
-1.090, -0.586, 1.753
-1.085, -0.569, 1.744
-1.079, -0.552, 1.736
-1.074, -0.535, 1.727
-1.069, -0.519, 1.719
-1.064, -0.503, 1.711
-1.059, -0.487, 1.702
-1.054, -0.471, 1.694
-1.049, -0.455, 1.686
-1.044, -0.440, 1.679
-1.039, -0.424, 1.671
-1.034, -0.409, 1.663
-1.029, -0.394, 1.655
-1.025, -0.379, 1.648
-1.020, -0.364, 1.640
-1.016, -0.349, 1.633
-1.011, -0.335, 1.626
-1.006, -0.320, 1.618
-1.002, -0.306, 1.611
-0.998, -0.292, 1.604
-0.993, -0.278, 1.597
-0.989, -0.264, 1.590
-0.985, -0.250, 1.583
-0.980, -0.236, 1.576
-0.976, -0.223, 1.569
-0.972, -0.209, 1.562
-0.968, -0.196, 1.556
-0.964, -0.183, 1.550
-0.959, -0.170, 1.543
-0.956, -0.157, 1.536
-0.951, -0.144, 1.530
-0.948, -0.131, 1.524
-0.944, -0.118, 1.517
-0.940, -0.106, 1.510
-0.936, -0.093, 1.505
-0.932, -0.081, 1.499
-0.928, -0.069, 1.493
-0.925, -0.056, 1.487
-0.921, -0.044, 1.481
-0.917, -0.032, 1.475
-0.913, -0.021, 1.469
-0.910, -0.009, 1.464
-0.907, 0.003, 1.458
-0.903, 0.015, 1.451
-0.900, 0.026, 1.447
-0.896, 0.037, 1.441
-0.893, 0.049, 1.435
-0.889, 0.060, 1.430
-0.886, 0.071, 1.424
-0.882, 0.082, 1.418
-0.879, 0.093, 1.414
-0.876, 0.104, 1.408
-0.873, 0.115, 1.403
-0.869, 0.126, 1.398
-0.866, 0.136, 1.392
-0.863, 0.147, 1.388
-0.860, 0.158, 1.383
-0.857, 0.168, 1.378
-0.854, 0.178, 1.373
-0.851, 0.189, 1.368
-0.847, 0.199, 1.363
-0.845, 0.209, 1.358
-0.842, 0.219, 1.353
-0.838, 0.229, 1.348
-0.836, 0.239, 1.344
-0.833, 0.249, 1.339
-0.830, 0.259, 1.334
-0.827, 0.269, 1.330
-0.824, 0.278, 1.325
-0.821, 0.288, 1.321
-0.819, 0.297, 1.316
-0.816, 0.307, 1.312
-0.813, 0.316, 1.307
-0.810, 0.326, 1.303
-0.807, 0.335, 1.298
-0.805, 0.344, 1.294
-0.802, 0.353, 1.290
-0.800, 0.363, 1.286
-0.797, 0.371, 1.281
-0.794, 0.381, 1.277
-0.792, 0.390, 1.273
-0.789, 0.398, 1.269
-0.787, 0.407, 1.265
-0.784, 0.416, 1.261
-0.782, 0.425, 1.257
-0.779, 0.434, 1.253
-0.777, 0.442, 1.249
-0.774, 0.451, 1.245
-0.772, 0.459, 1.241
-0.769, 0.468, 1.237
-0.767, 0.476, 1.234
-0.765, 0.485, 1.230
-0.763, 0.493, 1.226
-0.760, 0.501, 1.222
-0.758, 0.509, 1.219
-0.756, 0.518, 1.215
-0.753, 0.526, 1.211
-0.751, 0.534, 1.207
-0.749, 0.542, 1.204
-0.747, 0.550, 1.201
-0.745, 0.558, 1.197
-0.735, 0.558, 1.197
-0.725, 0.558, 1.197
-0.716, 0.558, 1.197
-0.706, 0.558, 1.197
-0.697, 0.558, 1.197
-0.687, 0.558, 1.197
-0.678, 0.558, 1.197
-0.668, 0.558, 1.197
-0.658, 0.558, 1.197
-0.649, 0.558, 1.197
-0.639, 0.558, 1.197
-0.630, 0.558, 1.197
-0.620, 0.558, 1.197
-0.610, 0.558, 1.197
-0.601, 0.558, 1.197
-0.591, 0.558, 1.197
-0.582, 0.558, 1.197
-0.572, 0.558, 1.197
-0.563, 0.558, 1.197
-0.553, 0.558, 1.197
-0.543, 0.558, 1.197
-0.534, 0.558, 1.197
-0.524, 0.558, 1.197
-0.515, 0.558, 1.197
-0.505, 0.558, 1.197
-0.496, 0.558, 1.197
-0.486, 0.558, 1.197
-0.476, 0.558, 1.197
-0.467, 0.558, 1.197
-0.457, 0.558, 1.197
-0.448, 0.558, 1.197
-0.438, 0.558, 1.197
-0.429, 0.558, 1.197
-0.419, 0.558, 1.197
-0.409, 0.558, 1.197
-0.400, 0.558, 1.197
-0.390, 0.558, 1.197
-0.381, 0.558, 1.197
-0.371, 0.558, 1.197
-0.361, 0.558, 1.197
-0.352, 0.558, 1.197
-0.342, 0.558, 1.197
-0.333, 0.558, 1.197
-0.323, 0.558, 1.197
-0.314, 0.558, 1.197
-0.304, 0.558, 1.197
-0.294, 0.558, 1.197
-0.285, 0.558, 1.197
-0.275, 0.558, 1.197
-0.266, 0.558, 1.197
-0.256, 0.558, 1.197
-0.247, 0.558, 1.197
-0.237, 0.558, 1.197
-0.227, 0.558, 1.197
-0.218, 0.558, 1.197
-0.208, 0.558, 1.197
-0.199, 0.558, 1.197
-0.189, 0.558, 1.197
-0.180, 0.558, 1.197
-0.170, 0.558, 1.197
-0.160, 0.558, 1.197
-0.151, 0.558, 1.197
-0.141, 0.558, 1.197
-0.132, 0.558, 1.197
-0.122, 0.558, 1.197
-0.113, 0.558, 1.197
-0.103, 0.558, 1.197
-0.093, 0.558, 1.197
-0.084, 0.558, 1.197
-0.074, 0.558, 1.197
-0.065, 0.558, 1.197
-0.055, 0.558, 1.197
-0.045, 0.558, 1.197
-0.036, 0.558, 1.197
-0.026, 0.558, 1.197
-0.017, 0.558, 1.197
-0.007, 0.558, 1.197
0.002, 0.558, 1.197
0.012, 0.558, 1.197
0.022, 0.558, 1.197
0.031, 0.558, 1.197
0.041, 0.558, 1.197
0.050, 0.558, 1.197
0.060, 0.558, 1.197
0.069, 0.558, 1.197
0.079, 0.558, 1.197
0.089, 0.558, 1.197
0.098, 0.558, 1.197
0.108, 0.558, 1.197
0.117, 0.558, 1.197
0.108, 0.550, 1.201
0.099, 0.542, 1.204
0.089, 0.534, 1.207
0.080, 0.526, 1.211
0.070, 0.526, 1.211
0.061, 0.518, 1.215
0.051, 0.518, 1.215
0.041, 0.509, 1.219
0.032, 0.509, 1.219
0.022, 0.501, 1.222
0.012, 0.493, 1.226
0.002, 0.493, 1.226
-0.007, 0.485, 1.230
-0.017, 0.485, 1.230
-0.027, 0.476, 1.234
-0.037, 0.468, 1.237
-0.047, 0.468, 1.237
-0.057, 0.459, 1.241
-0.067, 0.451, 1.245
-0.077, 0.442, 1.249
-0.077, 0.451, 1.245
-0.067, 0.459, 1.241
-0.057, 0.468, 1.237
-0.078, 0.434, 1.253
-0.078, 0.425, 1.257
-0.078, 0.416, 1.261
-0.068, 0.407, 1.265
-0.078, 0.407, 1.265
-0.069, 0.398, 1.269
-0.069, 0.390, 1.273
-0.059, 0.381, 1.277
-0.069, 0.381, 1.277
-0.059, 0.371, 1.281
-0.059, 0.363, 1.286
-0.059, 0.353, 1.290
-0.049, 0.344, 1.294
-0.060, 0.344, 1.294
-0.049, 0.335, 1.298
-0.050, 0.326, 1.303
-0.039, 0.316, 1.307
-0.050, 0.316, 1.307
-0.039, 0.307, 1.312
-0.039, 0.297, 1.316
-0.040, 0.288, 1.321
-0.040, 0.278, 1.325
-0.029, 0.269, 1.330
-0.040, 0.269, 1.330
-0.029, 0.259, 1.334
-0.029, 0.249, 1.339
-0.019, 0.239, 1.344
-0.030, 0.239, 1.344
-0.008, 0.239, 1.344
0.003, 0.239, 1.344
0.013, 0.229, 1.348
0.003, 0.229, 1.348
0.014, 0.219, 1.353
0.024, 0.219, 1.353
0.035, 0.219, 1.353
0.046, 0.209, 1.358
0.035, 0.209, 1.358
0.046, 0.199, 1.363
0.057, 0.199, 1.363
0.068, 0.199, 1.363
0.079, 0.199, 1.363
0.090, 0.189, 1.368
0.079, 0.189, 1.368
0.101, 0.189, 1.368
0.113, 0.178, 1.373
0.102, 0.178, 1.373
0.113, 0.168, 1.378
0.124, 0.168, 1.378
0.135, 0.168, 1.378
0.146, 0.168, 1.378
0.157, 0.168, 1.378
0.168, 0.168, 1.378
0.178, 0.178, 1.373
0.189, 0.189, 1.368
0.200, 0.189, 1.368
0.189, 0.178, 1.373
0.179, 0.168, 1.378
0.210, 0.199, 1.363
0.220, 0.209, 1.358
0.231, 0.209, 1.358
0.221, 0.199, 1.363
0.211, 0.189, 1.368
0.241, 0.219, 1.353
0.251, 0.229, 1.348
0.261, 0.239, 1.344
0.271, 0.239, 1.344
0.262, 0.229, 1.348
0.252, 0.219, 1.353
0.242, 0.209, 1.358
0.281, 0.249, 1.339
0.291, 0.259, 1.334
0.300, 0.269, 1.330
0.310, 0.278, 1.325
0.321, 0.278, 1.325
0.311, 0.269, 1.330
0.301, 0.259, 1.334
0.292, 0.249, 1.339
0.282, 0.239, 1.344
0.330, 0.288, 1.321
0.340, 0.297, 1.316
0.350, 0.297, 1.316
0.341, 0.288, 1.321
0.331, 0.278, 1.325
0.359, 0.307, 1.312
0.369, 0.316, 1.307
0.378, 0.326, 1.303
0.388, 0.326, 1.303
0.379, 0.316, 1.307
0.370, 0.307, 1.312
0.361, 0.297, 1.316
0.397, 0.335, 1.298
0.406, 0.344, 1.294
0.415, 0.353, 1.290
0.426, 0.353, 1.290
0.417, 0.344, 1.294
0.408, 0.335, 1.298
0.399, 0.326, 1.303
0.435, 0.363, 1.286
0.443, 0.371, 1.281
0.452, 0.381, 1.277
0.461, 0.390, 1.273
0.459, 0.398, 1.269
0.458, 0.407, 1.265
0.467, 0.416, 1.261
0.465, 0.425, 1.257
0.464, 0.434, 1.253
0.462, 0.442, 1.249
0.461, 0.451, 1.245
0.459, 0.459, 1.241
0.458, 0.468, 1.237
0.456, 0.476, 1.234
0.455, 0.485, 1.230
0.454, 0.493, 1.226
0.452, 0.501, 1.222
0.451, 0.509, 1.219
0.450, 0.518, 1.215
0.448, 0.526, 1.211
0.447, 0.534, 1.207
0.445, 0.542, 1.204
0.454, 0.550, 1.201
0.452, 0.558, 1.197
0.462, 0.558, 1.197
0.472, 0.558, 1.197
0.481, 0.558, 1.197
0.491, 0.558, 1.197
0.500, 0.558, 1.197
0.510, 0.558, 1.197
0.519, 0.558, 1.197
0.529, 0.558, 1.197
0.539, 0.558, 1.197
0.548, 0.558, 1.197
0.558, 0.558, 1.197
0.567, 0.558, 1.197
0.577, 0.558, 1.197
0.587, 0.558, 1.197
0.596, 0.558, 1.197
0.606, 0.558, 1.197
0.615, 0.558, 1.197
0.625, 0.558, 1.197
0.634, 0.558, 1.197
0.644, 0.558, 1.197
0.654, 0.558, 1.197
0.663, 0.558, 1.197
0.673, 0.558, 1.197
0.682, 0.558, 1.197
0.692, 0.558, 1.197
0.701, 0.558, 1.197
0.711, 0.558, 1.197
0.721, 0.558, 1.197
0.730, 0.558, 1.197
0.740, 0.558, 1.197
0.749, 0.558, 1.197
0.752, 0.550, 1.201
0.754, 0.542, 1.204
0.756, 0.534, 1.207
0.758, 0.526, 1.211
0.761, 0.518, 1.215
0.763, 0.509, 1.219
0.765, 0.501, 1.222
0.767, 0.493, 1.226
0.770, 0.485, 1.230
0.772, 0.476, 1.234
0.774, 0.468, 1.237
0.777, 0.459, 1.241
0.779, 0.451, 1.245
0.782, 0.442, 1.249
0.784, 0.434, 1.253
0.787, 0.425, 1.257
0.789, 0.416, 1.261
0.792, 0.407, 1.265
0.794, 0.398, 1.269
0.797, 0.390, 1.273
0.799, 0.381, 1.277
0.802, 0.371, 1.281
0.805, 0.363, 1.286
0.808, 0.353, 1.290
0.810, 0.344, 1.294
0.813, 0.335, 1.298
0.816, 0.326, 1.303
0.818, 0.316, 1.307
0.821, 0.307, 1.312
0.824, 0.297, 1.316
0.827, 0.288, 1.321
0.829, 0.278, 1.325
0.832, 0.269, 1.330
0.835, 0.259, 1.334
0.838, 0.249, 1.339
0.841, 0.239, 1.344
0.844, 0.229, 1.348
0.847, 0.219, 1.353
0.850, 0.209, 1.358
0.853, 0.199, 1.363
0.856, 0.189, 1.368
0.859, 0.178, 1.373
0.862, 0.168, 1.378
0.865, 0.158, 1.383
0.869, 0.147, 1.388
0.872, 0.136, 1.392
0.875, 0.126, 1.398
0.878, 0.115, 1.403
0.881, 0.104, 1.408
0.885, 0.093, 1.414
0.888, 0.082, 1.418
0.891, 0.071, 1.424
0.895, 0.060, 1.430
0.898, 0.049, 1.435
0.902, 0.037, 1.441
0.906, 0.026, 1.447
0.909, 0.015, 1.451
0.912, 0.003, 1.458
0.916, -0.009, 1.464
0.919, -0.021, 1.469
0.923, -0.032, 1.475
0.927, -0.044, 1.481
0.931, -0.056, 1.487
0.934, -0.069, 1.493
0.938, -0.081, 1.499
0.942, -0.093, 1.505
0.946, -0.106, 1.510
0.950, -0.118, 1.517
0.954, -0.131, 1.524
0.957, -0.144, 1.530
0.962, -0.157, 1.536
0.966, -0.170, 1.543
0.970, -0.183, 1.550
0.974, -0.196, 1.556
0.978, -0.209, 1.562
0.982, -0.223, 1.569
0.987, -0.236, 1.576
0.991, -0.250, 1.583
0.995, -0.264, 1.590
1.000, -0.278, 1.597
1.004, -0.292, 1.604
1.008, -0.306, 1.611
1.013, -0.320, 1.618
1.018, -0.335, 1.626
1.022, -0.349, 1.633
1.027, -0.364, 1.640
1.032, -0.379, 1.648
1.036, -0.394, 1.655
1.041, -0.409, 1.663
1.046, -0.424, 1.671
1.051, -0.440, 1.679
1.055, -0.455, 1.686
1.060, -0.471, 1.694
1.065, -0.487, 1.702
1.071, -0.503, 1.711
1.076, -0.519, 1.719
1.081, -0.535, 1.727
1.086, -0.552, 1.736
1.092, -0.569, 1.744
1.097, -0.586, 1.753
1.103, -0.602, 1.762
1.108, -0.620, 1.770
1.114, -0.637, 1.779
1.119, -0.654, 1.788
1.125, -0.672, 1.797
1.131, -0.690, 1.807
1.137, -0.708, 1.816
1.142, -0.726, 1.825
1.148, -0.745, 1.835
1.154, -0.763, 1.844
1.160, -0.782, 1.854
1.167, -0.801, 1.864
1.173, -0.821, 1.874
1.179, -0.840, 1.884
1.185, -0.860, 1.894
1.177, -0.880, 1.904
1.161, -0.880, 1.904
1.146, -0.880, 1.904
1.131, -0.880, 1.904
1.116, -0.880, 1.904
1.101, -0.880, 1.904
1.085, -0.880, 1.904
1.070, -0.880, 1.904
1.055, -0.880, 1.904
1.040, -0.880, 1.904
1.024, -0.880, 1.904
1.009, -0.880, 1.904
0.994, -0.880, 1.904
0.979, -0.880, 1.904
0.963, -0.880, 1.904
0.948, -0.880, 1.904
0.933, -0.880, 1.904
0.918, -0.880, 1.904
0.902, -0.880, 1.904
0.887, -0.880, 1.904
0.872, -0.880, 1.904
0.857, -0.880, 1.904
0.842, -0.880, 1.904
0.826, -0.880, 1.904
0.811, -0.880, 1.904
0.796, -0.880, 1.904
0.781, -0.880, 1.904
0.765, -0.880, 1.904
0.746, -0.860, 1.894
0.742, -0.840, 1.884
0.723, -0.821, 1.874
0.704, -0.801, 1.864
0.701, -0.782, 1.854
0.682, -0.763, 1.844
0.664, -0.745, 1.835
0.661, -0.726, 1.825
0.643, -0.708, 1.816
0.625, -0.690, 1.807
0.622, -0.672, 1.797
0.604, -0.654, 1.788
0.587, -0.637, 1.779
0.573, -0.637, 1.779
0.559, -0.637, 1.779
0.547, -0.654, 1.788
0.533, -0.654, 1.788
0.519, -0.654, 1.788
0.507, -0.672, 1.797
0.492, -0.672, 1.797
0.478, -0.672, 1.797
0.466, -0.690, 1.807
0.452, -0.690, 1.807
0.437, -0.690, 1.807
0.425, -0.708, 1.816
0.412, -0.726, 1.825
0.400, -0.745, 1.835
0.387, -0.763, 1.844
0.374, -0.782, 1.854
0.362, -0.801, 1.864
0.348, -0.821, 1.874
0.335, -0.840, 1.884
0.322, -0.860, 1.894
0.308, -0.880, 1.904
0.293, -0.880, 1.904
0.278, -0.880, 1.904
0.263, -0.880, 1.904
0.248, -0.880, 1.904
0.232, -0.880, 1.904
0.217, -0.880, 1.904
0.202, -0.880, 1.904
0.187, -0.880, 1.904
0.171, -0.880, 1.904
0.156, -0.880, 1.904
0.141, -0.880, 1.904
0.126, -0.880, 1.904
0.110, -0.880, 1.904
0.125, -0.860, 1.894
0.139, -0.840, 1.884
0.139, -0.821, 1.874
0.153, -0.801, 1.864
0.167, -0.782, 1.854
0.181, -0.763, 1.844
0.194, -0.745, 1.835
0.193, -0.726, 1.825
0.192, -0.708, 1.816
0.191, -0.690, 1.807
0.190, -0.672, 1.797
0.190, -0.654, 1.788
0.189, -0.637, 1.779
0.188, -0.620, 1.770
0.187, -0.602, 1.762
0.186, -0.586, 1.753
0.185, -0.569, 1.744
0.184, -0.552, 1.736
0.183, -0.535, 1.727
0.182, -0.519, 1.719
0.181, -0.503, 1.711
0.180, -0.487, 1.702
0.180, -0.471, 1.694
0.179, -0.455, 1.686
0.178, -0.440, 1.679
0.177, -0.424, 1.671
0.176, -0.409, 1.663
0.175, -0.394, 1.655
0.175, -0.379, 1.648
0.174, -0.364, 1.640
0.173, -0.349, 1.633
0.172, -0.335, 1.626
0.172, -0.320, 1.618
0.171, -0.306, 1.611
0.170, -0.292, 1.604
0.169, -0.278, 1.597
0.168, -0.264, 1.590
0.168, -0.250, 1.583
0.167, -0.236, 1.576
0.166, -0.223, 1.569
0.166, -0.209, 1.562
0.165, -0.196, 1.556
0.164, -0.183, 1.550
0.164, -0.170, 1.543
0.163, -0.157, 1.536
0.162, -0.144, 1.530
0.161, -0.131, 1.524
0.161, -0.118, 1.517
0.148, -0.106, 1.510
0.136, -0.106, 1.510
0.124, -0.106, 1.510
0.112, -0.106, 1.510
0.100, -0.106, 1.510
0.087, -0.093, 1.505
0.075, -0.093, 1.505
0.063, -0.093, 1.505
0.051, -0.093, 1.505
0.039, -0.093, 1.505
0.027, -0.093, 1.505
0.015, -0.093, 1.505
0.003, -0.093, 1.505
-0.009, -0.093, 1.505
-0.021, -0.093, 1.505
-0.033, -0.093, 1.505
-0.045, -0.093, 1.505
-0.057, -0.093, 1.505
-0.069, -0.093, 1.505
-0.081, -0.093, 1.505
-0.093, -0.093, 1.505
-0.105, -0.093, 1.505
-0.118, -0.106, 1.510
-0.130, -0.106, 1.510
-0.142, -0.106, 1.510
-0.155, -0.118, 1.517
-0.166, -0.106, 1.510
-0.178, -0.093, 1.505
-0.190, -0.093, 1.505
-0.201, -0.081, 1.499
-0.212, -0.069, 1.493
-0.224, -0.069, 1.493
-0.235, -0.056, 1.487
-0.246, -0.044, 1.481
-0.258, -0.044, 1.481
-0.268, -0.032, 1.475
-0.280, -0.032, 1.475
-0.291, -0.021, 1.469
-0.290, -0.009, 1.464
-0.289, 0.003, 1.458
-0.287, 0.015, 1.451
-0.286, 0.026, 1.447
-0.285, 0.037, 1.441
-0.284, 0.049, 1.435
-0.294, 0.060, 1.430
-0.293, 0.071, 1.424
-0.292, 0.082, 1.418
-0.291, 0.093, 1.414
-0.290, 0.104, 1.408
-0.289, 0.115, 1.403
-0.288, 0.126, 1.398
-0.287, 0.136, 1.392
-0.286, 0.147, 1.388
-0.285, 0.158, 1.383
-0.284, 0.168, 1.378
-0.283, 0.178, 1.373
-0.282, 0.189, 1.368
-0.281, 0.199, 1.363
-0.280, 0.209, 1.358
-0.279, 0.219, 1.353
-0.278, 0.229, 1.348
-0.277, 0.239, 1.344
-0.276, 0.249, 1.339
-0.275, 0.259, 1.334
-0.274, 0.269, 1.330
-0.273, 0.278, 1.325
-0.272, 0.288, 1.321
-0.282, 0.297, 1.316
-0.281, 0.307, 1.312
-0.280, 0.316, 1.307
-0.279, 0.326, 1.303
-0.278, 0.335, 1.298
-0.277, 0.344, 1.294
-0.276, 0.353, 1.290
-0.275, 0.363, 1.286
-0.274, 0.371, 1.281
-0.273, 0.381, 1.277
-0.272, 0.390, 1.273
-0.272, 0.398, 1.269
-0.271, 0.407, 1.265
-0.270, 0.416, 1.261
-0.269, 0.425, 1.257
-0.268, 0.434, 1.253
-0.267, 0.442, 1.249
-0.266, 0.451, 1.245
-0.266, 0.459, 1.241
-0.265, 0.468, 1.237
-0.274, 0.476, 1.234
-0.284, 0.476, 1.234
-0.293, 0.485, 1.230
-0.303, 0.485, 1.230
-0.312, 0.485, 1.230
-0.321, 0.493, 1.226
-0.331, 0.493, 1.226
-0.340, 0.501, 1.222
-0.349, 0.501, 1.222
-0.358, 0.509, 1.219
-0.368, 0.509, 1.219
-0.378, 0.509, 1.219
-0.386, 0.518, 1.215
-0.396, 0.518, 1.215
-0.404, 0.526, 1.211
-0.414, 0.526, 1.211
-0.423, 0.534, 1.207
-0.432, 0.534, 1.207
-0.442, 0.534, 1.207
-0.450, 0.542, 1.204
-0.460, 0.542, 1.204
-0.470, 0.542, 1.204
-0.479, 0.542, 1.204
-0.489, 0.542, 1.204
-0.500, 0.534, 1.207
-0.510, 0.534, 1.207
-0.519, 0.534, 1.207
-0.530, 0.526, 1.211
-0.540, 0.526, 1.211
-0.550, 0.526, 1.211
-0.559, 0.526, 1.211
-0.569, 0.526, 1.211
-0.579, 0.526, 1.211
-0.529, 0.534, 1.207
-0.498, 0.542, 1.204
-0.441, 0.542, 1.204
-0.413, 0.534, 1.207
-0.395, 0.526, 1.211
-0.377, 0.518, 1.215
-0.348, 0.509, 1.219
-0.330, 0.501, 1.222
-0.311, 0.493, 1.226
-0.283, 0.485, 1.230
-0.264, 0.476, 1.234
-0.271, 0.297, 1.316
-0.283, 0.060, 1.430
-0.279, -0.021, 1.469
-0.257, -0.032, 1.475
-0.234, -0.044, 1.481
-0.223, -0.056, 1.487
-0.200, -0.069, 1.493
-0.189, -0.081, 1.499
-0.165, -0.093, 1.505
-0.154, -0.106, 1.510
-0.117, -0.093, 1.505
0.099, -0.093, 1.505
0.160, -0.106, 1.510
0.195, -0.763, 1.844
0.182, -0.782, 1.854
0.168, -0.801, 1.864
0.154, -0.821, 1.874
0.140, -0.860, 1.894
0.324, -0.880, 1.904
0.337, -0.860, 1.894
0.333, -0.821, 1.874
0.347, -0.801, 1.864
0.360, -0.782, 1.854
0.372, -0.763, 1.844
0.385, -0.745, 1.835
0.398, -0.726, 1.825
0.410, -0.708, 1.816
0.423, -0.690, 1.807
0.464, -0.672, 1.797
0.504, -0.654, 1.788
0.544, -0.637, 1.779
0.601, -0.637, 1.779
0.619, -0.654, 1.788
0.640, -0.690, 1.807
0.657, -0.708, 1.816
0.679, -0.745, 1.835
0.697, -0.763, 1.844
0.719, -0.801, 1.864
0.738, -0.821, 1.874
0.761, -0.860, 1.894
1.192, -0.880, 1.904
0.455, 0.542, 1.204
0.468, 0.407, 1.265
0.462, 0.381, 1.277
0.453, 0.371, 1.281
0.445, 0.363, 1.286
0.436, 0.353, 1.290
-0.037, 0.476, 1.234
-0.027, 0.485, 1.230
-0.007, 0.493, 1.226
0.012, 0.501, 1.222
0.022, 0.509, 1.219
0.041, 0.518, 1.215
0.061, 0.526, 1.211
0.080, 0.534, 1.207
0.089, 0.542, 1.204
0.108, 0.542, 1.204
0.118, 0.550, 1.201
0.127, 0.558, 1.197
0.136, 0.558, 1.197
-0.499, -0.880, 1.904
-0.493, -0.840, 1.884
-0.476, -0.821, 1.874
-0.458, -0.801, 1.864
-0.426, -0.782, 1.854
-0.409, -0.763, 1.844
-0.393, -0.745, 1.835
-0.376, -0.726, 1.825
-0.359, -0.708, 1.816
-0.343, -0.690, 1.807
-0.327, -0.672, 1.797
-0.298, -0.672, 1.797
-0.283, -0.654, 1.788
-0.267, -0.637, 1.779
-0.251, -0.620, 1.770
-0.236, -0.602, 1.762
-0.265, -0.440, 1.679
-0.280, -0.455, 1.686
-0.295, -0.471, 1.694
-0.310, -0.487, 1.702
-0.325, -0.503, 1.711
-0.342, -0.535, 1.727
-0.358, -0.552, 1.736
-0.373, -0.569, 1.744
-0.389, -0.586, 1.753
-0.405, -0.602, 1.762
-0.587, -0.292, 1.604
-0.572, -0.278, 1.597
-0.539, -0.236, 1.576
-0.524, -0.223, 1.569
-0.509, -0.209, 1.562
-0.478, -0.170, 1.543
-0.464, -0.157, 1.536
-0.450, -0.144, 1.530
-0.436, -0.131, 1.524
-0.406, -0.093, 1.505
-0.393, -0.081, 1.499
-0.391, -0.069, 1.493
-0.631, 0.509, 1.219
-0.600, 0.518, 1.215
RegionID:1
Center:-0.215,-0.622,1.419
Normal:-0.224,0.721,-0.655
NumPatches:51
-0.180, -0.603, 1.429
-0.181, -0.595, 1.437
-0.182, -0.587, 1.446
-0.195, -0.580, 1.458
-0.206, -0.590, 1.452
-0.218, -0.591, 1.455
-0.229, -0.600, 1.449
-0.239, -0.609, 1.442
-0.250, -0.618, 1.436
-0.260, -0.626, 1.430
-0.271, -0.635, 1.424
-0.281, -0.644, 1.418
-0.291, -0.652, 1.412
-0.303, -0.653, 1.414
-0.315, -0.655, 1.417
-0.305, -0.646, 1.423
-0.293, -0.645, 1.421
-0.282, -0.636, 1.427
-0.272, -0.628, 1.433
-0.262, -0.619, 1.439
-0.251, -0.610, 1.445
-0.241, -0.601, 1.451
-0.230, -0.592, 1.458
-0.279, -0.651, 1.409
-0.267, -0.650, 1.407
-0.255, -0.649, 1.404
-0.244, -0.647, 1.401
-0.232, -0.646, 1.399
-0.221, -0.645, 1.396
-0.209, -0.644, 1.393
-0.197, -0.642, 1.391
-0.186, -0.641, 1.388
-0.175, -0.640, 1.386
-0.163, -0.639, 1.383
-0.152, -0.638, 1.381
-0.141, -0.629, 1.386
-0.154, -0.623, 1.397
-0.165, -0.624, 1.400
-0.177, -0.626, 1.403
-0.178, -0.618, 1.411
-0.179, -0.610, 1.420
-0.142, -0.622, 1.395
-0.131, -0.621, 1.392
-0.119, -0.620, 1.389
-0.130, -0.628, 1.384
-0.141, -0.636, 1.378
-0.207, -0.582, 1.461
-0.197, -0.572, 1.468
-0.186, -0.563, 1.474
-0.185, -0.571, 1.465
-0.183, -0.579, 1.455
RegionID:2
Center:0.458,-0.631,1.424
Normal:0.594,0.562,-0.576
NumPatches:31
0.511, -0.667, 1.444
0.496, -0.662, 1.434
0.481, -0.657, 1.423
0.466, -0.652, 1.412
0.451, -0.648, 1.402
0.437, -0.643, 1.391
0.423, -0.638, 1.381
0.409, -0.634, 1.371
0.395, -0.629, 1.362
0.381, -0.625, 1.352
0.398, -0.622, 1.371
0.400, -0.615, 1.380
0.417, -0.613, 1.400
0.435, -0.611, 1.421
0.438, -0.604, 1.431
0.456, -0.601, 1.452
0.475, -0.598, 1.474
0.487, -0.610, 1.474
0.471, -0.606, 1.463
0.453, -0.608, 1.442
0.483, -0.618, 1.464
0.499, -0.622, 1.475
0.495, -0.630, 1.464
0.507, -0.642, 1.465
0.491, -0.637, 1.454
0.503, -0.649, 1.454
0.519, -0.654, 1.466
0.515, -0.660, 1.455
0.527, -0.672, 1.456
0.432, -0.618, 1.410
0.414, -0.620, 1.390
RegionID:3
Center:-0.047,-0.277,1.010
Normal:-0.489,-0.038,-0.872
NumPatches:112
0.010, -0.123, 0.973
0.002, -0.123, 0.977
-0.006, -0.124, 0.981
-0.014, -0.124, 0.986
-0.022, -0.125, 0.990
-0.030, -0.125, 0.995
-0.038, -0.126, 0.999
-0.046, -0.118, 1.003
-0.054, -0.119, 1.008
-0.063, -0.120, 1.013
-0.071, -0.120, 1.017
-0.080, -0.121, 1.022
-0.088, -0.121, 1.027
-0.097, -0.122, 1.032
-0.106, -0.122, 1.037
-0.115, -0.131, 1.042
-0.115, -0.123, 1.041
-0.115, -0.140, 1.042
-0.115, -0.148, 1.043
-0.115, -0.156, 1.043
-0.115, -0.165, 1.043
-0.115, -0.173, 1.044
-0.115, -0.182, 1.044
-0.115, -0.190, 1.045
-0.115, -0.199, 1.045
-0.115, -0.207, 1.046
-0.106, -0.214, 1.041
-0.115, -0.215, 1.046
-0.106, -0.223, 1.041
-0.106, -0.231, 1.042
-0.106, -0.240, 1.042
-0.106, -0.248, 1.043
-0.106, -0.257, 1.043
-0.106, -0.265, 1.043
-0.106, -0.273, 1.044
-0.107, -0.282, 1.044
-0.107, -0.290, 1.045
-0.107, -0.299, 1.045
-0.107, -0.307, 1.046
-0.107, -0.316, 1.046
-0.107, -0.324, 1.046
-0.107, -0.333, 1.047
-0.107, -0.341, 1.047
-0.107, -0.350, 1.048
-0.107, -0.358, 1.048
-0.107, -0.367, 1.049
-0.107, -0.376, 1.049
-0.107, -0.384, 1.049
-0.107, -0.393, 1.050
-0.107, -0.401, 1.050
-0.107, -0.410, 1.051
-0.107, -0.418, 1.051
-0.107, -0.427, 1.052
-0.098, -0.433, 1.047
-0.107, -0.436, 1.052
-0.090, -0.431, 1.042
-0.081, -0.429, 1.037
-0.072, -0.427, 1.032
-0.064, -0.433, 1.027
-0.072, -0.436, 1.032
-0.055, -0.431, 1.022
-0.047, -0.429, 1.017
-0.038, -0.436, 1.013
-0.047, -0.438, 1.018
-0.030, -0.433, 1.008
-0.022, -0.431, 1.003
-0.014, -0.438, 0.999
-0.022, -0.440, 1.004
-0.006, -0.435, 0.994
0.002, -0.434, 0.990
0.010, -0.431, 0.985
0.018, -0.421, 0.980
0.018, -0.414, 0.980
0.018, -0.406, 0.980
0.018, -0.397, 0.979
0.018, -0.390, 0.979
0.018, -0.382, 0.979
0.018, -0.374, 0.978
0.018, -0.366, 0.978
0.018, -0.358, 0.978
0.010, -0.352, 0.982
0.010, -0.343, 0.981
0.010, -0.336, 0.981
0.010, -0.328, 0.981
0.010, -0.320, 0.981
0.010, -0.312, 0.980
0.010, -0.304, 0.980
0.010, -0.296, 0.980
0.010, -0.288, 0.979
0.010, -0.280, 0.979
0.010, -0.272, 0.979
0.010, -0.264, 0.978
0.010, -0.256, 0.978
0.010, -0.248, 0.978
0.010, -0.240, 0.977
0.010, -0.233, 0.977
0.010, -0.225, 0.977
0.010, -0.217, 0.976
0.010, -0.209, 0.976
0.010, -0.201, 0.976
0.010, -0.193, 0.975
0.010, -0.185, 0.975
0.010, -0.177, 0.975
0.010, -0.170, 0.975
0.010, -0.162, 0.974
0.010, -0.154, 0.974
0.010, -0.146, 0.974
0.010, -0.138, 0.973
0.010, -0.130, 0.973
0.018, -0.350, 0.977
0.018, -0.430, 0.981
-0.038, -0.118, 0.999
RegionID:4
Center:0.364,-0.204,1.159
Normal:-0.627,-0.072,-0.775
NumPatches:126
0.329, -0.363, 1.202
0.322, -0.365, 1.209
0.313, -0.357, 1.215
0.305, -0.349, 1.221
0.297, -0.341, 1.227
0.288, -0.333, 1.233
0.280, -0.325, 1.239
0.271, -0.316, 1.245
0.263, -0.308, 1.251
0.254, -0.299, 1.257
0.245, -0.291, 1.264
0.245, -0.280, 1.263
0.253, -0.269, 1.255
0.262, -0.257, 1.247
0.270, -0.245, 1.239
0.270, -0.235, 1.238
0.278, -0.224, 1.230
0.286, -0.213, 1.223
0.294, -0.202, 1.215
0.302, -0.191, 1.208
0.310, -0.180, 1.201
0.317, -0.169, 1.193
0.325, -0.159, 1.186
0.325, -0.149, 1.186
0.332, -0.139, 1.179
0.340, -0.129, 1.172
0.347, -0.119, 1.164
0.354, -0.109, 1.158
0.362, -0.099, 1.151
0.361, -0.090, 1.151
0.368, -0.080, 1.144
0.375, -0.071, 1.138
0.382, -0.061, 1.131
0.389, -0.052, 1.125
0.396, -0.060, 1.120
0.389, -0.061, 1.126
0.383, -0.070, 1.132
0.376, -0.080, 1.139
0.369, -0.089, 1.145
0.397, -0.069, 1.121
0.404, -0.069, 1.115
0.411, -0.069, 1.110
0.417, -0.077, 1.105
0.411, -0.078, 1.110
0.418, -0.086, 1.105
0.424, -0.086, 1.100
0.431, -0.094, 1.095
0.425, -0.095, 1.100
0.438, -0.094, 1.090
0.445, -0.102, 1.085
0.438, -0.102, 1.090
0.445, -0.111, 1.086
0.452, -0.110, 1.080
0.458, -0.118, 1.076
0.452, -0.119, 1.081
0.458, -0.127, 1.076
0.465, -0.126, 1.071
0.471, -0.134, 1.066
0.465, -0.144, 1.072
0.459, -0.153, 1.078
0.453, -0.163, 1.084
0.447, -0.172, 1.089
0.440, -0.182, 1.095
0.447, -0.181, 1.090
0.440, -0.191, 1.096
0.434, -0.201, 1.102
0.428, -0.210, 1.108
0.421, -0.221, 1.114
0.415, -0.231, 1.121
0.408, -0.241, 1.127
0.401, -0.252, 1.133
0.394, -0.262, 1.140
0.388, -0.273, 1.146
0.380, -0.284, 1.153
0.373, -0.295, 1.160
0.366, -0.306, 1.167
0.359, -0.317, 1.174
0.352, -0.328, 1.181
0.344, -0.340, 1.188
0.337, -0.351, 1.195
0.329, -0.353, 1.202
0.321, -0.355, 1.208
0.313, -0.347, 1.214
0.305, -0.339, 1.220
0.297, -0.331, 1.226
0.288, -0.323, 1.232
0.280, -0.314, 1.238
0.271, -0.306, 1.244
0.263, -0.298, 1.250
0.254, -0.289, 1.256
0.254, -0.279, 1.256
0.262, -0.267, 1.248
0.270, -0.255, 1.240
0.337, -0.342, 1.194
0.344, -0.330, 1.187
0.352, -0.319, 1.180
0.359, -0.307, 1.173
0.366, -0.296, 1.166
0.373, -0.285, 1.159
0.380, -0.274, 1.153
0.387, -0.263, 1.146
0.394, -0.253, 1.139
0.401, -0.242, 1.133
0.408, -0.232, 1.126
0.414, -0.222, 1.120
0.421, -0.212, 1.113
0.434, -0.209, 1.103
0.441, -0.200, 1.097
0.453, -0.171, 1.084
0.459, -0.162, 1.078
0.465, -0.152, 1.072
0.472, -0.143, 1.067
0.465, -0.135, 1.071
0.477, -0.134, 1.061
0.362, -0.108, 1.152
0.354, -0.118, 1.159
0.347, -0.128, 1.166
0.340, -0.138, 1.172
0.332, -0.149, 1.179
0.325, -0.169, 1.187
0.318, -0.179, 1.194
0.310, -0.190, 1.201
0.302, -0.201, 1.209
0.294, -0.212, 1.216
0.286, -0.223, 1.224
0.278, -0.234, 1.231
RegionID:5
Center:-0.377,-0.211,1.349
Normal:-0.649,0.470,-0.598
NumPatches:86
-0.441, -0.335, 1.320
-0.453, -0.347, 1.324
-0.456, -0.339, 1.334
-0.476, -0.334, 1.359
-0.479, -0.326, 1.369
-0.483, -0.317, 1.380
-0.487, -0.309, 1.391
-0.491, -0.300, 1.402
-0.478, -0.288, 1.398
-0.466, -0.276, 1.394
-0.453, -0.264, 1.389
-0.457, -0.255, 1.401
-0.444, -0.243, 1.396
-0.432, -0.231, 1.392
-0.419, -0.219, 1.388
-0.422, -0.210, 1.399
-0.410, -0.198, 1.395
-0.398, -0.186, 1.390
-0.385, -0.175, 1.386
-0.373, -0.163, 1.382
-0.361, -0.152, 1.378
-0.364, -0.142, 1.389
-0.352, -0.130, 1.384
-0.340, -0.119, 1.380
-0.328, -0.107, 1.376
-0.330, -0.097, 1.387
-0.318, -0.086, 1.383
-0.306, -0.074, 1.379
-0.290, -0.084, 1.354
-0.304, -0.085, 1.368
-0.316, -0.096, 1.372
-0.287, -0.094, 1.343
-0.272, -0.103, 1.319
-0.285, -0.104, 1.333
-0.270, -0.113, 1.310
-0.281, -0.123, 1.313
-0.292, -0.134, 1.317
-0.279, -0.133, 1.304
-0.290, -0.144, 1.307
-0.302, -0.155, 1.311
-0.313, -0.166, 1.315
-0.324, -0.177, 1.318
-0.311, -0.175, 1.305
-0.322, -0.186, 1.309
-0.333, -0.197, 1.312
-0.345, -0.208, 1.316
-0.356, -0.219, 1.320
-0.368, -0.230, 1.323
-0.380, -0.242, 1.327
-0.391, -0.253, 1.331
-0.377, -0.250, 1.317
-0.388, -0.262, 1.321
-0.400, -0.273, 1.325
-0.412, -0.284, 1.329
-0.424, -0.296, 1.332
-0.409, -0.293, 1.319
-0.420, -0.304, 1.322
-0.432, -0.316, 1.326
-0.444, -0.327, 1.330
-0.460, -0.331, 1.344
-0.429, -0.324, 1.316
-0.417, -0.312, 1.312
-0.397, -0.281, 1.315
-0.385, -0.270, 1.311
-0.365, -0.239, 1.314
-0.354, -0.228, 1.310
-0.342, -0.217, 1.306
-0.347, -0.199, 1.326
-0.320, -0.195, 1.299
-0.299, -0.164, 1.301
-0.288, -0.153, 1.298
-0.268, -0.122, 1.300
-0.325, -0.117, 1.366
-0.337, -0.129, 1.370
-0.349, -0.140, 1.374
-0.358, -0.161, 1.367
-0.370, -0.173, 1.371
-0.382, -0.184, 1.375
-0.394, -0.196, 1.379
-0.407, -0.208, 1.384
-0.416, -0.229, 1.377
-0.428, -0.240, 1.381
-0.441, -0.252, 1.385
-0.449, -0.273, 1.379
-0.462, -0.285, 1.383
-0.474, -0.297, 1.387
RegionID:6
Center:0.066,-0.199,1.126
Normal:-0.484,-0.040,-0.874
NumPatches:23
0.074, -0.240, 1.123
0.065, -0.241, 1.128
0.057, -0.242, 1.133
0.057, -0.233, 1.133
0.057, -0.224, 1.132
0.057, -0.215, 1.132
0.057, -0.206, 1.131
0.057, -0.197, 1.131
0.057, -0.188, 1.131
0.056, -0.179, 1.130
0.056, -0.169, 1.130
0.056, -0.160, 1.129
0.065, -0.160, 1.124
0.074, -0.150, 1.119
0.074, -0.159, 1.120
0.074, -0.168, 1.120
0.074, -0.177, 1.120
0.074, -0.186, 1.121
0.074, -0.195, 1.121
0.074, -0.204, 1.122
0.074, -0.213, 1.122
0.074, -0.222, 1.122
0.074, -0.231, 1.123
RegionID:7
Center:-0.241,-0.232,1.436
Normal:-0.648,0.472,-0.598
NumPatches:24
-0.232, -0.266, 1.400
-0.246, -0.268, 1.412
-0.247, -0.259, 1.422
-0.263, -0.251, 1.445
-0.265, -0.241, 1.454
-0.281, -0.234, 1.478
-0.283, -0.223, 1.488
-0.270, -0.211, 1.484
-0.256, -0.209, 1.470
-0.268, -0.221, 1.474
-0.266, -0.231, 1.464
-0.242, -0.207, 1.457
-0.226, -0.215, 1.434
-0.240, -0.217, 1.447
-0.213, -0.213, 1.421
-0.200, -0.211, 1.408
-0.212, -0.223, 1.411
-0.224, -0.235, 1.415
-0.235, -0.247, 1.418
-0.249, -0.249, 1.431
-0.234, -0.256, 1.409
-0.222, -0.245, 1.406
-0.210, -0.233, 1.402
-0.199, -0.221, 1.399
RegionID:8
Center:0.490,-0.075,1.146
Normal:0.476,0.776,-0.415
NumPatches:32
0.530, -0.114, 1.119
0.514, -0.113, 1.103
0.510, -0.105, 1.113
0.505, -0.097, 1.123
0.489, -0.095, 1.107
0.485, -0.087, 1.118
0.480, -0.079, 1.128
0.475, -0.071, 1.138
0.471, -0.062, 1.148
0.455, -0.061, 1.132
0.450, -0.053, 1.142
0.445, -0.044, 1.152
0.440, -0.035, 1.163
0.450, -0.026, 1.191
0.456, -0.035, 1.180
0.472, -0.036, 1.198
0.477, -0.045, 1.187
0.461, -0.044, 1.169
0.466, -0.053, 1.159
0.482, -0.054, 1.176
0.487, -0.063, 1.165
0.492, -0.072, 1.154
0.508, -0.073, 1.171
0.513, -0.081, 1.161
0.496, -0.080, 1.144
0.501, -0.088, 1.133
0.517, -0.090, 1.150
0.522, -0.098, 1.139
0.539, -0.099, 1.156
0.543, -0.108, 1.146
0.526, -0.106, 1.129
0.518, -0.120, 1.093
RegionID:9
Center:-0.364,0.151,0.808
Normal:-0.471,-0.035,-0.882
NumPatches:147
-0.390, -0.025, 0.829
-0.399, -0.025, 0.835
-0.408, -0.025, 0.839
-0.417, -0.025, 0.844
-0.417, -0.019, 0.844
-0.417, -0.012, 0.843
-0.416, -0.005, 0.843
-0.425, 0.002, 0.848
-0.425, 0.008, 0.847
-0.425, 0.015, 0.847
-0.425, 0.022, 0.846
-0.424, 0.029, 0.846
-0.424, 0.036, 0.845
-0.424, 0.042, 0.845
-0.424, 0.049, 0.845
-0.424, 0.056, 0.844
-0.423, 0.062, 0.844
-0.423, 0.069, 0.843
-0.423, 0.076, 0.843
-0.423, 0.083, 0.842
-0.423, 0.089, 0.842
-0.422, 0.096, 0.842
-0.422, 0.103, 0.841
-0.431, 0.110, 0.846
-0.431, 0.117, 0.845
-0.431, 0.123, 0.845
-0.431, 0.130, 0.845
-0.430, 0.137, 0.844
-0.430, 0.143, 0.844
-0.430, 0.150, 0.843
-0.430, 0.157, 0.843
-0.430, 0.163, 0.843
-0.429, 0.170, 0.842
-0.429, 0.177, 0.842
-0.429, 0.183, 0.841
-0.429, 0.190, 0.841
-0.429, 0.197, 0.841
-0.428, 0.203, 0.840
-0.428, 0.210, 0.840
-0.428, 0.217, 0.839
-0.437, 0.224, 0.844
-0.437, 0.231, 0.843
-0.437, 0.238, 0.843
-0.436, 0.244, 0.843
-0.436, 0.251, 0.842
-0.436, 0.258, 0.842
-0.436, 0.264, 0.841
-0.436, 0.271, 0.841
-0.436, 0.277, 0.841
-0.435, 0.284, 0.840
-0.435, 0.291, 0.840
-0.435, 0.297, 0.840
-0.435, 0.304, 0.839
-0.434, 0.310, 0.839
-0.443, 0.319, 0.843
-0.434, 0.317, 0.838
-0.425, 0.322, 0.833
-0.416, 0.320, 0.829
-0.425, 0.315, 0.834
-0.407, 0.318, 0.824
-0.398, 0.316, 0.820
-0.390, 0.321, 0.815
-0.381, 0.319, 0.810
-0.390, 0.315, 0.815
-0.372, 0.324, 0.806
-0.364, 0.322, 0.801
-0.372, 0.318, 0.806
-0.355, 0.320, 0.797
-0.347, 0.319, 0.793
-0.339, 0.323, 0.788
-0.331, 0.321, 0.784
-0.339, 0.317, 0.789
-0.323, 0.320, 0.780
-0.315, 0.318, 0.776
-0.315, 0.312, 0.776
-0.315, 0.306, 0.777
-0.315, 0.300, 0.777
-0.315, 0.294, 0.777
-0.315, 0.287, 0.777
-0.316, 0.282, 0.778
-0.308, 0.274, 0.774
-0.316, 0.275, 0.778
-0.308, 0.268, 0.774
-0.308, 0.262, 0.774
-0.308, 0.256, 0.775
-0.308, 0.250, 0.775
-0.308, 0.243, 0.775
-0.308, 0.237, 0.775
-0.309, 0.231, 0.776
-0.309, 0.225, 0.776
-0.309, 0.219, 0.776
-0.309, 0.213, 0.776
-0.309, 0.207, 0.777
-0.309, 0.200, 0.777
-0.309, 0.194, 0.777
-0.309, 0.188, 0.778
-0.302, 0.181, 0.774
-0.310, 0.182, 0.778
-0.302, 0.175, 0.774
-0.295, 0.168, 0.771
-0.302, 0.163, 0.774
-0.302, 0.169, 0.774
-0.295, 0.162, 0.771
-0.302, 0.157, 0.775
-0.302, 0.150, 0.775
-0.302, 0.144, 0.775
-0.302, 0.138, 0.776
-0.303, 0.132, 0.776
-0.303, 0.126, 0.776
-0.303, 0.120, 0.776
-0.303, 0.113, 0.777
-0.303, 0.107, 0.777
-0.303, 0.101, 0.777
-0.303, 0.095, 0.777
-0.303, 0.089, 0.778
-0.303, 0.082, 0.778
-0.303, 0.076, 0.778
-0.304, 0.070, 0.779
-0.296, 0.064, 0.775
-0.304, 0.064, 0.779
-0.296, 0.057, 0.775
-0.296, 0.051, 0.775
-0.296, 0.045, 0.775
-0.296, 0.039, 0.776
-0.296, 0.033, 0.776
-0.296, 0.026, 0.776
-0.297, 0.020, 0.777
-0.297, 0.014, 0.777
-0.297, 0.008, 0.777
-0.297, 0.002, 0.777
-0.297, -0.005, 0.778
-0.297, -0.011, 0.778
-0.305, -0.017, 0.783
-0.313, -0.017, 0.787
-0.321, -0.017, 0.791
-0.330, -0.018, 0.796
-0.338, -0.018, 0.800
-0.346, -0.018, 0.805
-0.355, -0.018, 0.810
-0.363, -0.018, 0.814
-0.372, -0.018, 0.819
-0.381, -0.018, 0.824
-0.390, -0.018, 0.829
-0.297, -0.017, 0.778
-0.428, 0.223, 0.839
-0.422, 0.109, 0.841
-0.416, 0.002, 0.842
RegionID:10
Center:-0.266,0.121,0.815
Normal:0.900,0.045,-0.433
NumPatches:69
-0.280, 0.108, 0.783
-0.284, 0.107, 0.776
-0.284, 0.113, 0.776
-0.284, 0.120, 0.777
-0.284, 0.126, 0.777
-0.285, 0.132, 0.778
-0.285, 0.138, 0.778
-0.285, 0.145, 0.779
-0.285, 0.151, 0.779
-0.285, 0.157, 0.779
-0.281, 0.159, 0.786
-0.278, 0.154, 0.793
-0.281, 0.152, 0.786
-0.274, 0.155, 0.801
-0.270, 0.157, 0.809
-0.266, 0.158, 0.817
-0.262, 0.153, 0.825
-0.266, 0.145, 0.816
-0.270, 0.144, 0.808
-0.274, 0.142, 0.800
-0.277, 0.141, 0.793
-0.281, 0.133, 0.785
-0.281, 0.140, 0.785
-0.281, 0.127, 0.784
-0.281, 0.121, 0.784
-0.280, 0.114, 0.783
-0.266, 0.152, 0.817
-0.262, 0.147, 0.825
-0.258, 0.155, 0.834
-0.254, 0.157, 0.842
-0.258, 0.148, 0.833
-0.254, 0.143, 0.841
-0.258, 0.142, 0.833
-0.250, 0.145, 0.850
-0.246, 0.146, 0.859
-0.241, 0.155, 0.869
-0.246, 0.160, 0.860
-0.250, 0.158, 0.851
-0.242, 0.162, 0.869
-0.237, 0.156, 0.878
-0.241, 0.148, 0.869
-0.237, 0.149, 0.878
-0.233, 0.158, 0.888
-0.228, 0.160, 0.898
-0.233, 0.151, 0.888
-0.228, 0.152, 0.897
-0.223, 0.162, 0.908
-0.218, 0.163, 0.918
-0.223, 0.154, 0.907
-0.218, 0.156, 0.918
-0.280, 0.102, 0.783
-0.280, 0.095, 0.782
-0.280, 0.089, 0.782
-0.280, 0.083, 0.782
-0.280, 0.077, 0.781
-0.280, 0.070, 0.781
-0.279, 0.064, 0.780
-0.279, 0.058, 0.780
-0.279, 0.051, 0.780
-0.279, 0.045, 0.779
-0.279, 0.039, 0.779
-0.279, 0.033, 0.779
-0.279, 0.026, 0.778
-0.278, 0.020, 0.778
-0.278, 0.014, 0.778
-0.275, 0.008, 0.785
-0.278, 0.008, 0.778
-0.274, 0.002, 0.784
-0.274, -0.005, 0.784
RegionID:11
Center:-0.273,0.072,0.941
Normal:-0.475,-0.038,-0.879
NumPatches:54
-0.225, 0.090, 0.915
-0.233, 0.083, 0.919
-0.233, 0.090, 0.919
-0.233, 0.097, 0.918
-0.242, 0.105, 0.922
-0.242, 0.112, 0.922
-0.242, 0.120, 0.922
-0.250, 0.128, 0.926
-0.259, 0.121, 0.931
-0.268, 0.122, 0.936
-0.277, 0.122, 0.941
-0.285, 0.123, 0.945
-0.295, 0.124, 0.950
-0.304, 0.124, 0.955
-0.313, 0.125, 0.960
-0.322, 0.118, 0.966
-0.322, 0.125, 0.965
-0.323, 0.110, 0.966
-0.313, 0.102, 0.961
-0.323, 0.102, 0.966
-0.313, 0.094, 0.962
-0.314, 0.087, 0.962
-0.314, 0.079, 0.963
-0.314, 0.071, 0.963
-0.314, 0.064, 0.963
-0.314, 0.056, 0.964
-0.314, 0.048, 0.964
-0.314, 0.041, 0.965
-0.315, 0.033, 0.965
-0.315, 0.025, 0.966
-0.306, 0.017, 0.961
-0.315, 0.017, 0.966
-0.296, 0.017, 0.956
-0.287, 0.017, 0.951
-0.278, 0.017, 0.946
-0.269, 0.017, 0.941
-0.260, 0.017, 0.936
-0.252, 0.017, 0.932
-0.243, 0.017, 0.927
-0.234, 0.024, 0.922
-0.234, 0.031, 0.921
-0.234, 0.039, 0.921
-0.234, 0.046, 0.921
-0.234, 0.053, 0.920
-0.234, 0.061, 0.920
-0.234, 0.068, 0.920
-0.233, 0.075, 0.919
-0.234, 0.017, 0.922
-0.259, 0.128, 0.931
-0.241, 0.127, 0.921
-0.233, 0.127, 0.917
-0.233, 0.119, 0.917
-0.233, 0.105, 0.918
-0.225, 0.097, 0.915
RegionID:12
Center:0.035,0.229,0.944
Normal:-0.768,-0.564,-0.304
NumPatches:65
0.064, 0.231, 0.868
0.057, 0.239, 0.871
0.051, 0.246, 0.873
0.044, 0.249, 0.885
0.037, 0.257, 0.887
0.031, 0.260, 0.898
0.023, 0.268, 0.901
0.016, 0.272, 0.913
0.009, 0.280, 0.916
0.002, 0.284, 0.927
-0.006, 0.292, 0.931
-0.013, 0.291, 0.952
-0.021, 0.295, 0.964
-0.021, 0.300, 0.955
-0.013, 0.296, 0.943
-0.013, 0.286, 0.961
-0.014, 0.281, 0.970
-0.006, 0.273, 0.967
-0.014, 0.276, 0.980
-0.006, 0.267, 0.976
-0.006, 0.262, 0.986
-0.006, 0.257, 0.996
0.002, 0.248, 0.993
-0.006, 0.252, 1.006
0.002, 0.243, 1.003
0.002, 0.237, 1.013
0.002, 0.231, 1.024
0.010, 0.222, 1.020
0.002, 0.226, 1.035
0.010, 0.216, 1.031
0.018, 0.213, 1.016
0.026, 0.205, 1.013
0.018, 0.207, 1.027
0.034, 0.202, 0.999
0.042, 0.193, 0.995
0.034, 0.196, 1.009
0.049, 0.190, 0.981
0.057, 0.182, 0.978
0.050, 0.184, 0.991
0.057, 0.176, 0.988
0.064, 0.173, 0.974
0.071, 0.171, 0.961
0.079, 0.163, 0.958
0.072, 0.165, 0.971
0.084, 0.167, 0.936
0.083, 0.172, 0.927
0.076, 0.180, 0.930
0.076, 0.186, 0.922
0.075, 0.192, 0.913
0.074, 0.197, 0.905
0.074, 0.203, 0.897
0.073, 0.208, 0.889
0.066, 0.216, 0.892
0.065, 0.221, 0.884
0.065, 0.226, 0.876
0.072, 0.213, 0.881
0.083, 0.178, 0.918
0.085, 0.161, 0.945
0.086, 0.155, 0.954
0.002, 0.288, 0.919
0.016, 0.277, 0.904
0.030, 0.265, 0.890
0.044, 0.254, 0.877
0.057, 0.244, 0.864
0.064, 0.236, 0.860
RegionID:13
Center:0.155,0.241,1.016
Normal:-0.218,0.697,-0.683
NumPatches:29
0.180, 0.245, 1.012
0.171, 0.235, 1.005
0.162, 0.225, 0.998
0.153, 0.216, 0.991
0.144, 0.207, 0.984
0.135, 0.197, 0.978
0.136, 0.207, 0.987
0.138, 0.217, 0.997
0.139, 0.228, 1.007
0.133, 0.239, 1.021
0.134, 0.250, 1.031
0.135, 0.260, 1.042
0.137, 0.272, 1.053
0.138, 0.283, 1.064
0.146, 0.282, 1.060
0.153, 0.270, 1.046
0.145, 0.271, 1.049
0.161, 0.269, 1.042
0.167, 0.257, 1.029
0.159, 0.258, 1.031
0.174, 0.256, 1.025
0.182, 0.255, 1.022
0.188, 0.244, 1.009
0.178, 0.234, 1.002
0.169, 0.225, 0.995
0.160, 0.215, 0.988
0.151, 0.206, 0.981
0.195, 0.243, 1.005
0.140, 0.238, 1.018
RegionID:14
Center:-0.280,0.253,0.937
Normal:-0.468,-0.035,-0.883
NumPatches:50
-0.240, 0.251, 0.916
-0.240, 0.258, 0.915
-0.240, 0.265, 0.915
-0.240, 0.273, 0.915
-0.240, 0.280, 0.915
-0.239, 0.287, 0.914
-0.248, 0.296, 0.918
-0.257, 0.297, 0.923
-0.265, 0.298, 0.927
-0.274, 0.300, 0.932
-0.283, 0.301, 0.936
-0.292, 0.296, 0.941
-0.301, 0.297, 0.946
-0.310, 0.299, 0.951
-0.319, 0.300, 0.956
-0.329, 0.294, 0.961
-0.328, 0.302, 0.961
-0.329, 0.286, 0.961
-0.329, 0.279, 0.962
-0.329, 0.271, 0.962
-0.329, 0.264, 0.963
-0.329, 0.256, 0.963
-0.320, 0.247, 0.959
-0.329, 0.249, 0.963
-0.320, 0.240, 0.959
-0.320, 0.232, 0.959
-0.320, 0.225, 0.960
-0.311, 0.216, 0.955
-0.321, 0.217, 0.960
-0.311, 0.208, 0.956
-0.302, 0.207, 0.951
-0.293, 0.206, 0.946
-0.284, 0.205, 0.941
-0.275, 0.204, 0.936
-0.266, 0.203, 0.932
-0.258, 0.202, 0.927
-0.249, 0.201, 0.923
-0.240, 0.207, 0.918
-0.240, 0.215, 0.917
-0.240, 0.222, 0.917
-0.240, 0.229, 0.917
-0.240, 0.236, 0.916
-0.240, 0.244, 0.916
-0.241, 0.200, 0.918
-0.249, 0.194, 0.923
-0.241, 0.193, 0.918
-0.292, 0.303, 0.941
-0.248, 0.303, 0.918
-0.239, 0.302, 0.914
-0.239, 0.294, 0.914
RegionID:15
Center:0.215,0.310,0.941
Normal:0.640,-0.456,-0.619
NumPatches:25
0.204, 0.348, 0.903
0.214, 0.345, 0.913
0.206, 0.337, 0.911
0.198, 0.329, 0.909
0.189, 0.326, 0.902
0.181, 0.324, 0.895
0.188, 0.332, 0.897
0.197, 0.334, 0.904
0.207, 0.332, 0.916
0.215, 0.340, 0.918
0.216, 0.334, 0.924
0.217, 0.329, 0.929
0.219, 0.323, 0.934
0.220, 0.318, 0.940
0.221, 0.312, 0.946
0.222, 0.306, 0.951
0.224, 0.300, 0.957
0.225, 0.295, 0.963
0.227, 0.289, 0.968
0.228, 0.282, 0.974
0.229, 0.276, 0.980
0.231, 0.270, 0.986
0.232, 0.264, 0.993
0.234, 0.258, 0.999
0.235, 0.251, 1.005
RegionID:16
Center:0.187,0.295,0.994
Normal:-0.769,-0.557,-0.312
NumPatches:31
0.209, 0.265, 0.995
0.203, 0.267, 1.005
0.195, 0.276, 1.007
0.189, 0.279, 1.018
0.182, 0.288, 1.020
0.175, 0.291, 1.031
0.169, 0.294, 1.042
0.161, 0.303, 1.044
0.154, 0.306, 1.055
0.160, 0.309, 1.036
0.166, 0.306, 1.026
0.171, 0.308, 1.008
0.176, 0.311, 0.991
0.181, 0.314, 0.974
0.187, 0.311, 0.965
0.183, 0.308, 0.981
0.178, 0.305, 0.998
0.173, 0.303, 1.016
0.167, 0.300, 1.033
0.192, 0.313, 0.950
0.198, 0.310, 0.941
0.193, 0.308, 0.956
0.199, 0.305, 0.947
0.200, 0.299, 0.953
0.202, 0.294, 0.960
0.203, 0.288, 0.967
0.204, 0.282, 0.973
0.206, 0.276, 0.980
0.201, 0.273, 0.997
0.207, 0.270, 0.987
0.188, 0.285, 1.010
RegionID:17
Center:0.292,0.338,1.071
Normal:-0.217,0.695,-0.686
NumPatches:20
0.308, 0.333, 1.061
0.297, 0.322, 1.053
0.286, 0.312, 1.046
0.279, 0.313, 1.049
0.269, 0.302, 1.042
0.271, 0.314, 1.052
0.274, 0.325, 1.063
0.277, 0.337, 1.075
0.280, 0.350, 1.086
0.283, 0.362, 1.098
0.286, 0.375, 1.110
0.291, 0.361, 1.094
0.299, 0.360, 1.090
0.307, 0.359, 1.087
0.311, 0.345, 1.072
0.300, 0.334, 1.064
0.289, 0.323, 1.056
0.303, 0.346, 1.075
0.318, 0.344, 1.068
0.326, 0.343, 1.065
RegionID:18
Center:0.132,0.377,0.940
Normal:-0.218,0.692,-0.689
NumPatches:109
0.070, 0.276, 0.858
0.064, 0.277, 0.861
0.058, 0.288, 0.874
0.051, 0.289, 0.877
0.044, 0.291, 0.881
0.038, 0.302, 0.895
0.031, 0.303, 0.898
0.023, 0.305, 0.901
0.016, 0.317, 0.916
0.009, 0.318, 0.919
0.002, 0.331, 0.934
-0.006, 0.332, 0.938
0.002, 0.342, 0.946
0.009, 0.341, 0.943
0.017, 0.352, 0.951
0.025, 0.350, 0.947
0.017, 0.340, 0.939
0.009, 0.330, 0.931
0.032, 0.361, 0.955
0.040, 0.372, 0.964
0.048, 0.371, 0.960
0.040, 0.359, 0.951
0.032, 0.349, 0.943
0.056, 0.381, 0.968
0.064, 0.380, 0.964
0.055, 0.369, 0.956
0.072, 0.391, 0.973
0.080, 0.402, 0.982
0.088, 0.401, 0.978
0.079, 0.390, 0.969
0.071, 0.378, 0.960
0.097, 0.412, 0.986
0.104, 0.410, 0.982
0.095, 0.399, 0.974
0.113, 0.422, 0.991
0.122, 0.434, 1.000
0.129, 0.432, 0.996
0.120, 0.420, 0.987
0.111, 0.409, 0.978
0.139, 0.444, 1.005
0.146, 0.442, 1.000
0.137, 0.430, 0.992
0.155, 0.454, 1.010
0.165, 0.467, 1.019
0.172, 0.465, 1.015
0.163, 0.452, 1.005
0.153, 0.440, 0.997
0.182, 0.477, 1.024
0.190, 0.475, 1.020
0.180, 0.463, 1.011
0.197, 0.473, 1.016
0.204, 0.471, 1.011
0.211, 0.469, 1.007
0.219, 0.467, 1.003
0.226, 0.465, 0.998
0.233, 0.463, 0.995
0.240, 0.461, 0.990
0.246, 0.459, 0.986
0.253, 0.458, 0.982
0.260, 0.456, 0.978
0.267, 0.454, 0.974
0.274, 0.452, 0.970
0.280, 0.450, 0.966
0.270, 0.439, 0.958
0.260, 0.428, 0.950
0.250, 0.416, 0.942
0.241, 0.405, 0.934
0.234, 0.407, 0.937
0.225, 0.396, 0.929
0.216, 0.385, 0.922
0.209, 0.387, 0.925
0.200, 0.376, 0.917
0.193, 0.378, 0.921
0.184, 0.367, 0.913
0.176, 0.357, 0.906
0.167, 0.347, 0.898
0.160, 0.348, 0.902
0.152, 0.338, 0.894
0.144, 0.328, 0.887
0.135, 0.318, 0.880
0.129, 0.320, 0.883
0.121, 0.310, 0.876
0.114, 0.311, 0.879
0.106, 0.302, 0.872
0.099, 0.292, 0.865
0.092, 0.293, 0.868
0.084, 0.284, 0.862
0.078, 0.285, 0.865
0.071, 0.286, 0.868
0.064, 0.287, 0.871
0.085, 0.295, 0.872
0.100, 0.303, 0.875
0.108, 0.312, 0.883
0.122, 0.321, 0.886
0.137, 0.329, 0.890
0.145, 0.339, 0.898
0.154, 0.349, 0.905
0.169, 0.358, 0.909
0.178, 0.369, 0.917
0.187, 0.379, 0.924
0.202, 0.388, 0.929
0.218, 0.397, 0.933
0.228, 0.408, 0.941
0.244, 0.418, 0.945
0.257, 0.415, 0.938
0.267, 0.426, 0.946
0.277, 0.437, 0.954
0.024, 0.316, 0.912
0.045, 0.301, 0.891
RegionID:19
Center:-0.282,0.311,0.800
Normal:0.885,0.057,-0.461
NumPatches:28
-0.292, 0.301, 0.780
-0.297, 0.300, 0.777
-0.297, 0.306, 0.777
-0.297, 0.312, 0.777
-0.296, 0.318, 0.776
-0.292, 0.320, 0.782
-0.289, 0.323, 0.789
-0.285, 0.320, 0.796
-0.288, 0.310, 0.788
-0.292, 0.308, 0.781
-0.288, 0.317, 0.788
-0.285, 0.313, 0.795
-0.281, 0.323, 0.803
-0.277, 0.326, 0.811
-0.281, 0.316, 0.803
-0.277, 0.320, 0.811
-0.274, 0.323, 0.819
-0.270, 0.326, 0.827
-0.265, 0.322, 0.835
-0.261, 0.325, 0.843
-0.257, 0.322, 0.851
-0.253, 0.325, 0.860
-0.248, 0.328, 0.869
-0.292, 0.295, 0.780
-0.292, 0.288, 0.780
-0.291, 0.282, 0.779
-0.291, 0.276, 0.779
-0.291, 0.269, 0.778
RegionID:20
Center:0.318,0.394,1.059
Normal:-0.769,-0.552,-0.321
NumPatches:30
0.340, 0.365, 1.056
0.334, 0.368, 1.065
0.328, 0.371, 1.074
0.321, 0.381, 1.076
0.315, 0.384, 1.085
0.309, 0.387, 1.094
0.301, 0.397, 1.097
0.294, 0.400, 1.106
0.288, 0.404, 1.115
0.292, 0.407, 1.099
0.297, 0.409, 1.083
0.301, 0.412, 1.068
0.307, 0.409, 1.059
0.303, 0.406, 1.075
0.299, 0.403, 1.090
0.307, 0.394, 1.087
0.311, 0.412, 1.044
0.317, 0.408, 1.036
0.313, 0.406, 1.051
0.321, 0.411, 1.023
0.325, 0.414, 1.010
0.327, 0.408, 1.015
0.323, 0.405, 1.029
0.329, 0.402, 1.021
0.331, 0.396, 1.026
0.332, 0.390, 1.032
0.334, 0.384, 1.038
0.336, 0.378, 1.044
0.338, 0.372, 1.049
0.326, 0.378, 1.067
