NumRegions:19
RegionID:0
Center:0.060,-0.070,1.497
Normal:0.000,-0.443,-0.897
NumPatches:1017
-0.708, 0.476, 1.234
-0.718, 0.476, 1.234
-0.716, 0.485, 1.230
-0.714, 0.493, 1.226
-0.711, 0.501, 1.222
-0.709, 0.509, 1.219
-0.707, 0.518, 1.215
-0.705, 0.526, 1.211
-0.703, 0.534, 1.207
-0.701, 0.542, 1.204
-0.699, 0.550, 1.201
-0.706, 0.558, 1.197
-0.716, 0.558, 1.197
-0.725, 0.558, 1.197
-0.735, 0.558, 1.197
-0.747, 0.550, 1.201
-0.745, 0.558, 1.197
-0.749, 0.542, 1.204
-0.751, 0.534, 1.207
-0.753, 0.526, 1.211
-0.756, 0.518, 1.215
-0.758, 0.509, 1.219
-0.760, 0.501, 1.222
-0.763, 0.493, 1.226
-0.765, 0.485, 1.230
-0.767, 0.476, 1.234
-0.769, 0.468, 1.237
-0.772, 0.459, 1.241
-0.774, 0.451, 1.245
-0.777, 0.442, 1.249
-0.779, 0.434, 1.253
-0.782, 0.425, 1.257
-0.784, 0.416, 1.261
-0.787, 0.407, 1.265
-0.789, 0.398, 1.269
-0.792, 0.390, 1.273
-0.794, 0.381, 1.277
-0.797, 0.371, 1.281
-0.800, 0.363, 1.286
-0.802, 0.353, 1.290
-0.805, 0.344, 1.294
-0.807, 0.335, 1.298
-0.810, 0.326, 1.303
-0.813, 0.316, 1.307
-0.816, 0.307, 1.312
-0.819, 0.297, 1.316
-0.821, 0.288, 1.321
-0.824, 0.278, 1.325
-0.827, 0.269, 1.330
-0.830, 0.259, 1.334
-0.833, 0.249, 1.339
-0.836, 0.239, 1.344
-0.838, 0.229, 1.348
-0.842, 0.219, 1.353
-0.845, 0.209, 1.358
-0.847, 0.199, 1.363
-0.851, 0.189, 1.368
-0.854, 0.178, 1.373
-0.857, 0.168, 1.378
-0.860, 0.158, 1.383
-0.863, 0.147, 1.388
-0.866, 0.136, 1.392
-0.869, 0.126, 1.398
-0.873, 0.115, 1.403
-0.876, 0.104, 1.408
-0.879, 0.093, 1.414
-0.882, 0.082, 1.418
-0.886, 0.071, 1.424
-0.889, 0.060, 1.430
-0.893, 0.049, 1.435
-0.896, 0.037, 1.441
-0.900, 0.026, 1.447
-0.903, 0.015, 1.451
-0.907, 0.003, 1.458
-0.910, -0.009, 1.464
-0.913, -0.021, 1.469
-0.917, -0.032, 1.475
-0.921, -0.044, 1.481
-0.925, -0.056, 1.487
-0.928, -0.069, 1.493
-0.932, -0.081, 1.499
-0.936, -0.093, 1.505
-0.940, -0.106, 1.510
-0.944, -0.118, 1.517
-0.948, -0.131, 1.524
-0.951, -0.144, 1.530
-0.956, -0.157, 1.536
-0.959, -0.170, 1.543
-0.964, -0.183, 1.550
-0.968, -0.196, 1.556
-0.972, -0.209, 1.562
-0.976, -0.223, 1.569
-0.980, -0.236, 1.576
-0.985, -0.250, 1.583
-0.989, -0.264, 1.590
-0.993, -0.278, 1.597
-0.998, -0.292, 1.604
-1.002, -0.306, 1.611
-1.006, -0.320, 1.618
-1.011, -0.335, 1.626
-1.016, -0.349, 1.633
-1.020, -0.364, 1.640
-1.025, -0.379, 1.648
-1.029, -0.394, 1.655
-1.034, -0.409, 1.663
-1.039, -0.424, 1.671
-1.044, -0.440, 1.679
-1.049, -0.455, 1.686
-1.054, -0.471, 1.694
-1.059, -0.487, 1.702
-1.064, -0.503, 1.711
-1.069, -0.519, 1.719
-1.074, -0.535, 1.727
-1.079, -0.552, 1.736
-1.085, -0.569, 1.744
-1.090, -0.585, 1.753
-1.096, -0.602, 1.762
-1.101, -0.620, 1.770
-1.107, -0.637, 1.779
-1.112, -0.654, 1.788
-1.118, -0.672, 1.797
-1.124, -0.690, 1.807
-1.129, -0.708, 1.816
-1.135, -0.726, 1.825
-1.141, -0.745, 1.835
-1.147, -0.763, 1.844
-1.153, -0.782, 1.854
-1.159, -0.801, 1.864
-1.165, -0.821, 1.874
-1.172, -0.840, 1.884
-1.178, -0.860, 1.894
-1.169, -0.880, 1.904
-1.184, -0.880, 1.904
-1.154, -0.880, 1.904
-1.139, -0.880, 1.904
-1.123, -0.880, 1.904
-1.108, -0.880, 1.904
-1.093, -0.880, 1.904
-1.078, -0.880, 1.904
-1.062, -0.880, 1.904
-1.047, -0.880, 1.904
-1.032, -0.880, 1.904
-1.017, -0.880, 1.904
-1.002, -0.880, 1.904
-0.986, -0.880, 1.904
-0.971, -0.880, 1.904
-0.956, -0.880, 1.904
-0.941, -0.880, 1.904
-0.925, -0.880, 1.904
-0.910, -0.880, 1.904
-0.895, -0.880, 1.904
-0.880, -0.880, 1.904
-0.864, -0.880, 1.904
-0.849, -0.880, 1.904
-0.834, -0.880, 1.904
-0.819, -0.880, 1.904
-0.803, -0.880, 1.904
-0.788, -0.880, 1.904
-0.773, -0.880, 1.904
-0.758, -0.880, 1.904
-0.743, -0.880, 1.904
-0.727, -0.880, 1.904
-0.712, -0.880, 1.904
-0.697, -0.880, 1.904
-0.682, -0.880, 1.904
-0.666, -0.880, 1.904
-0.651, -0.880, 1.904
-0.636, -0.880, 1.904
-0.621, -0.880, 1.904
-0.605, -0.880, 1.904
-0.590, -0.880, 1.904
-0.575, -0.880, 1.904
-0.560, -0.880, 1.904
-0.545, -0.880, 1.904
-0.529, -0.880, 1.904
-0.514, -0.880, 1.904
-0.499, -0.880, 1.904
-0.481, -0.860, 1.894
-0.493, -0.840, 1.884
-0.491, -0.821, 1.874
-0.503, -0.801, 1.864
-0.500, -0.782, 1.854
-0.498, -0.763, 1.844
-0.495, -0.745, 1.835
-0.493, -0.726, 1.825
-0.490, -0.708, 1.816
-0.473, -0.690, 1.807
-0.459, -0.690, 1.807
-0.476, -0.708, 1.816
-0.442, -0.672, 1.797
-0.426, -0.654, 1.788
-0.409, -0.637, 1.779
-0.393, -0.620, 1.770
-0.377, -0.602, 1.762
-0.363, -0.602, 1.762
-0.379, -0.620, 1.770
-0.395, -0.637, 1.779
-0.411, -0.654, 1.788
-0.428, -0.672, 1.797
-0.444, -0.690, 1.807
-0.347, -0.585, 1.753
-0.331, -0.569, 1.744
-0.316, -0.552, 1.736
-0.300, -0.535, 1.727
-0.285, -0.519, 1.719
-0.272, -0.519, 1.719
-0.287, -0.535, 1.727
-0.302, -0.552, 1.736
-0.317, -0.569, 1.744
-0.333, -0.585, 1.753
-0.349, -0.602, 1.762
-0.257, -0.503, 1.711
-0.242, -0.487, 1.702
-0.227, -0.471, 1.694
-0.226, -0.455, 1.686
-0.225, -0.440, 1.679
-0.224, -0.424, 1.671
-0.223, -0.409, 1.663
-0.235, -0.394, 1.655
-0.234, -0.379, 1.648
-0.233, -0.364, 1.640
-0.232, -0.349, 1.633
-0.231, -0.335, 1.626
-0.230, -0.320, 1.618
-0.229, -0.306, 1.611
-0.228, -0.292, 1.604
-0.239, -0.278, 1.597
-0.253, -0.292, 1.604
-0.267, -0.306, 1.611
-0.282, -0.320, 1.618
-0.296, -0.335, 1.626
-0.310, -0.349, 1.633
-0.297, -0.349, 1.633
-0.312, -0.364, 1.640
-0.326, -0.379, 1.648
-0.341, -0.394, 1.655
-0.356, -0.409, 1.663
-0.371, -0.424, 1.671
-0.386, -0.440, 1.679
-0.373, -0.440, 1.679
-0.388, -0.455, 1.686
-0.403, -0.471, 1.694
-0.419, -0.487, 1.702
-0.432, -0.487, 1.702
-0.446, -0.487, 1.702
-0.460, -0.487, 1.702
-0.471, -0.471, 1.694
-0.484, -0.471, 1.694
-0.498, -0.471, 1.694
-0.509, -0.455, 1.686
-0.523, -0.455, 1.686
-0.536, -0.455, 1.686
-0.547, -0.440, 1.679
-0.561, -0.440, 1.679
-0.574, -0.440, 1.679
-0.585, -0.424, 1.671
-0.598, -0.424, 1.671
-0.612, -0.424, 1.671
-0.625, -0.424, 1.671
-0.635, -0.409, 1.663
-0.632, -0.394, 1.655
-0.630, -0.379, 1.648
-0.626, -0.364, 1.640
-0.637, -0.349, 1.633
-0.634, -0.335, 1.626
-0.631, -0.320, 1.618
-0.628, -0.306, 1.611
-0.626, -0.292, 1.604
-0.635, -0.278, 1.597
-0.633, -0.264, 1.590
-0.630, -0.250, 1.583
-0.627, -0.236, 1.576
-0.624, -0.223, 1.569
-0.622, -0.209, 1.562
-0.619, -0.196, 1.556
-0.604, -0.183, 1.550
-0.589, -0.170, 1.543
-0.575, -0.157, 1.536
-0.560, -0.144, 1.530
-0.558, -0.131, 1.524
-0.543, -0.118, 1.517
-0.529, -0.106, 1.510
-0.515, -0.093, 1.505
-0.500, -0.081, 1.499
-0.487, -0.069, 1.493
-0.485, -0.056, 1.487
-0.471, -0.044, 1.481
-0.457, -0.032, 1.475
-0.443, -0.021, 1.469
-0.430, -0.009, 1.464
-0.429, 0.003, 1.458
-0.415, 0.015, 1.451
-0.402, 0.026, 1.447
-0.389, 0.037, 1.441
-0.387, 0.049, 1.435
-0.375, 0.060, 1.430
-0.362, 0.071, 1.424
-0.349, 0.082, 1.418
-0.359, 0.093, 1.414
-0.370, 0.093, 1.414
-0.382, 0.093, 1.414
-0.393, 0.093, 1.414
-0.404, 0.093, 1.414
-0.416, 0.093, 1.414
-0.427, 0.093, 1.414
-0.438, 0.093, 1.414
-0.449, 0.093, 1.414
-0.461, 0.093, 1.414
-0.472, 0.093, 1.414
-0.483, 0.093, 1.414
-0.495, 0.093, 1.414
-0.506, 0.093, 1.414
-0.517, 0.093, 1.414
-0.529, 0.093, 1.414
-0.540, 0.093, 1.414
-0.551, 0.093, 1.414
-0.563, 0.093, 1.414
-0.574, 0.093, 1.414
-0.585, 0.093, 1.414
-0.596, 0.093, 1.414
-0.608, 0.093, 1.414
-0.619, 0.093, 1.414
-0.630, 0.093, 1.414
-0.642, 0.093, 1.414
-0.653, 0.093, 1.414
-0.664, 0.093, 1.414
-0.676, 0.093, 1.414
-0.687, 0.093, 1.414
-0.698, 0.093, 1.414
-0.710, 0.093, 1.414
-0.721, 0.093, 1.414
-0.732, 0.093, 1.414
-0.744, 0.093, 1.414
-0.755, 0.093, 1.414
-0.766, 0.093, 1.414
-0.777, 0.093, 1.414
-0.786, 0.104, 1.408
-0.783, 0.115, 1.403
-0.780, 0.126, 1.398
-0.777, 0.136, 1.392
-0.774, 0.147, 1.388
-0.771, 0.158, 1.383
-0.769, 0.168, 1.378
-0.766, 0.178, 1.373
-0.763, 0.189, 1.368
-0.760, 0.199, 1.363
-0.758, 0.209, 1.358
-0.766, 0.219, 1.353
-0.763, 0.229, 1.348
-0.760, 0.239, 1.344
-0.758, 0.249, 1.339
-0.755, 0.259, 1.334
-0.752, 0.269, 1.330
-0.750, 0.278, 1.325
-0.747, 0.288, 1.321
-0.745, 0.297, 1.316
-0.742, 0.307, 1.312
-0.740, 0.316, 1.307
-0.748, 0.326, 1.303
-0.745, 0.335, 1.298
-0.743, 0.344, 1.294
-0.740, 0.353, 1.290
-0.738, 0.363, 1.286
-0.735, 0.371, 1.281
-0.733, 0.381, 1.277
-0.731, 0.390, 1.273
-0.728, 0.398, 1.269
-0.726, 0.407, 1.265
-0.724, 0.416, 1.261
-0.722, 0.425, 1.257
-0.719, 0.434, 1.253
-0.717, 0.442, 1.249
-0.715, 0.451, 1.245
-0.712, 0.459, 1.241
-0.710, 0.468, 1.237
-0.728, 0.363, 1.286
-0.737, 0.326, 1.303
-0.755, 0.219, 1.353
-0.774, 0.104, 1.408
-0.358, 0.104, 1.408
-0.346, 0.104, 1.408
-0.335, 0.104, 1.408
-0.324, 0.104, 1.408
-0.313, 0.104, 1.408
-0.300, 0.115, 1.403
-0.299, 0.126, 1.398
-0.298, 0.136, 1.392
-0.297, 0.147, 1.388
-0.296, 0.158, 1.383
-0.295, 0.168, 1.378
-0.294, 0.178, 1.373
-0.293, 0.189, 1.368
-0.292, 0.199, 1.363
-0.291, 0.209, 1.358
-0.290, 0.219, 1.353
-0.288, 0.229, 1.348
-0.288, 0.239, 1.344
-0.287, 0.249, 1.339
-0.285, 0.259, 1.334
-0.285, 0.269, 1.330
-0.284, 0.278, 1.325
-0.283, 0.288, 1.321
-0.282, 0.297, 1.316
-0.291, 0.307, 1.312
-0.290, 0.316, 1.307
-0.289, 0.326, 1.303
-0.288, 0.335, 1.298
-0.287, 0.344, 1.294
-0.286, 0.353, 1.290
-0.285, 0.363, 1.286
-0.284, 0.371, 1.281
-0.283, 0.381, 1.277
-0.283, 0.390, 1.273
-0.282, 0.398, 1.269
-0.281, 0.407, 1.265
-0.280, 0.416, 1.261
-0.279, 0.425, 1.257
-0.278, 0.434, 1.253
-0.277, 0.442, 1.249
-0.276, 0.451, 1.245
-0.276, 0.459, 1.241
-0.275, 0.468, 1.237
-0.274, 0.476, 1.234
-0.273, 0.485, 1.230
-0.272, 0.493, 1.226
-0.281, 0.501, 1.222
-0.280, 0.509, 1.219
-0.279, 0.518, 1.215
-0.279, 0.526, 1.211
-0.278, 0.534, 1.207
-0.277, 0.542, 1.204
-0.276, 0.550, 1.201
-0.275, 0.558, 1.197
-0.266, 0.558, 1.197
-0.256, 0.558, 1.197
-0.247, 0.558, 1.197
-0.237, 0.558, 1.197
-0.227, 0.558, 1.197
-0.218, 0.558, 1.197
-0.208, 0.558, 1.197
-0.199, 0.558, 1.197
-0.189, 0.558, 1.197
-0.180, 0.558, 1.197
-0.170, 0.558, 1.197
-0.160, 0.558, 1.197
-0.151, 0.558, 1.197
-0.141, 0.558, 1.197
-0.132, 0.558, 1.197
-0.122, 0.558, 1.197
-0.113, 0.558, 1.197
-0.103, 0.558, 1.197
-0.093, 0.558, 1.197
-0.084, 0.558, 1.197
-0.074, 0.558, 1.197
-0.074, 0.550, 1.201
-0.065, 0.542, 1.204
-0.075, 0.542, 1.204
-0.065, 0.534, 1.207
-0.065, 0.526, 1.211
-0.066, 0.518, 1.215
-0.066, 0.509, 1.219
-0.056, 0.501, 1.222
-0.066, 0.501, 1.222
-0.056, 0.493, 1.226
-0.057, 0.485, 1.230
-0.057, 0.476, 1.234
-0.047, 0.468, 1.237
-0.057, 0.468, 1.237
-0.047, 0.459, 1.241
-0.047, 0.451, 1.245
-0.037, 0.442, 1.249
-0.047, 0.442, 1.249
-0.038, 0.434, 1.253
-0.038, 0.425, 1.257
-0.038, 0.416, 1.261
-0.038, 0.407, 1.265
-0.028, 0.398, 1.269
-0.038, 0.398, 1.269
-0.028, 0.390, 1.273
-0.028, 0.381, 1.277
-0.018, 0.371, 1.281
-0.028, 0.371, 1.281
-0.008, 0.371, 1.281
0.003, 0.363, 1.286
-0.008, 0.363, 1.286
0.013, 0.363, 1.286
0.023, 0.353, 1.290
0.013, 0.353, 1.290
0.034, 0.353, 1.290
0.044, 0.344, 1.294
0.034, 0.344, 1.294
0.054, 0.344, 1.294
0.065, 0.335, 1.298
0.055, 0.335, 1.298
0.075, 0.335, 1.298
0.086, 0.335, 1.298
0.096, 0.326, 1.303
0.086, 0.326, 1.303
0.107, 0.326, 1.303
0.117, 0.326, 1.303
0.128, 0.316, 1.307
0.118, 0.316, 1.307
0.139, 0.316, 1.307
0.149, 0.316, 1.307
0.159, 0.316, 1.307
0.170, 0.316, 1.307
0.180, 0.326, 1.303
0.190, 0.326, 1.303
0.180, 0.316, 1.307
0.200, 0.335, 1.298
0.210, 0.344, 1.294
0.220, 0.344, 1.294
0.210, 0.335, 1.298
0.201, 0.326, 1.303
0.230, 0.353, 1.290
0.239, 0.363, 1.286
0.249, 0.363, 1.286
0.240, 0.353, 1.290
0.230, 0.344, 1.294
0.259, 0.371, 1.281
0.268, 0.381, 1.277
0.278, 0.390, 1.273
0.288, 0.390, 1.273
0.278, 0.381, 1.277
0.269, 0.371, 1.281
0.260, 0.363, 1.286
0.297, 0.398, 1.269
0.306, 0.407, 1.265
0.316, 0.407, 1.265
0.307, 0.398, 1.269
0.298, 0.390, 1.273
0.325, 0.416, 1.261
0.334, 0.425, 1.257
0.344, 0.425, 1.257
0.335, 0.416, 1.261
0.326, 0.407, 1.265
0.353, 0.434, 1.253
0.362, 0.442, 1.249
0.372, 0.442, 1.249
0.363, 0.434, 1.253
0.354, 0.425, 1.257
0.381, 0.451, 1.245
0.390, 0.459, 1.241
0.398, 0.468, 1.237
0.408, 0.468, 1.237
0.400, 0.459, 1.241
0.391, 0.451, 1.245
0.382, 0.442, 1.249
0.417, 0.476, 1.234
0.426, 0.485, 1.230
0.434, 0.493, 1.226
0.444, 0.493, 1.226
0.435, 0.485, 1.230
0.427, 0.476, 1.234
0.418, 0.468, 1.237
0.452, 0.501, 1.222
0.462, 0.501, 1.222
0.454, 0.493, 1.226
0.470, 0.509, 1.219
0.469, 0.518, 1.215
0.467, 0.526, 1.211
0.466, 0.534, 1.207
0.465, 0.542, 1.204
0.463, 0.550, 1.201
0.462, 0.558, 1.197
0.472, 0.558, 1.197
0.481, 0.558, 1.197
0.491, 0.558, 1.197
0.500, 0.558, 1.197
0.510, 0.558, 1.197
0.519, 0.558, 1.197
0.529, 0.558, 1.197
0.539, 0.558, 1.197
0.548, 0.558, 1.197
0.558, 0.558, 1.197
0.567, 0.558, 1.197
0.577, 0.558, 1.197
0.587, 0.558, 1.197
0.596, 0.558, 1.197
0.606, 0.558, 1.197
0.615, 0.558, 1.197
0.625, 0.558, 1.197
0.634, 0.558, 1.197
0.644, 0.558, 1.197
0.654, 0.558, 1.197
0.663, 0.558, 1.197
0.673, 0.558, 1.197
0.682, 0.558, 1.197
0.692, 0.558, 1.197
0.701, 0.558, 1.197
0.711, 0.558, 1.197
0.721, 0.558, 1.197
0.730, 0.558, 1.197
0.740, 0.558, 1.197
0.749, 0.558, 1.197
0.752, 0.550, 1.201
0.754, 0.542, 1.204
0.756, 0.534, 1.207
0.758, 0.526, 1.211
0.761, 0.518, 1.215
0.763, 0.509, 1.219
0.765, 0.501, 1.222
0.767, 0.493, 1.226
0.770, 0.485, 1.230
0.772, 0.476, 1.234
0.774, 0.468, 1.237
0.777, 0.459, 1.241
0.779, 0.451, 1.245
0.782, 0.442, 1.249
0.784, 0.434, 1.253
0.787, 0.425, 1.257
0.789, 0.416, 1.261
0.792, 0.407, 1.265
0.794, 0.398, 1.269
0.797, 0.390, 1.273
0.799, 0.381, 1.277
0.802, 0.371, 1.281
0.805, 0.363, 1.286
0.808, 0.353, 1.290
0.810, 0.344, 1.294
0.813, 0.335, 1.298
0.816, 0.326, 1.303
0.818, 0.316, 1.307
0.821, 0.307, 1.312
0.824, 0.297, 1.316
0.827, 0.288, 1.321
0.829, 0.278, 1.325
0.832, 0.269, 1.330
0.835, 0.259, 1.334
0.838, 0.249, 1.339
0.841, 0.239, 1.344
0.844, 0.229, 1.348
0.847, 0.219, 1.353
0.850, 0.209, 1.358
0.853, 0.199, 1.363
0.856, 0.189, 1.368
0.859, 0.178, 1.373
0.862, 0.168, 1.378
0.865, 0.158, 1.383
0.869, 0.147, 1.388
0.872, 0.136, 1.392
0.875, 0.126, 1.398
0.878, 0.115, 1.403
0.881, 0.104, 1.408
0.885, 0.093, 1.414
0.888, 0.082, 1.418
0.891, 0.071, 1.424
0.895, 0.060, 1.430
0.898, 0.049, 1.435
0.902, 0.037, 1.441
0.906, 0.026, 1.447
0.909, 0.015, 1.451
0.912, 0.003, 1.458
0.916, -0.009, 1.464
0.919, -0.021, 1.469
0.923, -0.032, 1.475
0.927, -0.044, 1.481
0.931, -0.056, 1.487
0.934, -0.069, 1.493
0.938, -0.081, 1.499
0.942, -0.093, 1.505
0.946, -0.106, 1.510
0.950, -0.118, 1.517
0.954, -0.131, 1.524
0.957, -0.144, 1.530
0.962, -0.157, 1.536
0.966, -0.170, 1.543
0.970, -0.183, 1.550
0.974, -0.196, 1.556
0.978, -0.209, 1.562
0.982, -0.223, 1.569
0.987, -0.236, 1.576
0.991, -0.250, 1.583
0.995, -0.264, 1.590
0.999, -0.278, 1.597
1.004, -0.292, 1.604
1.008, -0.306, 1.611
1.013, -0.320, 1.618
1.018, -0.335, 1.626
1.022, -0.349, 1.633
1.027, -0.364, 1.640
1.032, -0.379, 1.648
1.036, -0.394, 1.655
1.041, -0.409, 1.663
1.046, -0.424, 1.671
1.051, -0.440, 1.679
1.055, -0.455, 1.686
1.060, -0.471, 1.694
1.065, -0.487, 1.702
1.071, -0.503, 1.711
1.076, -0.519, 1.719
1.081, -0.535, 1.727
1.086, -0.552, 1.736
1.092, -0.569, 1.744
1.097, -0.585, 1.753
1.103, -0.602, 1.762
1.108, -0.620, 1.770
1.114, -0.637, 1.779
1.119, -0.654, 1.788
1.125, -0.672, 1.797
1.131, -0.690, 1.807
1.137, -0.708, 1.816
1.142, -0.726, 1.825
1.148, -0.745, 1.835
1.154, -0.763, 1.844
1.160, -0.782, 1.854
1.167, -0.801, 1.864
1.173, -0.821, 1.874
1.179, -0.840, 1.884
1.185, -0.860, 1.894
1.177, -0.880, 1.904
1.161, -0.880, 1.904
1.146, -0.880, 1.904
1.131, -0.880, 1.904
1.116, -0.880, 1.904
1.101, -0.880, 1.904
1.085, -0.880, 1.904
1.070, -0.880, 1.904
1.055, -0.880, 1.904
1.040, -0.880, 1.904
1.024, -0.880, 1.904
1.009, -0.880, 1.904
0.994, -0.880, 1.904
0.979, -0.880, 1.904
0.963, -0.880, 1.904
0.948, -0.880, 1.904
0.933, -0.880, 1.904
0.918, -0.880, 1.904
0.902, -0.880, 1.904
0.887, -0.880, 1.904
0.872, -0.880, 1.904
0.857, -0.880, 1.904
0.842, -0.880, 1.904
0.826, -0.880, 1.904
0.811, -0.880, 1.904
0.796, -0.880, 1.904
0.781, -0.880, 1.904
0.776, -0.860, 1.894
0.787, -0.840, 1.884
0.783, -0.821, 1.874
0.779, -0.801, 1.864
0.775, -0.782, 1.854
0.771, -0.763, 1.844
0.752, -0.745, 1.835
0.748, -0.726, 1.825
0.730, -0.708, 1.816
0.712, -0.690, 1.807
0.708, -0.672, 1.797
0.690, -0.654, 1.788
0.672, -0.637, 1.779
0.669, -0.620, 1.770
0.652, -0.602, 1.762
0.634, -0.585, 1.753
0.631, -0.569, 1.744
0.614, -0.552, 1.736
0.598, -0.535, 1.727
0.584, -0.535, 1.727
0.570, -0.535, 1.727
0.556, -0.535, 1.727
0.542, -0.535, 1.727
0.531, -0.552, 1.736
0.517, -0.552, 1.736
0.503, -0.552, 1.736
0.492, -0.569, 1.744
0.478, -0.569, 1.744
0.466, -0.585, 1.753
0.452, -0.585, 1.753
0.438, -0.585, 1.753
0.426, -0.602, 1.762
0.412, -0.602, 1.762
0.400, -0.620, 1.770
0.388, -0.637, 1.779
0.375, -0.654, 1.788
0.363, -0.672, 1.797
0.350, -0.690, 1.807
0.338, -0.708, 1.816
0.325, -0.726, 1.825
0.312, -0.745, 1.835
0.299, -0.763, 1.844
0.285, -0.782, 1.854
0.272, -0.801, 1.864
0.259, -0.821, 1.874
0.274, -0.821, 1.874
0.260, -0.840, 1.884
0.246, -0.860, 1.894
0.232, -0.880, 1.904
0.217, -0.880, 1.904
0.202, -0.880, 1.904
0.187, -0.880, 1.904
0.171, -0.880, 1.904
0.156, -0.880, 1.904
0.141, -0.880, 1.904
0.126, -0.880, 1.904
0.110, -0.880, 1.904
0.095, -0.880, 1.904
0.080, -0.880, 1.904
0.065, -0.880, 1.904
0.050, -0.880, 1.904
0.034, -0.880, 1.904
0.019, -0.880, 1.904
0.004, -0.880, 1.904
-0.011, -0.880, 1.904
-0.027, -0.880, 1.904
-0.042, -0.880, 1.904
-0.057, -0.880, 1.904
-0.072, -0.880, 1.904
-0.057, -0.860, 1.894
-0.041, -0.840, 1.884
-0.026, -0.821, 1.874
-0.011, -0.801, 1.864
0.004, -0.801, 1.864
-0.011, -0.821, 1.874
-0.026, -0.840, 1.884
-0.042, -0.860, 1.894
0.019, -0.782, 1.854
0.033, -0.763, 1.844
0.048, -0.745, 1.835
0.062, -0.726, 1.825
0.077, -0.726, 1.825
0.062, -0.745, 1.835
0.048, -0.763, 1.844
0.033, -0.782, 1.854
0.019, -0.801, 1.864
0.091, -0.726, 1.825
0.105, -0.708, 1.816
0.119, -0.690, 1.807
0.133, -0.672, 1.797
0.132, -0.654, 1.788
0.146, -0.637, 1.779
0.159, -0.620, 1.770
0.173, -0.602, 1.762
0.186, -0.585, 1.753
0.199, -0.569, 1.744
0.198, -0.552, 1.736
0.197, -0.535, 1.727
0.196, -0.519, 1.719
0.195, -0.503, 1.711
0.194, -0.487, 1.702
0.193, -0.471, 1.694
0.192, -0.455, 1.686
0.191, -0.440, 1.679
0.190, -0.424, 1.671
0.190, -0.409, 1.663
0.189, -0.394, 1.655
0.188, -0.379, 1.648
0.187, -0.364, 1.640
0.186, -0.349, 1.633
0.185, -0.335, 1.626
0.184, -0.320, 1.618
0.184, -0.306, 1.611
0.183, -0.292, 1.604
0.182, -0.278, 1.597
0.181, -0.264, 1.590
0.180, -0.250, 1.583
0.180, -0.236, 1.576
0.179, -0.223, 1.569
0.178, -0.209, 1.562
0.177, -0.196, 1.556
0.177, -0.183, 1.550
0.164, -0.170, 1.543
0.163, -0.157, 1.536
0.162, -0.144, 1.530
0.161, -0.131, 1.524
0.161, -0.118, 1.517
0.160, -0.106, 1.510
0.159, -0.093, 1.505
0.159, -0.081, 1.499
0.158, -0.069, 1.493
0.158, -0.056, 1.487
0.157, -0.044, 1.481
0.156, -0.032, 1.475
0.156, -0.021, 1.469
0.155, -0.009, 1.464
0.154, 0.003, 1.458
0.154, 0.015, 1.451
0.142, 0.026, 1.447
0.130, 0.026, 1.447
0.119, 0.026, 1.447
0.107, 0.026, 1.447
0.095, 0.026, 1.447
0.084, 0.026, 1.447
0.072, 0.026, 1.447
0.061, 0.026, 1.447
0.049, 0.026, 1.447
0.038, 0.026, 1.447
0.026, 0.026, 1.447
0.014, 0.026, 1.447
0.003, 0.026, 1.447
-0.009, 0.026, 1.447
-0.020, 0.026, 1.447
-0.032, 0.026, 1.447
-0.043, 0.026, 1.447
-0.055, 0.026, 1.447
-0.067, 0.026, 1.447
-0.078, 0.026, 1.447
-0.090, 0.026, 1.447
-0.101, 0.026, 1.447
-0.113, 0.026, 1.447
-0.124, 0.026, 1.447
-0.136, 0.026, 1.447
-0.148, 0.026, 1.447
-0.160, 0.015, 1.451
-0.171, 0.015, 1.451
-0.183, 0.015, 1.451
-0.195, 0.015, 1.451
-0.205, 0.026, 1.447
-0.217, 0.026, 1.447
-0.228, 0.037, 1.441
-0.238, 0.049, 1.435
-0.250, 0.049, 1.435
-0.260, 0.060, 1.430
-0.272, 0.060, 1.430
-0.282, 0.071, 1.424
-0.292, 0.082, 1.418
-0.304, 0.082, 1.418
-0.315, 0.082, 1.418
-0.326, 0.082, 1.418
-0.338, 0.082, 1.418
-0.350, 0.071, 1.424
-0.363, 0.060, 1.430
-0.376, 0.049, 1.435
-0.281, 0.082, 1.418
-0.271, 0.071, 1.424
-0.249, 0.060, 1.430
-0.227, 0.049, 1.435
-0.216, 0.037, 1.441
-0.194, 0.026, 1.447
-0.159, 0.026, 1.447
0.153, 0.026, 1.447
0.176, -0.170, 1.543
0.200, -0.585, 1.753
0.187, -0.602, 1.762
0.173, -0.620, 1.770
0.160, -0.637, 1.779
0.147, -0.654, 1.788
0.134, -0.690, 1.807
0.120, -0.708, 1.816
0.106, -0.726, 1.825
0.248, -0.880, 1.904
0.261, -0.860, 1.894
0.287, -0.801, 1.864
0.300, -0.782, 1.854
0.313, -0.763, 1.844
0.327, -0.745, 1.835
0.339, -0.726, 1.825
0.352, -0.708, 1.816
0.365, -0.690, 1.807
0.377, -0.672, 1.797
0.390, -0.654, 1.788
0.402, -0.637, 1.779
0.398, -0.602, 1.762
0.424, -0.585, 1.753
0.464, -0.569, 1.744
0.489, -0.552, 1.736
0.528, -0.535, 1.727
0.611, -0.535, 1.727
0.628, -0.552, 1.736
0.648, -0.585, 1.753
0.666, -0.602, 1.762
0.687, -0.637, 1.779
0.704, -0.654, 1.788
0.726, -0.690, 1.807
0.744, -0.708, 1.816
0.767, -0.745, 1.835
0.791, -0.860, 1.894
1.192, -0.880, 1.904
0.472, 0.501, 1.222
-0.271, 0.501, 1.222
-0.281, 0.307, 1.312
-0.301, 0.104, 1.408
-0.391, 0.026, 1.447
-0.404, 0.015, 1.451
-0.417, 0.003, 1.458
-0.432, -0.021, 1.469
-0.445, -0.032, 1.475
-0.459, -0.044, 1.481
-0.473, -0.056, 1.487
-0.489, -0.081, 1.499
-0.503, -0.093, 1.505
-0.517, -0.106, 1.510
-0.531, -0.118, 1.517
-0.545, -0.131, 1.524
-0.562, -0.157, 1.536
-0.577, -0.170, 1.543
-0.592, -0.183, 1.550
-0.607, -0.196, 1.556
-0.623, -0.278, 1.597
-0.624, -0.349, 1.633
-0.622, -0.409, 1.663
-0.571, -0.424, 1.671
-0.534, -0.440, 1.679
-0.496, -0.455, 1.686
-0.457, -0.471, 1.694
-0.405, -0.487, 1.702
-0.390, -0.471, 1.694
-0.358, -0.424, 1.671
-0.343, -0.409, 1.663
-0.328, -0.394, 1.655
-0.313, -0.379, 1.648
-0.283, -0.335, 1.626
-0.269, -0.320, 1.618
-0.255, -0.306, 1.611
-0.252, -0.278, 1.597
-0.238, -0.264, 1.590
-0.225, -0.250, 1.583
-0.226, -0.264, 1.590
-0.227, -0.278, 1.597
-0.222, -0.394, 1.655
-0.228, -0.487, 1.702
-0.243, -0.503, 1.711
-0.258, -0.519, 1.719
-0.488, -0.801, 1.864
-0.478, -0.840, 1.884
-0.466, -0.860, 1.894
-0.484, -0.880, 1.904
-0.468, -0.880, 1.904
-0.697, 0.558, 1.197
RegionID:1
Center:-0.215,-0.545,1.347
Normal:-0.224,0.721,-0.656
NumPatches:69
-0.214, -0.596, 1.291
-0.225, -0.597, 1.293
-0.236, -0.599, 1.296
-0.247, -0.600, 1.298
-0.258, -0.601, 1.301
-0.268, -0.602, 1.303
-0.281, -0.596, 1.314
-0.283, -0.589, 1.322
-0.285, -0.583, 1.330
-0.298, -0.577, 1.341
-0.300, -0.569, 1.350
-0.313, -0.563, 1.361
-0.303, -0.555, 1.367
-0.294, -0.546, 1.373
-0.284, -0.538, 1.379
-0.274, -0.529, 1.385
-0.264, -0.520, 1.392
-0.254, -0.512, 1.398
-0.243, -0.510, 1.395
-0.253, -0.519, 1.389
-0.263, -0.528, 1.383
-0.272, -0.537, 1.376
-0.282, -0.545, 1.370
-0.292, -0.554, 1.364
-0.302, -0.562, 1.358
-0.233, -0.502, 1.401
-0.222, -0.493, 1.407
-0.212, -0.483, 1.414
-0.202, -0.474, 1.420
-0.190, -0.473, 1.417
-0.200, -0.483, 1.411
-0.211, -0.492, 1.405
-0.221, -0.501, 1.398
-0.231, -0.510, 1.392
-0.189, -0.482, 1.408
-0.187, -0.490, 1.399
-0.186, -0.498, 1.390
-0.174, -0.504, 1.378
-0.185, -0.505, 1.381
-0.162, -0.503, 1.375
-0.150, -0.510, 1.364
-0.161, -0.511, 1.367
-0.139, -0.509, 1.361
-0.128, -0.508, 1.359
-0.117, -0.507, 1.356
-0.106, -0.506, 1.353
-0.116, -0.515, 1.347
-0.126, -0.523, 1.342
-0.136, -0.532, 1.336
-0.146, -0.540, 1.330
-0.156, -0.548, 1.324
-0.166, -0.556, 1.319
-0.176, -0.564, 1.313
-0.186, -0.573, 1.308
-0.195, -0.580, 1.302
-0.205, -0.588, 1.296
-0.216, -0.590, 1.299
-0.194, -0.587, 1.294
-0.185, -0.580, 1.300
-0.175, -0.571, 1.305
-0.165, -0.564, 1.311
-0.155, -0.555, 1.316
-0.145, -0.547, 1.322
-0.135, -0.539, 1.328
-0.125, -0.531, 1.333
-0.115, -0.522, 1.339
-0.105, -0.514, 1.345
-0.286, -0.576, 1.339
-0.270, -0.595, 1.311
RegionID:2
Center:0.431,-0.558,1.323
Normal:0.594,0.562,-0.575
NumPatches:62
0.534, -0.606, 1.383
0.515, -0.607, 1.362
0.496, -0.609, 1.341
0.478, -0.610, 1.321
0.464, -0.606, 1.311
0.450, -0.601, 1.301
0.436, -0.596, 1.291
0.423, -0.592, 1.282
0.410, -0.588, 1.272
0.396, -0.583, 1.263
0.383, -0.579, 1.253
0.371, -0.575, 1.244
0.358, -0.571, 1.235
0.346, -0.567, 1.227
0.334, -0.563, 1.218
0.322, -0.559, 1.209
0.310, -0.555, 1.201
0.298, -0.551, 1.192
0.300, -0.545, 1.200
0.314, -0.543, 1.217
0.328, -0.541, 1.234
0.343, -0.538, 1.252
0.345, -0.532, 1.261
0.361, -0.529, 1.279
0.376, -0.527, 1.298
0.392, -0.524, 1.317
0.409, -0.521, 1.337
0.412, -0.514, 1.347
0.429, -0.511, 1.367
0.447, -0.508, 1.388
0.465, -0.505, 1.410
0.469, -0.497, 1.421
0.484, -0.502, 1.433
0.481, -0.509, 1.422
0.462, -0.512, 1.400
0.444, -0.515, 1.378
0.426, -0.518, 1.357
0.477, -0.516, 1.411
0.492, -0.521, 1.423
0.504, -0.532, 1.423
0.488, -0.528, 1.411
0.500, -0.539, 1.412
0.511, -0.551, 1.413
0.496, -0.547, 1.401
0.508, -0.558, 1.402
0.523, -0.563, 1.414
0.519, -0.569, 1.403
0.530, -0.581, 1.403
0.515, -0.576, 1.392
0.526, -0.588, 1.393
0.538, -0.599, 1.393
0.519, -0.601, 1.372
0.500, -0.603, 1.351
0.522, -0.594, 1.382
0.406, -0.528, 1.327
0.389, -0.531, 1.307
0.374, -0.533, 1.288
0.358, -0.536, 1.270
0.341, -0.544, 1.243
0.326, -0.547, 1.226
0.312, -0.549, 1.209
0.492, -0.615, 1.331
RegionID:3
Center:-0.047,-0.179,0.963
Normal:-0.486,-0.035,-0.873
NumPatches:120
0.009, -0.065, 0.928
0.009, -0.057, 0.927
0.009, -0.050, 0.927
0.009, -0.043, 0.927
0.009, -0.035, 0.927
0.009, -0.028, 0.926
0.002, -0.020, 0.930
-0.006, -0.021, 0.934
-0.013, -0.021, 0.938
-0.021, -0.021, 0.942
-0.028, -0.021, 0.947
-0.036, -0.021, 0.951
-0.044, -0.021, 0.955
-0.052, -0.021, 0.959
-0.060, -0.021, 0.964
-0.068, -0.021, 0.968
-0.076, -0.021, 0.973
-0.084, -0.021, 0.977
-0.092, -0.022, 0.982
-0.101, -0.022, 0.986
-0.109, -0.022, 0.991
-0.118, -0.030, 0.996
-0.117, -0.022, 0.995
-0.118, -0.038, 0.996
-0.118, -0.046, 0.996
-0.118, -0.054, 0.997
-0.118, -0.062, 0.997
-0.118, -0.070, 0.997
-0.118, -0.078, 0.998
-0.118, -0.086, 0.998
-0.118, -0.094, 0.998
-0.109, -0.101, 0.994
-0.118, -0.102, 0.999
-0.109, -0.109, 0.995
-0.109, -0.117, 0.995
-0.109, -0.125, 0.995
-0.110, -0.133, 0.996
-0.110, -0.141, 0.996
-0.110, -0.149, 0.996
-0.110, -0.157, 0.997
-0.110, -0.166, 0.997
-0.110, -0.174, 0.998
-0.110, -0.182, 0.998
-0.110, -0.190, 0.998
-0.110, -0.198, 0.999
-0.110, -0.206, 0.999
-0.110, -0.214, 0.999
-0.110, -0.222, 1.000
-0.110, -0.230, 1.000
-0.110, -0.238, 1.001
-0.110, -0.246, 1.001
-0.110, -0.254, 1.001
-0.110, -0.262, 1.002
-0.110, -0.271, 1.002
-0.102, -0.277, 0.998
-0.110, -0.279, 1.003
-0.102, -0.285, 0.998
-0.102, -0.294, 0.998
-0.102, -0.302, 0.999
-0.110, -0.311, 1.004
-0.102, -0.310, 0.999
-0.110, -0.319, 1.005
-0.111, -0.328, 1.005
-0.102, -0.334, 1.000
-0.111, -0.336, 1.005
-0.102, -0.342, 1.001
-0.094, -0.341, 0.996
-0.085, -0.339, 0.991
-0.077, -0.337, 0.986
-0.069, -0.336, 0.982
-0.061, -0.334, 0.977
-0.053, -0.333, 0.972
-0.045, -0.339, 0.968
-0.053, -0.340, 0.973
-0.037, -0.337, 0.964
-0.029, -0.343, 0.959
-0.037, -0.345, 0.964
-0.021, -0.342, 0.955
-0.013, -0.340, 0.950
-0.006, -0.339, 0.946
0.002, -0.337, 0.942
0.009, -0.336, 0.937
0.017, -0.327, 0.933
0.017, -0.319, 0.933
0.017, -0.311, 0.932
0.017, -0.304, 0.932
0.017, -0.296, 0.932
0.017, -0.289, 0.931
0.017, -0.281, 0.931
0.017, -0.274, 0.931
0.017, -0.266, 0.931
0.017, -0.259, 0.930
0.017, -0.251, 0.930
0.017, -0.244, 0.930
0.017, -0.236, 0.929
0.017, -0.229, 0.929
0.009, -0.222, 0.933
0.009, -0.215, 0.933
0.009, -0.207, 0.933
0.009, -0.199, 0.932
0.009, -0.192, 0.932
0.009, -0.185, 0.932
0.009, -0.177, 0.931
0.009, -0.169, 0.931
0.009, -0.162, 0.931
0.009, -0.155, 0.931
0.009, -0.147, 0.930
0.009, -0.140, 0.930
0.009, -0.132, 0.930
0.009, -0.125, 0.930
0.009, -0.117, 0.929
0.009, -0.110, 0.929
0.009, -0.102, 0.929
0.009, -0.095, 0.929
0.009, -0.087, 0.928
0.009, -0.080, 0.928
0.009, -0.072, 0.928
0.017, -0.221, 0.929
0.017, -0.334, 0.933
0.009, -0.020, 0.926
RegionID:4
Center:0.072,-0.270,1.082
Normal:-0.489,-0.037,-0.872
NumPatches:22
0.080, -0.309, 1.079
0.072, -0.310, 1.084
0.063, -0.303, 1.088
0.063, -0.294, 1.088
0.063, -0.285, 1.088
0.063, -0.276, 1.087
0.063, -0.267, 1.087
0.063, -0.259, 1.086
0.063, -0.250, 1.086
0.063, -0.241, 1.086
0.071, -0.231, 1.081
0.080, -0.230, 1.076
0.071, -0.240, 1.081
0.080, -0.239, 1.076
0.080, -0.248, 1.077
0.080, -0.256, 1.077
0.080, -0.265, 1.077
0.080, -0.274, 1.078
0.080, -0.282, 1.078
0.080, -0.291, 1.078
0.072, -0.301, 1.084
0.080, -0.300, 1.079
RegionID:5
Center:0.367,-0.106,1.110
Normal:-0.624,-0.069,-0.778
NumPatches:136
0.334, -0.265, 1.151
0.326, -0.276, 1.158
0.326, -0.266, 1.157
0.319, -0.258, 1.163
0.311, -0.260, 1.169
0.303, -0.251, 1.174
0.295, -0.243, 1.180
0.287, -0.235, 1.186
0.279, -0.226, 1.192
0.271, -0.218, 1.197
0.262, -0.209, 1.204
0.254, -0.201, 1.209
0.245, -0.192, 1.215
0.245, -0.182, 1.215
0.253, -0.171, 1.207
0.261, -0.161, 1.200
0.269, -0.150, 1.192
0.269, -0.141, 1.191
0.277, -0.130, 1.184
0.285, -0.120, 1.177
0.292, -0.110, 1.170
0.300, -0.100, 1.163
0.307, -0.090, 1.156
0.315, -0.080, 1.149
0.315, -0.071, 1.149
0.322, -0.062, 1.141
0.329, -0.052, 1.135
0.336, -0.043, 1.128
0.336, -0.034, 1.128
0.343, -0.025, 1.122
0.350, -0.016, 1.115
0.357, -0.007, 1.109
0.364, 0.002, 1.103
0.364, 0.011, 1.102
0.371, 0.020, 1.096
0.377, 0.028, 1.090
0.384, 0.037, 1.084
0.390, 0.045, 1.078
0.397, 0.045, 1.073
0.391, 0.037, 1.079
0.384, 0.028, 1.085
0.377, 0.020, 1.091
0.371, 0.011, 1.097
0.397, 0.036, 1.074
0.404, 0.036, 1.068
0.411, 0.028, 1.064
0.404, 0.028, 1.069
0.417, 0.028, 1.059
0.424, 0.019, 1.054
0.417, 0.019, 1.059
0.424, 0.011, 1.054
0.430, 0.010, 1.049
0.437, 0.010, 1.045
0.443, 0.002, 1.040
0.437, 0.002, 1.045
0.443, -0.006, 1.041
0.449, -0.006, 1.036
0.456, -0.014, 1.031
0.450, -0.015, 1.036
0.456, -0.023, 1.032
0.462, -0.023, 1.027
0.468, -0.022, 1.022
0.474, -0.031, 1.018
0.468, -0.031, 1.023
0.474, -0.039, 1.018
0.469, -0.047, 1.023
0.463, -0.056, 1.029
0.457, -0.064, 1.034
0.451, -0.073, 1.039
0.445, -0.082, 1.045
0.451, -0.081, 1.040
0.445, -0.090, 1.046
0.439, -0.099, 1.051
0.433, -0.108, 1.057
0.427, -0.117, 1.062
0.421, -0.126, 1.068
0.414, -0.135, 1.074
0.408, -0.145, 1.080
0.402, -0.154, 1.086
0.395, -0.164, 1.092
0.389, -0.173, 1.098
0.382, -0.183, 1.105
0.375, -0.193, 1.111
0.369, -0.203, 1.117
0.362, -0.213, 1.124
0.355, -0.224, 1.130
0.348, -0.234, 1.137
0.341, -0.245, 1.144
0.334, -0.255, 1.151
0.326, -0.257, 1.157
0.341, -0.254, 1.144
0.348, -0.243, 1.138
0.355, -0.233, 1.131
0.362, -0.223, 1.124
0.369, -0.212, 1.118
0.376, -0.202, 1.111
0.382, -0.192, 1.105
0.389, -0.182, 1.099
0.389, -0.165, 1.098
0.395, -0.155, 1.092
0.402, -0.145, 1.085
0.408, -0.136, 1.079
0.421, -0.135, 1.069
0.421, -0.117, 1.067
0.427, -0.108, 1.062
0.440, -0.107, 1.052
0.446, -0.098, 1.046
0.457, -0.072, 1.035
0.463, -0.064, 1.029
0.469, -0.055, 1.024
0.475, -0.047, 1.019
0.480, -0.039, 1.014
0.364, -0.007, 1.104
0.357, -0.016, 1.110
0.350, -0.025, 1.116
0.343, -0.034, 1.122
0.337, -0.052, 1.129
0.329, -0.061, 1.136
0.322, -0.071, 1.143
0.315, -0.090, 1.150
0.308, -0.099, 1.157
0.300, -0.109, 1.164
0.293, -0.119, 1.171
0.285, -0.130, 1.178
0.277, -0.140, 1.185
0.270, -0.160, 1.193
0.262, -0.170, 1.200
0.254, -0.181, 1.208
0.254, -0.191, 1.209
0.262, -0.200, 1.203
0.270, -0.208, 1.197
0.279, -0.217, 1.191
0.287, -0.225, 1.185
0.295, -0.234, 1.180
0.303, -0.242, 1.174
0.311, -0.250, 1.168
RegionID:6
Center:-0.349,-0.263,1.402
Normal:-0.648,0.473,-0.597
NumPatches:22
-0.338, -0.283, 1.374
-0.350, -0.295, 1.377
-0.352, -0.286, 1.387
-0.370, -0.279, 1.411
-0.372, -0.270, 1.422
-0.375, -0.261, 1.432
-0.393, -0.254, 1.457
-0.381, -0.241, 1.453
-0.365, -0.239, 1.438
-0.378, -0.251, 1.443
-0.363, -0.248, 1.428
-0.348, -0.246, 1.414
-0.333, -0.244, 1.400
-0.316, -0.250, 1.376
-0.328, -0.262, 1.380
-0.340, -0.274, 1.383
-0.355, -0.277, 1.397
-0.326, -0.271, 1.370
-0.314, -0.260, 1.367
-0.331, -0.253, 1.390
-0.303, -0.248, 1.363
-0.347, -0.304, 1.368
RegionID:7
Center:-0.378,-0.112,1.300
Normal:-0.648,0.469,-0.600
NumPatches:90
-0.445, -0.241, 1.271
-0.456, -0.252, 1.275
-0.460, -0.244, 1.286
-0.464, -0.236, 1.296
-0.468, -0.227, 1.307
-0.488, -0.221, 1.334
-0.492, -0.213, 1.346
-0.497, -0.204, 1.357
-0.484, -0.192, 1.353
-0.472, -0.181, 1.348
-0.460, -0.169, 1.344
-0.447, -0.158, 1.339
-0.451, -0.149, 1.351
-0.439, -0.137, 1.346
-0.427, -0.126, 1.342
-0.415, -0.115, 1.337
-0.403, -0.104, 1.333
-0.406, -0.094, 1.344
-0.394, -0.083, 1.340
-0.382, -0.072, 1.336
-0.370, -0.061, 1.331
-0.358, -0.050, 1.327
-0.361, -0.040, 1.338
-0.350, -0.029, 1.334
-0.352, -0.019, 1.345
-0.341, -0.008, 1.341
-0.329, 0.003, 1.336
-0.317, 0.013, 1.332
-0.305, 0.024, 1.328
-0.289, 0.013, 1.302
-0.303, 0.013, 1.317
-0.314, 0.003, 1.321
-0.326, -0.008, 1.325
-0.338, -0.019, 1.330
-0.287, 0.003, 1.291
-0.271, -0.008, 1.266
-0.284, -0.008, 1.281
-0.269, -0.018, 1.256
-0.280, -0.028, 1.260
-0.291, -0.038, 1.264
-0.302, -0.048, 1.268
-0.313, -0.059, 1.272
-0.299, -0.058, 1.258
-0.310, -0.068, 1.261
-0.321, -0.078, 1.265
-0.332, -0.089, 1.269
-0.344, -0.099, 1.273
-0.355, -0.110, 1.277
-0.366, -0.120, 1.281
-0.352, -0.119, 1.267
-0.363, -0.130, 1.271
-0.375, -0.140, 1.275
-0.386, -0.151, 1.279
-0.398, -0.162, 1.283
-0.383, -0.160, 1.268
-0.394, -0.170, 1.272
-0.406, -0.181, 1.276
-0.417, -0.192, 1.280
-0.429, -0.203, 1.284
-0.441, -0.214, 1.288
-0.425, -0.211, 1.274
-0.437, -0.222, 1.278
-0.449, -0.233, 1.282
-0.433, -0.231, 1.267
-0.414, -0.201, 1.270
-0.403, -0.190, 1.266
-0.391, -0.179, 1.262
-0.372, -0.149, 1.264
-0.360, -0.139, 1.260
-0.341, -0.109, 1.263
-0.330, -0.098, 1.259
-0.319, -0.088, 1.255
-0.308, -0.078, 1.251
-0.288, -0.048, 1.254
-0.278, -0.037, 1.250
-0.267, -0.027, 1.246
-0.347, -0.040, 1.323
-0.355, -0.061, 1.316
-0.367, -0.071, 1.320
-0.379, -0.082, 1.324
-0.391, -0.093, 1.329
-0.399, -0.114, 1.322
-0.411, -0.125, 1.326
-0.423, -0.136, 1.330
-0.435, -0.147, 1.335
-0.444, -0.167, 1.328
-0.456, -0.178, 1.332
-0.468, -0.190, 1.337
-0.480, -0.201, 1.341
-0.472, -0.219, 1.318
RegionID:8
Center:0.068,-0.095,1.077
Normal:-0.481,-0.036,-0.876
NumPatches:30
0.079, -0.049, 1.069
0.071, -0.049, 1.073
0.063, -0.050, 1.078
0.054, -0.058, 1.083
0.054, -0.050, 1.082
0.054, -0.067, 1.083
0.054, -0.076, 1.083
0.054, -0.085, 1.084
0.063, -0.093, 1.080
0.054, -0.093, 1.084
0.063, -0.102, 1.080
0.063, -0.110, 1.080
0.063, -0.119, 1.081
0.063, -0.128, 1.081
0.054, -0.137, 1.086
0.063, -0.136, 1.081
0.054, -0.146, 1.086
0.063, -0.145, 1.082
0.071, -0.144, 1.077
0.079, -0.135, 1.072
0.079, -0.126, 1.072
0.079, -0.118, 1.071
0.079, -0.109, 1.071
0.079, -0.101, 1.071
0.079, -0.092, 1.070
0.079, -0.083, 1.070
0.079, -0.075, 1.070
0.079, -0.066, 1.069
0.079, -0.058, 1.069
0.079, -0.144, 1.072
RegionID:9
Center:-0.244,-0.128,1.394
Normal:-0.647,0.471,-0.599
NumPatches:28
-0.235, -0.170, 1.351
-0.248, -0.172, 1.364
-0.250, -0.162, 1.374
-0.265, -0.154, 1.397
-0.267, -0.144, 1.407
-0.283, -0.135, 1.431
-0.286, -0.124, 1.442
-0.288, -0.113, 1.453
-0.275, -0.101, 1.449
-0.263, -0.090, 1.444
-0.247, -0.099, 1.420
-0.261, -0.100, 1.434
-0.273, -0.112, 1.438
-0.233, -0.098, 1.406
-0.218, -0.108, 1.382
-0.232, -0.109, 1.396
-0.205, -0.107, 1.369
-0.191, -0.116, 1.347
-0.202, -0.127, 1.350
-0.214, -0.138, 1.354
-0.225, -0.149, 1.357
-0.237, -0.161, 1.361
-0.252, -0.152, 1.383
-0.238, -0.151, 1.370
-0.227, -0.139, 1.367
-0.215, -0.128, 1.363
-0.204, -0.117, 1.359
-0.269, -0.133, 1.417
RegionID:10
Center:-0.367,0.219,0.764
Normal:-0.466,-0.032,-0.884
NumPatches:130
-0.309, 0.283, 0.732
-0.308, 0.288, 0.731
-0.308, 0.294, 0.731
-0.308, 0.300, 0.731
-0.308, 0.306, 0.731
-0.308, 0.311, 0.731
-0.308, 0.317, 0.730
-0.308, 0.323, 0.730
-0.308, 0.329, 0.730
-0.315, 0.336, 0.734
-0.323, 0.343, 0.737
-0.330, 0.345, 0.741
-0.338, 0.347, 0.745
-0.346, 0.349, 0.749
-0.354, 0.351, 0.753
-0.362, 0.353, 0.757
-0.370, 0.355, 0.761
-0.378, 0.356, 0.765
-0.386, 0.358, 0.769
-0.394, 0.360, 0.774
-0.403, 0.363, 0.778
-0.411, 0.364, 0.782
-0.420, 0.366, 0.786
-0.429, 0.369, 0.791
-0.437, 0.371, 0.795
-0.446, 0.366, 0.800
-0.446, 0.373, 0.800
-0.447, 0.360, 0.801
-0.438, 0.352, 0.796
-0.447, 0.354, 0.801
-0.438, 0.346, 0.797
-0.438, 0.340, 0.797
-0.438, 0.333, 0.797
-0.439, 0.327, 0.798
-0.439, 0.321, 0.798
-0.439, 0.315, 0.798
-0.439, 0.308, 0.799
-0.439, 0.302, 0.799
-0.440, 0.296, 0.800
-0.440, 0.290, 0.800
-0.431, 0.282, 0.796
-0.440, 0.283, 0.800
-0.431, 0.275, 0.796
-0.431, 0.269, 0.796
-0.432, 0.263, 0.797
-0.432, 0.257, 0.797
-0.432, 0.250, 0.797
-0.432, 0.244, 0.798
-0.433, 0.238, 0.798
-0.433, 0.231, 0.798
-0.433, 0.225, 0.799
-0.433, 0.219, 0.799
-0.433, 0.213, 0.800
-0.434, 0.206, 0.800
-0.425, 0.199, 0.796
-0.434, 0.200, 0.800
-0.425, 0.193, 0.796
-0.425, 0.186, 0.796
-0.425, 0.180, 0.797
-0.435, 0.175, 0.802
-0.426, 0.174, 0.797
-0.426, 0.167, 0.797
-0.426, 0.161, 0.798
-0.426, 0.155, 0.798
-0.426, 0.148, 0.798
-0.427, 0.142, 0.799
-0.427, 0.136, 0.799
-0.427, 0.130, 0.800
-0.427, 0.123, 0.800
-0.427, 0.117, 0.800
-0.428, 0.111, 0.801
-0.428, 0.104, 0.801
-0.428, 0.098, 0.802
-0.428, 0.091, 0.802
-0.419, 0.085, 0.797
-0.428, 0.085, 0.802
-0.411, 0.084, 0.793
-0.402, 0.084, 0.788
-0.393, 0.083, 0.783
-0.385, 0.083, 0.779
-0.376, 0.082, 0.774
-0.368, 0.082, 0.770
-0.360, 0.081, 0.765
-0.352, 0.081, 0.761
-0.344, 0.080, 0.757
-0.336, 0.080, 0.752
-0.328, 0.085, 0.748
-0.320, 0.085, 0.744
-0.328, 0.079, 0.748
-0.320, 0.073, 0.745
-0.312, 0.084, 0.740
-0.305, 0.084, 0.736
-0.297, 0.089, 0.731
-0.297, 0.095, 0.731
-0.297, 0.101, 0.731
-0.297, 0.107, 0.731
-0.296, 0.112, 0.730
-0.296, 0.118, 0.730
-0.296, 0.124, 0.730
-0.296, 0.130, 0.730
-0.296, 0.136, 0.729
-0.296, 0.141, 0.729
-0.296, 0.147, 0.729
-0.303, 0.154, 0.733
-0.303, 0.160, 0.732
-0.303, 0.165, 0.732
-0.303, 0.171, 0.732
-0.303, 0.177, 0.732
-0.303, 0.183, 0.732
-0.303, 0.189, 0.731
-0.303, 0.194, 0.731
-0.303, 0.200, 0.731
-0.303, 0.206, 0.731
-0.302, 0.212, 0.730
-0.310, 0.219, 0.734
-0.310, 0.225, 0.734
-0.310, 0.230, 0.734
-0.309, 0.236, 0.733
-0.309, 0.242, 0.733
-0.309, 0.248, 0.733
-0.309, 0.254, 0.733
-0.309, 0.259, 0.732
-0.309, 0.265, 0.732
-0.309, 0.271, 0.732
-0.309, 0.277, 0.732
-0.302, 0.218, 0.730
-0.296, 0.153, 0.729
-0.297, 0.083, 0.732
-0.315, 0.342, 0.733
-0.308, 0.334, 0.730
RegionID:11
Center:-0.254,0.087,0.786
Normal:0.903,0.048,-0.428
NumPatches:33
-0.277, 0.108, 0.741
-0.277, 0.102, 0.740
-0.277, 0.096, 0.740
-0.276, 0.090, 0.739
-0.280, 0.084, 0.733
-0.276, 0.084, 0.739
-0.273, 0.085, 0.746
-0.270, 0.086, 0.753
-0.273, 0.079, 0.746
-0.270, 0.080, 0.753
-0.273, 0.073, 0.745
-0.269, 0.074, 0.752
-0.266, 0.081, 0.760
-0.266, 0.087, 0.761
-0.263, 0.088, 0.768
-0.259, 0.088, 0.776
-0.263, 0.081, 0.768
-0.259, 0.082, 0.775
-0.255, 0.089, 0.784
-0.252, 0.090, 0.791
-0.255, 0.083, 0.783
-0.252, 0.084, 0.791
-0.248, 0.085, 0.799
-0.244, 0.086, 0.808
-0.240, 0.086, 0.816
-0.236, 0.087, 0.825
-0.232, 0.088, 0.834
-0.227, 0.089, 0.843
-0.223, 0.090, 0.852
-0.219, 0.091, 0.862
-0.214, 0.092, 0.871
-0.210, 0.086, 0.880
-0.214, 0.085, 0.871
RegionID:12
Center:-0.277,0.177,0.896
Normal:-0.470,-0.035,-0.882
NumPatches:53
-0.236, 0.204, 0.873
-0.235, 0.211, 0.872
-0.235, 0.218, 0.872
-0.244, 0.226, 0.876
-0.252, 0.227, 0.880
-0.260, 0.228, 0.885
-0.268, 0.229, 0.889
-0.277, 0.231, 0.894
-0.286, 0.225, 0.898
-0.294, 0.226, 0.903
-0.303, 0.227, 0.908
-0.312, 0.228, 0.912
-0.321, 0.222, 0.917
-0.330, 0.230, 0.922
-0.321, 0.229, 0.917
-0.321, 0.215, 0.918
-0.321, 0.207, 0.918
-0.321, 0.200, 0.918
-0.322, 0.193, 0.919
-0.322, 0.186, 0.919
-0.322, 0.178, 0.920
-0.322, 0.171, 0.920
-0.322, 0.164, 0.920
-0.322, 0.157, 0.921
-0.322, 0.149, 0.921
-0.323, 0.142, 0.922
-0.314, 0.134, 0.917
-0.323, 0.135, 0.922
-0.314, 0.127, 0.917
-0.305, 0.126, 0.913
-0.296, 0.125, 0.908
-0.287, 0.125, 0.903
-0.279, 0.124, 0.899
-0.270, 0.123, 0.894
-0.262, 0.123, 0.890
-0.253, 0.122, 0.885
-0.245, 0.122, 0.881
-0.237, 0.128, 0.876
-0.236, 0.135, 0.876
-0.236, 0.142, 0.875
-0.236, 0.149, 0.875
-0.236, 0.156, 0.875
-0.236, 0.163, 0.874
-0.236, 0.170, 0.874
-0.236, 0.177, 0.874
-0.236, 0.183, 0.873
-0.236, 0.190, 0.873
-0.236, 0.197, 0.873
-0.228, 0.203, 0.869
-0.237, 0.121, 0.876
-0.286, 0.232, 0.898
-0.235, 0.232, 0.871
-0.235, 0.225, 0.872
RegionID:13
Center:-0.263,0.231,0.781
Normal:0.894,0.050,-0.445
NumPatches:68
-0.221, 0.252, 0.870
-0.226, 0.257, 0.861
-0.230, 0.254, 0.852
-0.234, 0.251, 0.843
-0.239, 0.255, 0.834
-0.243, 0.253, 0.826
-0.247, 0.250, 0.817
-0.251, 0.248, 0.809
-0.255, 0.252, 0.801
-0.259, 0.249, 0.793
-0.262, 0.247, 0.785
-0.266, 0.244, 0.778
-0.270, 0.248, 0.771
-0.273, 0.246, 0.763
-0.277, 0.243, 0.756
-0.280, 0.241, 0.749
-0.283, 0.233, 0.742
-0.284, 0.239, 0.742
-0.284, 0.245, 0.743
-0.284, 0.251, 0.743
-0.284, 0.257, 0.744
-0.281, 0.260, 0.750
-0.277, 0.256, 0.757
-0.280, 0.254, 0.750
-0.274, 0.258, 0.764
-0.270, 0.261, 0.771
-0.266, 0.257, 0.779
-0.270, 0.254, 0.771
-0.266, 0.251, 0.778
-0.263, 0.259, 0.786
-0.259, 0.262, 0.794
-0.255, 0.258, 0.801
-0.259, 0.256, 0.794
-0.251, 0.261, 0.810
-0.247, 0.263, 0.818
-0.251, 0.254, 0.809
-0.247, 0.257, 0.817
-0.243, 0.259, 0.826
-0.239, 0.262, 0.834
-0.234, 0.265, 0.843
-0.230, 0.268, 0.852
-0.234, 0.258, 0.843
-0.226, 0.271, 0.862
-0.221, 0.273, 0.871
-0.221, 0.266, 0.871
-0.221, 0.259, 0.870
-0.283, 0.227, 0.742
-0.286, 0.219, 0.734
-0.283, 0.221, 0.741
-0.283, 0.215, 0.741
-0.283, 0.209, 0.740
-0.283, 0.203, 0.740
-0.282, 0.197, 0.740
-0.282, 0.191, 0.739
-0.285, 0.183, 0.732
-0.282, 0.185, 0.739
-0.285, 0.177, 0.732
-0.282, 0.179, 0.738
-0.282, 0.173, 0.738
-0.282, 0.167, 0.738
-0.282, 0.161, 0.737
-0.281, 0.155, 0.737
-0.281, 0.149, 0.736
-0.281, 0.143, 0.736
-0.281, 0.137, 0.736
-0.281, 0.131, 0.735
-0.281, 0.125, 0.735
-0.281, 0.119, 0.735
RegionID:14
Center:0.034,0.334,0.900
Normal:-0.768,-0.557,-0.316
NumPatches:72
-0.027, 0.415, 0.906
-0.020, 0.407, 0.904
-0.013, 0.402, 0.894
-0.020, 0.403, 0.911
-0.020, 0.399, 0.919
-0.013, 0.390, 0.916
-0.020, 0.395, 0.926
-0.013, 0.386, 0.924
-0.013, 0.382, 0.931
-0.013, 0.377, 0.939
-0.006, 0.369, 0.936
-0.013, 0.373, 0.947
-0.006, 0.364, 0.944
-0.006, 0.360, 0.952
-0.006, 0.355, 0.960
0.002, 0.346, 0.957
-0.006, 0.351, 0.969
0.002, 0.342, 0.966
0.002, 0.337, 0.974
0.002, 0.332, 0.983
0.010, 0.323, 0.980
0.002, 0.327, 0.992
0.010, 0.318, 0.989
0.018, 0.309, 0.985
0.010, 0.313, 0.998
0.025, 0.306, 0.973
0.033, 0.302, 0.962
0.040, 0.293, 0.959
0.033, 0.297, 0.970
0.047, 0.290, 0.947
0.055, 0.281, 0.944
0.048, 0.285, 0.955
0.062, 0.278, 0.933
0.069, 0.270, 0.930
0.062, 0.273, 0.941
0.075, 0.267, 0.919
0.081, 0.269, 0.902
0.081, 0.274, 0.895
0.080, 0.279, 0.887
0.079, 0.283, 0.880
0.079, 0.288, 0.873
0.078, 0.293, 0.866
0.077, 0.297, 0.860
0.077, 0.302, 0.853
0.076, 0.307, 0.847
0.070, 0.314, 0.849
0.069, 0.319, 0.843
0.069, 0.323, 0.837
0.068, 0.327, 0.831
0.062, 0.335, 0.833
0.061, 0.339, 0.827
0.061, 0.343, 0.821
0.054, 0.351, 0.824
0.048, 0.354, 0.832
0.042, 0.362, 0.834
0.035, 0.366, 0.843
0.029, 0.374, 0.845
0.022, 0.377, 0.854
0.016, 0.381, 0.863
0.009, 0.389, 0.866
0.002, 0.394, 0.875
-0.005, 0.398, 0.884
0.015, 0.385, 0.857
0.035, 0.370, 0.837
0.048, 0.358, 0.826
0.060, 0.347, 0.816
0.068, 0.331, 0.825
0.076, 0.311, 0.840
0.082, 0.264, 0.909
0.076, 0.262, 0.928
0.082, 0.258, 0.917
0.089, 0.256, 0.906
RegionID:15
Center:0.159,0.345,0.969
Normal:-0.218,0.693,-0.687
NumPatches:30
0.144, 0.310, 0.938
0.136, 0.300, 0.931
0.137, 0.311, 0.942
0.139, 0.322, 0.952
0.141, 0.333, 0.963
0.142, 0.345, 0.975
0.137, 0.358, 0.990
0.138, 0.371, 1.002
0.140, 0.383, 1.014
0.147, 0.382, 1.010
0.155, 0.380, 1.006
0.160, 0.366, 0.991
0.153, 0.368, 0.994
0.144, 0.357, 0.986
0.168, 0.365, 0.987
0.175, 0.364, 0.983
0.180, 0.350, 0.968
0.171, 0.340, 0.961
0.162, 0.330, 0.953
0.153, 0.320, 0.946
0.146, 0.321, 0.949
0.160, 0.318, 0.942
0.169, 0.329, 0.950
0.178, 0.339, 0.957
0.173, 0.352, 0.972
0.187, 0.349, 0.965
0.194, 0.348, 0.961
0.185, 0.338, 0.954
0.192, 0.336, 0.950
0.201, 0.347, 0.958
RegionID:16
Center:-0.282,0.363,0.891
Normal:-0.462,-0.032,-0.887
NumPatches:52
-0.243, 0.302, 0.873
-0.251, 0.303, 0.877
-0.259, 0.312, 0.881
-0.267, 0.313, 0.885
-0.276, 0.315, 0.890
-0.284, 0.324, 0.894
-0.293, 0.325, 0.898
-0.302, 0.327, 0.903
-0.310, 0.336, 0.907
-0.319, 0.337, 0.912
-0.328, 0.339, 0.916
-0.328, 0.346, 0.916
-0.328, 0.353, 0.915
-0.328, 0.361, 0.915
-0.336, 0.370, 0.919
-0.336, 0.377, 0.919
-0.336, 0.384, 0.919
-0.336, 0.391, 0.918
-0.336, 0.398, 0.918
-0.336, 0.406, 0.918
-0.327, 0.404, 0.913
-0.318, 0.401, 0.908
-0.309, 0.407, 0.904
-0.300, 0.405, 0.899
-0.309, 0.400, 0.904
-0.292, 0.403, 0.895
-0.283, 0.408, 0.890
-0.275, 0.406, 0.886
-0.283, 0.401, 0.890
-0.266, 0.404, 0.882
-0.258, 0.409, 0.877
-0.250, 0.407, 0.873
-0.258, 0.402, 0.877
-0.242, 0.405, 0.869
-0.242, 0.398, 0.869
-0.242, 0.391, 0.869
-0.242, 0.384, 0.870
-0.242, 0.378, 0.870
-0.242, 0.371, 0.870
-0.242, 0.364, 0.870
-0.242, 0.357, 0.871
-0.242, 0.350, 0.871
-0.242, 0.343, 0.871
-0.242, 0.336, 0.871
-0.242, 0.330, 0.872
-0.242, 0.323, 0.872
-0.242, 0.316, 0.872
-0.251, 0.310, 0.877
-0.243, 0.309, 0.873
-0.327, 0.368, 0.915
-0.301, 0.334, 0.902
-0.276, 0.322, 0.889
RegionID:17
Center:0.180,0.406,0.959
Normal:-0.769,-0.550,-0.327
NumPatches:41
0.208, 0.368, 0.955
0.202, 0.372, 0.963
0.195, 0.380, 0.966
0.189, 0.384, 0.974
0.183, 0.387, 0.983
0.177, 0.391, 0.992
0.169, 0.400, 0.994
0.163, 0.403, 1.003
0.156, 0.407, 1.013
0.148, 0.416, 1.015
0.141, 0.420, 1.025
0.140, 0.426, 1.018
0.140, 0.431, 1.011
0.146, 0.427, 1.002
0.152, 0.428, 0.987
0.157, 0.429, 0.972
0.164, 0.425, 0.963
0.158, 0.424, 0.978
0.153, 0.423, 0.993
0.169, 0.427, 0.949
0.175, 0.423, 0.941
0.170, 0.422, 0.955
0.180, 0.424, 0.927
0.185, 0.426, 0.914
0.190, 0.422, 0.906
0.186, 0.421, 0.919
0.181, 0.420, 0.933
0.196, 0.419, 0.899
0.197, 0.414, 0.904
0.198, 0.409, 0.910
0.199, 0.404, 0.915
0.201, 0.399, 0.921
0.202, 0.394, 0.926
0.203, 0.389, 0.932
0.204, 0.384, 0.937
0.205, 0.379, 0.943
0.201, 0.377, 0.957
0.207, 0.374, 0.949
0.214, 0.365, 0.947
0.155, 0.412, 1.006
0.175, 0.396, 0.986
RegionID:18
Center:0.296,0.443,1.024
Normal:-0.217,0.691,-0.690
NumPatches:18
0.319, 0.440, 1.015
0.312, 0.442, 1.018
0.301, 0.430, 1.010
0.291, 0.419, 1.002
0.284, 0.421, 1.006
0.273, 0.409, 0.997
0.277, 0.422, 1.009
0.280, 0.435, 1.022
0.283, 0.449, 1.034
0.287, 0.463, 1.047
0.291, 0.477, 1.061
0.294, 0.461, 1.043
0.301, 0.459, 1.039
0.308, 0.457, 1.035
0.315, 0.456, 1.031
0.305, 0.444, 1.022
0.294, 0.432, 1.014
0.322, 0.454, 1.027
