NumRegions:19
RegionID:0
Center:0.027,0.022,1.452
Normal:0.000,-0.441,-0.897
NumPatches:915
-1.062, -0.880, 1.904
-1.078, -0.880, 1.904
-1.093, -0.880, 1.904
-1.108, -0.880, 1.904
-1.123, -0.880, 1.904
-1.139, -0.880, 1.904
-1.154, -0.880, 1.904
-1.169, -0.880, 1.904
-1.184, -0.880, 1.904
-1.178, -0.860, 1.894
-1.172, -0.840, 1.884
-1.165, -0.821, 1.874
-1.159, -0.801, 1.864
-1.153, -0.782, 1.854
-1.147, -0.763, 1.844
-1.141, -0.745, 1.835
-1.135, -0.726, 1.825
-1.129, -0.708, 1.816
-1.124, -0.690, 1.807
-1.118, -0.672, 1.797
-1.112, -0.654, 1.788
-1.107, -0.637, 1.779
-1.101, -0.620, 1.770
-1.096, -0.602, 1.762
-1.090, -0.585, 1.753
-1.085, -0.569, 1.744
-1.079, -0.552, 1.736
-1.074, -0.535, 1.727
-1.069, -0.519, 1.719
-1.064, -0.503, 1.711
-1.059, -0.487, 1.702
-1.054, -0.471, 1.694
-1.049, -0.455, 1.686
-1.044, -0.440, 1.679
-1.039, -0.424, 1.671
-1.034, -0.409, 1.663
-1.029, -0.394, 1.655
-1.025, -0.379, 1.648
-1.020, -0.364, 1.640
-1.016, -0.349, 1.633
-1.011, -0.335, 1.626
-1.006, -0.320, 1.618
-1.002, -0.306, 1.611
-0.998, -0.292, 1.604
-0.993, -0.278, 1.597
-0.989, -0.264, 1.590
-0.985, -0.250, 1.583
-0.980, -0.236, 1.576
-0.976, -0.223, 1.569
-0.972, -0.209, 1.562
-0.968, -0.196, 1.556
-0.964, -0.183, 1.550
-0.959, -0.170, 1.543
-0.956, -0.157, 1.536
-0.951, -0.144, 1.530
-0.948, -0.131, 1.524
-0.944, -0.118, 1.517
-0.940, -0.106, 1.510
-0.936, -0.093, 1.505
-0.932, -0.081, 1.499
-0.928, -0.069, 1.493
-0.925, -0.056, 1.487
-0.921, -0.044, 1.481
-0.917, -0.032, 1.475
-0.913, -0.021, 1.469
-0.910, -0.009, 1.464
-0.907, 0.003, 1.458
-0.903, 0.015, 1.451
-0.900, 0.026, 1.447
-0.896, 0.037, 1.441
-0.893, 0.049, 1.435
-0.889, 0.060, 1.430
-0.886, 0.071, 1.424
-0.882, 0.082, 1.418
-0.879, 0.093, 1.414
-0.876, 0.104, 1.408
-0.873, 0.115, 1.403
-0.869, 0.126, 1.398
-0.866, 0.136, 1.392
-0.863, 0.147, 1.388
-0.860, 0.158, 1.383
-0.857, 0.168, 1.378
-0.854, 0.178, 1.373
-0.851, 0.189, 1.368
-0.847, 0.199, 1.363
-0.845, 0.209, 1.358
-0.842, 0.219, 1.353
-0.838, 0.229, 1.348
-0.836, 0.239, 1.344
-0.833, 0.249, 1.339
-0.830, 0.259, 1.334
-0.827, 0.269, 1.330
-0.824, 0.278, 1.325
-0.821, 0.288, 1.321
-0.819, 0.297, 1.316
-0.816, 0.307, 1.312
-0.813, 0.316, 1.307
-0.810, 0.326, 1.303
-0.807, 0.335, 1.298
-0.805, 0.344, 1.294
-0.802, 0.353, 1.290
-0.800, 0.363, 1.286
-0.797, 0.371, 1.281
-0.794, 0.381, 1.277
-0.792, 0.390, 1.273
-0.789, 0.398, 1.269
-0.787, 0.407, 1.265
-0.784, 0.416, 1.261
-0.782, 0.425, 1.257
-0.779, 0.434, 1.253
-0.777, 0.442, 1.249
-0.774, 0.451, 1.245
-0.772, 0.459, 1.241
-0.769, 0.468, 1.237
-0.767, 0.476, 1.234
-0.765, 0.485, 1.230
-0.763, 0.493, 1.226
-0.760, 0.501, 1.222
-0.758, 0.509, 1.219
-0.756, 0.518, 1.215
-0.753, 0.526, 1.211
-0.751, 0.534, 1.207
-0.749, 0.542, 1.204
-0.747, 0.550, 1.201
-0.745, 0.558, 1.197
-0.735, 0.558, 1.197
-0.725, 0.558, 1.197
-0.716, 0.558, 1.197
-0.706, 0.558, 1.197
-0.697, 0.558, 1.197
-0.687, 0.558, 1.197
-0.678, 0.558, 1.197
-0.668, 0.558, 1.197
-0.658, 0.558, 1.197
-0.649, 0.558, 1.197
-0.639, 0.558, 1.197
-0.630, 0.558, 1.197
-0.620, 0.558, 1.197
-0.610, 0.558, 1.197
-0.601, 0.558, 1.197
-0.591, 0.558, 1.197
-0.582, 0.558, 1.197
-0.572, 0.558, 1.197
-0.563, 0.558, 1.197
-0.553, 0.558, 1.197
-0.543, 0.558, 1.197
-0.534, 0.558, 1.197
-0.524, 0.558, 1.197
-0.515, 0.558, 1.197
-0.505, 0.558, 1.197
-0.496, 0.558, 1.197
-0.486, 0.558, 1.197
-0.476, 0.558, 1.197
-0.467, 0.558, 1.197
-0.457, 0.558, 1.197
-0.448, 0.558, 1.197
-0.439, 0.550, 1.201
-0.449, 0.550, 1.201
-0.441, 0.542, 1.204
-0.432, 0.534, 1.207
-0.442, 0.534, 1.207
-0.434, 0.526, 1.211
-0.425, 0.518, 1.215
-0.435, 0.518, 1.215
-0.426, 0.509, 1.219
-0.418, 0.501, 1.222
-0.428, 0.501, 1.222
-0.408, 0.501, 1.222
-0.400, 0.493, 1.226
-0.409, 0.493, 1.226
-0.390, 0.493, 1.226
-0.381, 0.485, 1.230
-0.391, 0.485, 1.230
-0.382, 0.476, 1.234
-0.373, 0.476, 1.234
-0.363, 0.476, 1.234
-0.353, 0.476, 1.234
-0.344, 0.468, 1.237
-0.354, 0.468, 1.237
-0.334, 0.468, 1.237
-0.325, 0.459, 1.241
-0.335, 0.459, 1.241
-0.315, 0.459, 1.241
-0.305, 0.459, 1.241
-0.295, 0.459, 1.241
-0.285, 0.468, 1.237
-0.275, 0.468, 1.237
-0.285, 0.459, 1.241
-0.264, 0.476, 1.234
-0.254, 0.476, 1.234
-0.265, 0.468, 1.237
-0.244, 0.485, 1.230
-0.234, 0.485, 1.230
-0.244, 0.476, 1.234
-0.223, 0.493, 1.226
-0.213, 0.501, 1.222
-0.203, 0.501, 1.222
-0.213, 0.493, 1.226
-0.224, 0.485, 1.230
-0.193, 0.509, 1.219
-0.183, 0.509, 1.219
-0.193, 0.501, 1.222
-0.173, 0.518, 1.215
-0.163, 0.518, 1.215
-0.173, 0.509, 1.219
-0.153, 0.526, 1.211
-0.143, 0.526, 1.211
-0.153, 0.518, 1.215
-0.133, 0.534, 1.207
-0.123, 0.534, 1.207
-0.133, 0.526, 1.211
-0.113, 0.542, 1.204
-0.103, 0.550, 1.201
-0.094, 0.550, 1.201
-0.104, 0.542, 1.204
-0.114, 0.534, 1.207
-0.084, 0.558, 1.197
-0.074, 0.558, 1.197
-0.084, 0.550, 1.201
-0.065, 0.558, 1.197
-0.055, 0.558, 1.197
-0.045, 0.558, 1.197
-0.036, 0.558, 1.197
-0.026, 0.558, 1.197
-0.017, 0.558, 1.197
-0.007, 0.558, 1.197
0.002, 0.558, 1.197
0.012, 0.558, 1.197
0.022, 0.558, 1.197
0.031, 0.558, 1.197
0.041, 0.558, 1.197
0.050, 0.558, 1.197
0.060, 0.558, 1.197
0.069, 0.558, 1.197
0.079, 0.558, 1.197
0.089, 0.558, 1.197
0.098, 0.558, 1.197
0.108, 0.558, 1.197
0.117, 0.558, 1.197
0.127, 0.558, 1.197
0.136, 0.558, 1.197
0.146, 0.558, 1.197
0.156, 0.558, 1.197
0.165, 0.558, 1.197
0.175, 0.558, 1.197
0.184, 0.558, 1.197
0.194, 0.558, 1.197
0.203, 0.558, 1.197
0.213, 0.558, 1.197
0.223, 0.558, 1.197
0.232, 0.558, 1.197
0.242, 0.558, 1.197
0.251, 0.558, 1.197
0.261, 0.558, 1.197
0.271, 0.558, 1.197
0.280, 0.558, 1.197
0.290, 0.558, 1.197
0.299, 0.558, 1.197
0.309, 0.558, 1.197
0.318, 0.558, 1.197
0.328, 0.558, 1.197
0.338, 0.558, 1.197
0.347, 0.558, 1.197
0.357, 0.558, 1.197
0.366, 0.558, 1.197
0.376, 0.558, 1.197
0.385, 0.558, 1.197
0.395, 0.558, 1.197
0.406, 0.550, 1.201
0.396, 0.550, 1.201
0.407, 0.542, 1.204
0.417, 0.542, 1.204
0.427, 0.534, 1.207
0.418, 0.534, 1.207
0.429, 0.526, 1.211
0.440, 0.518, 1.215
0.430, 0.518, 1.215
0.450, 0.518, 1.215
0.461, 0.509, 1.219
0.451, 0.509, 1.219
0.470, 0.509, 1.219
0.481, 0.501, 1.222
0.472, 0.501, 1.222
0.491, 0.501, 1.222
0.503, 0.493, 1.226
0.493, 0.493, 1.226
0.512, 0.493, 1.226
0.524, 0.485, 1.230
0.514, 0.485, 1.230
0.534, 0.485, 1.230
0.545, 0.476, 1.234
0.535, 0.476, 1.234
0.555, 0.476, 1.234
0.567, 0.468, 1.237
0.557, 0.468, 1.237
0.576, 0.468, 1.237
0.586, 0.468, 1.237
0.598, 0.459, 1.241
0.588, 0.459, 1.241
0.608, 0.459, 1.241
0.618, 0.459, 1.241
0.628, 0.459, 1.241
0.636, 0.468, 1.237
0.644, 0.476, 1.234
0.654, 0.476, 1.234
0.646, 0.468, 1.237
0.638, 0.459, 1.241
0.662, 0.485, 1.230
0.669, 0.493, 1.226
0.677, 0.501, 1.222
0.685, 0.509, 1.219
0.693, 0.518, 1.215
0.700, 0.526, 1.211
0.710, 0.526, 1.211
0.702, 0.518, 1.215
0.695, 0.509, 1.219
0.687, 0.501, 1.222
0.679, 0.493, 1.226
0.672, 0.485, 1.230
0.664, 0.476, 1.234
0.717, 0.534, 1.207
0.725, 0.542, 1.204
0.732, 0.550, 1.201
0.740, 0.558, 1.197
0.749, 0.558, 1.197
0.742, 0.550, 1.201
0.734, 0.542, 1.204
0.727, 0.534, 1.207
0.719, 0.526, 1.211
0.752, 0.550, 1.201
0.754, 0.542, 1.204
0.756, 0.534, 1.207
0.758, 0.526, 1.211
0.761, 0.518, 1.215
0.763, 0.509, 1.219
0.765, 0.501, 1.222
0.767, 0.493, 1.226
0.770, 0.485, 1.230
0.772, 0.476, 1.234
0.774, 0.468, 1.237
0.777, 0.459, 1.241
0.779, 0.451, 1.245
0.782, 0.442, 1.249
0.784, 0.434, 1.253
0.787, 0.425, 1.257
0.789, 0.416, 1.261
0.792, 0.407, 1.265
0.794, 0.398, 1.269
0.797, 0.390, 1.273
0.799, 0.381, 1.277
0.802, 0.371, 1.281
0.805, 0.363, 1.286
0.808, 0.353, 1.290
0.810, 0.344, 1.294
0.813, 0.335, 1.298
0.816, 0.326, 1.303
0.818, 0.316, 1.307
0.821, 0.307, 1.312
0.824, 0.297, 1.316
0.827, 0.288, 1.321
0.829, 0.278, 1.325
0.832, 0.269, 1.330
0.835, 0.259, 1.334
0.838, 0.249, 1.339
0.841, 0.239, 1.344
0.844, 0.229, 1.348
0.847, 0.219, 1.353
0.850, 0.209, 1.358
0.853, 0.199, 1.363
0.856, 0.189, 1.368
0.859, 0.178, 1.373
0.862, 0.168, 1.378
0.865, 0.158, 1.383
0.869, 0.147, 1.388
0.872, 0.136, 1.392
0.875, 0.126, 1.398
0.878, 0.115, 1.403
0.881, 0.104, 1.408
0.885, 0.093, 1.414
0.888, 0.082, 1.418
0.891, 0.071, 1.424
0.895, 0.060, 1.430
0.898, 0.049, 1.435
0.902, 0.037, 1.441
0.906, 0.026, 1.447
0.909, 0.015, 1.451
0.912, 0.003, 1.458
0.916, -0.009, 1.464
0.919, -0.021, 1.469
0.923, -0.032, 1.475
0.927, -0.044, 1.481
0.931, -0.056, 1.487
0.934, -0.069, 1.493
0.938, -0.081, 1.499
0.942, -0.093, 1.505
0.946, -0.106, 1.510
0.950, -0.118, 1.517
0.954, -0.131, 1.524
0.957, -0.144, 1.530
0.962, -0.157, 1.536
0.966, -0.170, 1.543
0.970, -0.183, 1.550
0.974, -0.196, 1.556
0.978, -0.209, 1.562
0.982, -0.223, 1.569
0.987, -0.236, 1.576
0.991, -0.250, 1.583
0.995, -0.264, 1.590
1.000, -0.278, 1.597
1.004, -0.292, 1.604
1.008, -0.306, 1.611
1.013, -0.320, 1.618
1.018, -0.335, 1.626
1.022, -0.349, 1.633
1.027, -0.364, 1.640
1.032, -0.379, 1.648
1.036, -0.394, 1.655
1.041, -0.409, 1.663
1.046, -0.424, 1.671
1.051, -0.440, 1.679
1.055, -0.455, 1.686
1.060, -0.471, 1.694
1.065, -0.487, 1.702
1.071, -0.503, 1.711
1.076, -0.519, 1.719
1.081, -0.535, 1.727
1.086, -0.552, 1.736
1.092, -0.569, 1.744
1.097, -0.585, 1.753
1.103, -0.602, 1.762
1.108, -0.620, 1.770
1.114, -0.637, 1.779
1.119, -0.654, 1.788
1.125, -0.672, 1.797
1.131, -0.690, 1.807
1.137, -0.708, 1.816
1.142, -0.726, 1.825
1.148, -0.745, 1.835
1.154, -0.763, 1.844
1.160, -0.782, 1.854
1.167, -0.801, 1.864
1.173, -0.821, 1.874
1.179, -0.840, 1.884
1.185, -0.860, 1.894
1.177, -0.880, 1.904
1.161, -0.880, 1.904
1.146, -0.880, 1.904
1.131, -0.880, 1.904
1.116, -0.880, 1.904
1.101, -0.880, 1.904
1.085, -0.880, 1.904
1.070, -0.880, 1.904
1.055, -0.880, 1.904
1.040, -0.880, 1.904
1.024, -0.880, 1.904
1.009, -0.880, 1.904
0.994, -0.880, 1.904
0.979, -0.880, 1.904
0.963, -0.880, 1.904
0.948, -0.880, 1.904
0.933, -0.880, 1.904
0.918, -0.880, 1.904
0.902, -0.880, 1.904
0.887, -0.880, 1.904
0.872, -0.880, 1.904
0.857, -0.880, 1.904
0.842, -0.880, 1.904
0.826, -0.880, 1.904
0.811, -0.880, 1.904
0.796, -0.880, 1.904
0.781, -0.880, 1.904
0.765, -0.880, 1.904
0.750, -0.880, 1.904
0.735, -0.880, 1.904
0.720, -0.880, 1.904
0.704, -0.880, 1.904
0.689, -0.880, 1.904
0.674, -0.880, 1.904
0.659, -0.880, 1.904
0.644, -0.880, 1.904
0.628, -0.880, 1.904
0.613, -0.880, 1.904
0.598, -0.880, 1.904
0.583, -0.880, 1.904
0.567, -0.880, 1.904
0.552, -0.880, 1.904
0.537, -0.880, 1.904
0.522, -0.880, 1.904
0.534, -0.860, 1.894
0.546, -0.840, 1.884
0.558, -0.821, 1.874
0.555, -0.801, 1.864
0.552, -0.782, 1.854
0.550, -0.763, 1.844
0.547, -0.745, 1.835
0.529, -0.726, 1.825
0.526, -0.708, 1.816
0.524, -0.690, 1.807
0.521, -0.672, 1.797
0.519, -0.654, 1.788
0.516, -0.637, 1.779
0.513, -0.620, 1.770
0.511, -0.602, 1.762
0.508, -0.585, 1.753
0.506, -0.569, 1.744
0.503, -0.552, 1.736
0.501, -0.535, 1.727
0.499, -0.519, 1.719
0.496, -0.503, 1.711
0.494, -0.487, 1.702
0.491, -0.471, 1.694
0.489, -0.455, 1.686
0.473, -0.440, 1.679
0.460, -0.440, 1.679
0.444, -0.424, 1.671
0.429, -0.409, 1.663
0.416, -0.409, 1.663
0.401, -0.394, 1.655
0.386, -0.379, 1.648
0.372, -0.379, 1.648
0.358, -0.364, 1.640
0.343, -0.349, 1.633
0.330, -0.349, 1.633
0.315, -0.335, 1.626
0.301, -0.320, 1.618
0.288, -0.320, 1.618
0.275, -0.320, 1.618
0.262, -0.320, 1.618
0.249, -0.320, 1.618
0.237, -0.335, 1.626
0.225, -0.349, 1.633
0.213, -0.364, 1.640
0.201, -0.379, 1.648
0.189, -0.394, 1.655
0.175, -0.394, 1.655
0.163, -0.409, 1.663
0.150, -0.424, 1.671
0.138, -0.440, 1.679
0.125, -0.455, 1.686
0.112, -0.471, 1.694
0.111, -0.455, 1.686
0.124, -0.440, 1.679
0.137, -0.424, 1.671
0.150, -0.409, 1.663
0.162, -0.394, 1.655
0.112, -0.487, 1.702
0.113, -0.503, 1.711
0.113, -0.519, 1.719
0.114, -0.535, 1.727
0.115, -0.552, 1.736
0.115, -0.569, 1.744
0.130, -0.585, 1.753
0.116, -0.585, 1.753
0.130, -0.602, 1.762
0.131, -0.620, 1.770
0.132, -0.637, 1.779
0.147, -0.654, 1.788
0.132, -0.654, 1.788
0.147, -0.672, 1.797
0.148, -0.690, 1.807
0.149, -0.708, 1.816
0.164, -0.726, 1.825
0.150, -0.726, 1.825
0.165, -0.745, 1.835
0.151, -0.763, 1.844
0.136, -0.763, 1.844
0.122, -0.763, 1.844
0.107, -0.763, 1.844
0.093, -0.782, 1.854
0.078, -0.801, 1.864
0.064, -0.821, 1.874
0.049, -0.840, 1.884
0.034, -0.860, 1.894
0.019, -0.880, 1.904
0.004, -0.880, 1.904
-0.011, -0.880, 1.904
-0.027, -0.880, 1.904
-0.042, -0.880, 1.904
-0.057, -0.880, 1.904
-0.072, -0.880, 1.904
-0.088, -0.880, 1.904
-0.103, -0.880, 1.904
-0.118, -0.880, 1.904
-0.133, -0.880, 1.904
-0.149, -0.880, 1.904
-0.164, -0.880, 1.904
-0.179, -0.880, 1.904
-0.194, -0.880, 1.904
-0.209, -0.880, 1.904
-0.225, -0.880, 1.904
-0.240, -0.880, 1.904
-0.255, -0.880, 1.904
-0.270, -0.880, 1.904
-0.286, -0.880, 1.904
-0.301, -0.880, 1.904
-0.316, -0.880, 1.904
-0.331, -0.880, 1.904
-0.347, -0.880, 1.904
-0.362, -0.880, 1.904
-0.377, -0.880, 1.904
-0.392, -0.880, 1.904
-0.407, -0.880, 1.904
-0.423, -0.880, 1.904
-0.438, -0.880, 1.904
-0.453, -0.880, 1.904
-0.468, -0.880, 1.904
-0.484, -0.880, 1.904
-0.499, -0.880, 1.904
-0.514, -0.880, 1.904
-0.529, -0.880, 1.904
-0.545, -0.880, 1.904
-0.560, -0.880, 1.904
-0.575, -0.880, 1.904
-0.590, -0.880, 1.904
-0.605, -0.880, 1.904
-0.621, -0.880, 1.904
-0.636, -0.880, 1.904
-0.651, -0.880, 1.904
-0.632, -0.860, 1.894
-0.614, -0.840, 1.884
-0.611, -0.821, 1.874
-0.593, -0.801, 1.864
-0.575, -0.782, 1.854
-0.557, -0.763, 1.844
-0.539, -0.745, 1.835
-0.522, -0.726, 1.825
-0.519, -0.708, 1.816
-0.502, -0.690, 1.807
-0.485, -0.672, 1.797
-0.468, -0.654, 1.788
-0.452, -0.637, 1.779
-0.435, -0.620, 1.770
-0.433, -0.602, 1.762
-0.417, -0.585, 1.753
-0.401, -0.569, 1.744
-0.385, -0.552, 1.736
-0.370, -0.535, 1.727
-0.354, -0.519, 1.719
-0.352, -0.503, 1.711
-0.340, -0.519, 1.719
-0.356, -0.535, 1.727
-0.371, -0.552, 1.736
-0.387, -0.569, 1.744
-0.403, -0.585, 1.753
-0.419, -0.602, 1.762
-0.342, -0.535, 1.727
-0.328, -0.535, 1.727
-0.316, -0.552, 1.736
-0.330, -0.552, 1.736
-0.317, -0.569, 1.744
-0.303, -0.569, 1.744
-0.291, -0.585, 1.753
-0.305, -0.585, 1.753
-0.292, -0.602, 1.762
-0.278, -0.602, 1.762
-0.264, -0.602, 1.762
-0.251, -0.620, 1.770
-0.266, -0.620, 1.770
-0.253, -0.637, 1.779
-0.238, -0.637, 1.779
-0.224, -0.637, 1.779
-0.210, -0.637, 1.779
-0.196, -0.637, 1.779
-0.181, -0.637, 1.779
-0.166, -0.620, 1.770
-0.152, -0.620, 1.770
-0.167, -0.637, 1.779
-0.137, -0.602, 1.762
-0.123, -0.602, 1.762
-0.138, -0.620, 1.770
-0.109, -0.602, 1.762
-0.095, -0.585, 1.753
-0.081, -0.585, 1.753
-0.095, -0.602, 1.762
-0.067, -0.585, 1.753
-0.052, -0.569, 1.744
-0.038, -0.569, 1.744
-0.053, -0.585, 1.753
-0.024, -0.552, 1.736
-0.010, -0.552, 1.736
-0.024, -0.569, 1.744
0.003, -0.535, 1.727
0.017, -0.535, 1.727
0.003, -0.552, 1.736
0.031, -0.535, 1.727
0.045, -0.519, 1.719
0.058, -0.503, 1.711
0.058, -0.487, 1.702
0.058, -0.471, 1.694
0.057, -0.455, 1.686
0.057, -0.440, 1.679
0.057, -0.424, 1.671
0.057, -0.409, 1.663
0.056, -0.394, 1.655
0.043, -0.379, 1.648
0.043, -0.364, 1.640
0.042, -0.349, 1.633
0.042, -0.335, 1.626
0.042, -0.320, 1.618
0.042, -0.306, 1.611
0.042, -0.292, 1.604
0.042, -0.278, 1.597
0.041, -0.264, 1.590
0.041, -0.250, 1.583
0.028, -0.236, 1.576
0.028, -0.223, 1.569
0.016, -0.209, 1.562
0.003, -0.196, 1.556
-0.009, -0.183, 1.550
-0.022, -0.170, 1.543
-0.022, -0.157, 1.536
-0.034, -0.144, 1.530
-0.046, -0.131, 1.524
-0.058, -0.118, 1.517
-0.069, -0.106, 1.510
-0.081, -0.093, 1.505
-0.093, -0.081, 1.499
-0.104, -0.069, 1.493
-0.104, -0.056, 1.487
-0.115, -0.044, 1.481
-0.127, -0.032, 1.475
-0.138, -0.021, 1.469
-0.138, -0.009, 1.464
-0.149, 0.003, 1.458
-0.160, 0.015, 1.451
-0.171, 0.026, 1.447
-0.170, 0.037, 1.441
-0.181, 0.049, 1.435
-0.192, 0.060, 1.430
-0.203, 0.060, 1.430
-0.202, 0.071, 1.424
-0.213, 0.082, 1.418
-0.223, 0.093, 1.414
-0.234, 0.104, 1.408
-0.245, 0.104, 1.408
-0.256, 0.104, 1.408
-0.269, 0.093, 1.414
-0.280, 0.093, 1.414
-0.292, 0.082, 1.418
-0.305, 0.071, 1.424
-0.316, 0.071, 1.424
-0.329, 0.060, 1.430
-0.340, 0.060, 1.430
-0.352, 0.060, 1.430
-0.364, 0.049, 1.435
-0.376, 0.049, 1.435
-0.389, 0.037, 1.441
-0.402, 0.026, 1.447
-0.414, 0.026, 1.447
-0.427, 0.015, 1.451
-0.438, 0.015, 1.451
-0.452, 0.003, 1.458
-0.463, 0.003, 1.458
-0.477, -0.009, 1.464
-0.490, -0.021, 1.469
-0.504, -0.032, 1.475
-0.492, -0.032, 1.475
-0.506, -0.044, 1.481
-0.508, -0.056, 1.487
-0.522, -0.069, 1.493
-0.510, -0.069, 1.493
-0.524, -0.081, 1.499
-0.527, -0.093, 1.505
-0.541, -0.106, 1.510
-0.555, -0.118, 1.517
-0.570, -0.131, 1.524
-0.584, -0.144, 1.530
-0.599, -0.157, 1.536
-0.614, -0.170, 1.543
-0.629, -0.183, 1.550
-0.644, -0.196, 1.556
-0.659, -0.209, 1.562
-0.647, -0.209, 1.562
-0.662, -0.223, 1.569
-0.678, -0.236, 1.576
-0.693, -0.250, 1.583
-0.709, -0.264, 1.590
-0.725, -0.278, 1.597
-0.712, -0.278, 1.597
-0.728, -0.292, 1.604
-0.744, -0.306, 1.611
-0.760, -0.320, 1.618
-0.777, -0.335, 1.626
-0.794, -0.349, 1.633
-0.781, -0.349, 1.633
-0.797, -0.364, 1.640
-0.814, -0.379, 1.648
-0.831, -0.394, 1.655
-0.848, -0.409, 1.663
-0.866, -0.424, 1.671
-0.852, -0.424, 1.671
-0.869, -0.440, 1.679
-0.887, -0.455, 1.686
-0.905, -0.471, 1.694
-0.922, -0.487, 1.702
-0.941, -0.503, 1.711
-0.927, -0.503, 1.711
-0.945, -0.519, 1.719
-0.964, -0.535, 1.727
-0.950, -0.535, 1.727
-0.968, -0.552, 1.736
-0.973, -0.569, 1.744
-0.978, -0.585, 1.753
-0.983, -0.602, 1.762
-0.988, -0.620, 1.770
-0.993, -0.637, 1.779
-0.998, -0.654, 1.788
-1.003, -0.672, 1.797
-1.008, -0.690, 1.807
-1.013, -0.708, 1.816
-1.018, -0.726, 1.825
-1.024, -0.745, 1.835
-1.029, -0.763, 1.844
-1.034, -0.782, 1.854
-1.040, -0.801, 1.864
-1.045, -0.821, 1.874
-1.051, -0.840, 1.884
-1.057, -0.860, 1.894
-0.909, -0.487, 1.702
-0.891, -0.471, 1.694
-0.873, -0.455, 1.686
-0.835, -0.409, 1.663
-0.818, -0.394, 1.655
-0.801, -0.379, 1.648
-0.764, -0.335, 1.626
-0.748, -0.320, 1.618
-0.731, -0.306, 1.611
-0.696, -0.264, 1.590
-0.681, -0.250, 1.583
-0.665, -0.236, 1.576
-0.632, -0.196, 1.556
-0.617, -0.183, 1.550
-0.612, -0.157, 1.536
-0.597, -0.144, 1.530
-0.582, -0.131, 1.524
-0.568, -0.118, 1.517
-0.553, -0.106, 1.510
-0.529, -0.106, 1.510
-0.489, -0.009, 1.464
-0.475, 0.003, 1.458
-0.450, 0.015, 1.451
-0.425, 0.026, 1.447
-0.400, 0.037, 1.441
-0.387, 0.049, 1.435
-0.363, 0.060, 1.430
-0.328, 0.071, 1.424
-0.304, 0.082, 1.418
-0.291, 0.093, 1.414
-0.268, 0.104, 1.408
-0.222, 0.104, 1.408
-0.212, 0.093, 1.414
-0.201, 0.082, 1.418
-0.180, 0.060, 1.430
-0.169, 0.049, 1.435
-0.159, 0.026, 1.447
-0.148, 0.015, 1.451
-0.137, 0.003, 1.458
-0.126, -0.021, 1.469
-0.115, -0.032, 1.475
-0.104, -0.044, 1.481
-0.093, -0.069, 1.493
-0.081, -0.081, 1.499
-0.069, -0.093, 1.505
-0.057, -0.106, 1.510
-0.046, -0.118, 1.517
-0.034, -0.131, 1.524
-0.021, -0.144, 1.530
-0.009, -0.170, 1.543
0.003, -0.183, 1.550
0.016, -0.196, 1.556
0.028, -0.209, 1.562
0.041, -0.236, 1.576
0.056, -0.379, 1.648
0.058, -0.519, 1.719
0.045, -0.535, 1.727
-0.438, -0.637, 1.779
-0.454, -0.654, 1.788
-0.471, -0.672, 1.797
-0.488, -0.690, 1.807
-0.505, -0.708, 1.816
-0.525, -0.745, 1.835
-0.542, -0.763, 1.844
-0.560, -0.782, 1.854
-0.578, -0.801, 1.864
-0.596, -0.821, 1.874
-0.617, -0.860, 1.894
0.034, -0.880, 1.904
0.049, -0.860, 1.894
0.064, -0.840, 1.884
0.079, -0.821, 1.874
0.093, -0.801, 1.864
0.092, -0.763, 1.844
0.152, -0.782, 1.854
0.166, -0.763, 1.844
0.167, -0.782, 1.854
0.183, -0.801, 1.864
0.168, -0.801, 1.864
0.188, -0.379, 1.648
0.200, -0.364, 1.640
0.212, -0.349, 1.633
0.224, -0.335, 1.626
0.236, -0.320, 1.618
0.314, -0.320, 1.618
0.328, -0.335, 1.626
0.356, -0.349, 1.633
0.371, -0.364, 1.640
0.399, -0.379, 1.648
0.414, -0.394, 1.655
0.442, -0.409, 1.663
0.458, -0.424, 1.671
0.487, -0.440, 1.679
0.544, -0.726, 1.825
0.561, -0.840, 1.884
0.549, -0.860, 1.894
1.192, -0.880, 1.904
RegionID:1
Center:0.186,-0.521,1.299
Normal:-0.771,-0.503,-0.390
NumPatches:49
0.126, -0.419, 1.286
0.135, -0.427, 1.277
0.145, -0.434, 1.268
0.139, -0.459, 1.312
0.137, -0.443, 1.294
0.146, -0.450, 1.285
0.154, -0.441, 1.259
0.148, -0.466, 1.302
0.150, -0.483, 1.320
0.153, -0.501, 1.338
0.155, -0.518, 1.357
0.164, -0.525, 1.347
0.157, -0.537, 1.377
0.167, -0.544, 1.366
0.169, -0.563, 1.386
0.172, -0.582, 1.406
0.181, -0.589, 1.395
0.174, -0.602, 1.427
0.184, -0.609, 1.416
0.191, -0.595, 1.385
0.198, -0.583, 1.355
0.207, -0.589, 1.345
0.201, -0.602, 1.374
0.210, -0.608, 1.364
0.216, -0.595, 1.335
0.225, -0.602, 1.325
0.219, -0.615, 1.354
0.228, -0.621, 1.344
0.231, -0.589, 1.298
0.228, -0.571, 1.280
0.225, -0.553, 1.263
0.216, -0.547, 1.273
0.213, -0.530, 1.256
0.211, -0.513, 1.240
0.208, -0.497, 1.224
0.205, -0.481, 1.208
0.197, -0.475, 1.217
0.189, -0.468, 1.225
0.180, -0.461, 1.233
0.171, -0.455, 1.242
0.163, -0.448, 1.250
0.161, -0.432, 1.235
0.169, -0.439, 1.226
0.178, -0.446, 1.218
0.186, -0.452, 1.210
0.195, -0.459, 1.202
0.203, -0.466, 1.194
0.222, -0.536, 1.247
0.234, -0.608, 1.316
RegionID:2
Center:-0.454,-0.438,1.053
Normal:0.625,0.777,-0.067
NumPatches:34
-0.462, -0.426, 1.116
-0.467, -0.423, 1.107
-0.468, -0.424, 1.088
-0.468, -0.426, 1.070
-0.469, -0.427, 1.052
-0.469, -0.428, 1.034
-0.470, -0.429, 1.017
-0.470, -0.430, 1.000
-0.465, -0.433, 1.008
-0.466, -0.434, 0.991
-0.461, -0.437, 0.998
-0.456, -0.440, 1.006
-0.452, -0.444, 1.013
-0.447, -0.447, 1.021
-0.442, -0.450, 1.028
-0.437, -0.454, 1.036
-0.436, -0.453, 1.054
-0.440, -0.449, 1.064
-0.444, -0.444, 1.074
-0.449, -0.440, 1.084
-0.453, -0.436, 1.095
-0.458, -0.431, 1.105
-0.431, -0.456, 1.062
-0.427, -0.461, 1.052
-0.428, -0.461, 1.034
-0.433, -0.457, 1.026
-0.423, -0.465, 1.041
-0.465, -0.432, 1.024
-0.465, -0.431, 1.041
-0.464, -0.430, 1.060
-0.473, -0.421, 1.080
-0.472, -0.420, 1.099
-0.472, -0.418, 1.118
-0.467, -0.422, 1.127
RegionID:3
Center:-0.404,-0.423,1.080
Normal:-0.653,0.480,-0.586
NumPatches:20
-0.396, -0.438, 1.059
-0.405, -0.448, 1.061
-0.408, -0.442, 1.069
-0.411, -0.437, 1.077
-0.427, -0.436, 1.095
-0.430, -0.430, 1.103
-0.433, -0.424, 1.111
-0.437, -0.419, 1.120
-0.423, -0.415, 1.109
-0.410, -0.410, 1.098
-0.398, -0.406, 1.087
-0.385, -0.402, 1.076
-0.370, -0.404, 1.058
-0.380, -0.414, 1.061
-0.389, -0.423, 1.063
-0.399, -0.433, 1.066
-0.414, -0.432, 1.084
-0.386, -0.429, 1.056
-0.377, -0.419, 1.053
-0.382, -0.408, 1.068
RegionID:4
Center:-0.441,-0.268,0.993
Normal:-0.651,0.475,-0.592
NumPatches:113
-0.379, -0.130, 1.035
-0.388, -0.139, 1.038
-0.385, -0.146, 1.029
-0.394, -0.155, 1.032
-0.404, -0.164, 1.036
-0.414, -0.173, 1.039
-0.400, -0.170, 1.026
-0.410, -0.179, 1.030
-0.420, -0.188, 1.033
-0.429, -0.197, 1.037
-0.439, -0.206, 1.041
-0.425, -0.203, 1.028
-0.435, -0.212, 1.031
-0.445, -0.221, 1.035
-0.455, -0.230, 1.038
-0.465, -0.240, 1.042
-0.475, -0.249, 1.045
-0.485, -0.258, 1.049
-0.470, -0.255, 1.036
-0.480, -0.264, 1.039
-0.490, -0.273, 1.043
-0.500, -0.283, 1.046
-0.510, -0.292, 1.050
-0.521, -0.301, 1.054
-0.506, -0.298, 1.041
-0.516, -0.307, 1.044
-0.526, -0.316, 1.048
-0.536, -0.326, 1.051
-0.546, -0.335, 1.055
-0.557, -0.345, 1.059
-0.541, -0.341, 1.045
-0.552, -0.350, 1.049
-0.547, -0.355, 1.039
-0.542, -0.360, 1.030
-0.537, -0.365, 1.020
-0.532, -0.370, 1.011
-0.527, -0.375, 1.002
-0.522, -0.379, 0.993
-0.518, -0.384, 0.985
-0.499, -0.384, 0.964
-0.509, -0.393, 0.967
-0.513, -0.388, 0.976
-0.495, -0.388, 0.956
-0.504, -0.397, 0.959
-0.486, -0.379, 0.953
-0.490, -0.375, 0.961
-0.494, -0.370, 0.969
-0.485, -0.361, 0.966
-0.476, -0.353, 0.963
-0.467, -0.344, 0.960
-0.457, -0.335, 0.957
-0.462, -0.330, 0.966
-0.452, -0.321, 0.963
-0.443, -0.313, 0.960
-0.434, -0.304, 0.956
-0.438, -0.299, 0.965
-0.429, -0.290, 0.962
-0.420, -0.282, 0.959
-0.411, -0.273, 0.956
-0.402, -0.265, 0.953
-0.406, -0.259, 0.961
-0.397, -0.251, 0.958
-0.388, -0.243, 0.955
-0.379, -0.234, 0.952
-0.370, -0.226, 0.949
-0.373, -0.220, 0.957
-0.365, -0.212, 0.955
-0.356, -0.204, 0.951
-0.347, -0.195, 0.949
-0.338, -0.187, 0.946
-0.341, -0.181, 0.954
-0.333, -0.173, 0.951
-0.347, -0.169, 0.970
-0.362, -0.164, 0.990
-0.375, -0.166, 1.002
-0.391, -0.162, 1.023
-0.381, -0.153, 1.020
-0.378, -0.160, 1.010
-0.350, -0.162, 0.978
-0.336, -0.167, 0.959
-0.321, -0.171, 0.940
-0.330, -0.179, 0.942
-0.336, -0.193, 0.938
-0.344, -0.201, 0.941
-0.353, -0.209, 0.944
-0.362, -0.218, 0.947
-0.367, -0.232, 0.941
-0.376, -0.240, 0.944
-0.384, -0.248, 0.947
-0.393, -0.256, 0.950
-0.399, -0.270, 0.945
-0.407, -0.279, 0.948
-0.416, -0.287, 0.951
-0.425, -0.296, 0.954
-0.431, -0.309, 0.949
-0.440, -0.318, 0.951
-0.449, -0.326, 0.954
-0.454, -0.340, 0.949
-0.463, -0.348, 0.952
-0.472, -0.357, 0.955
-0.481, -0.366, 0.958
-0.531, -0.331, 1.042
-0.521, -0.322, 1.038
-0.511, -0.312, 1.035
-0.496, -0.288, 1.037
-0.486, -0.279, 1.033
-0.476, -0.270, 1.030
-0.460, -0.246, 1.032
-0.451, -0.237, 1.029
-0.441, -0.228, 1.025
-0.431, -0.219, 1.022
-0.416, -0.195, 1.024
-0.406, -0.186, 1.021
RegionID:5
Center:0.219,-0.363,1.247
Normal:-0.202,0.830,-0.520
NumPatches:65
0.308, -0.352, 1.231
0.296, -0.360, 1.223
0.285, -0.367, 1.216
0.273, -0.374, 1.208
0.262, -0.382, 1.201
0.251, -0.389, 1.194
0.240, -0.396, 1.186
0.229, -0.403, 1.179
0.218, -0.410, 1.172
0.207, -0.417, 1.165
0.200, -0.412, 1.177
0.192, -0.406, 1.188
0.185, -0.401, 1.200
0.177, -0.395, 1.213
0.169, -0.390, 1.225
0.160, -0.390, 1.227
0.151, -0.384, 1.240
0.143, -0.378, 1.253
0.134, -0.372, 1.266
0.135, -0.365, 1.277
0.146, -0.357, 1.285
0.158, -0.349, 1.293
0.168, -0.348, 1.291
0.156, -0.356, 1.282
0.145, -0.364, 1.274
0.144, -0.371, 1.263
0.153, -0.378, 1.250
0.161, -0.384, 1.237
0.179, -0.340, 1.299
0.191, -0.332, 1.308
0.203, -0.324, 1.316
0.215, -0.315, 1.325
0.227, -0.307, 1.334
0.235, -0.314, 1.319
0.225, -0.315, 1.322
0.213, -0.323, 1.313
0.201, -0.331, 1.305
0.189, -0.340, 1.296
0.178, -0.348, 1.288
0.233, -0.322, 1.308
0.243, -0.321, 1.305
0.253, -0.320, 1.302
0.260, -0.327, 1.289
0.251, -0.328, 1.291
0.270, -0.327, 1.286
0.277, -0.333, 1.272
0.268, -0.334, 1.275
0.275, -0.341, 1.262
0.285, -0.340, 1.259
0.292, -0.346, 1.246
0.282, -0.347, 1.249
0.301, -0.346, 1.244
0.298, -0.353, 1.233
0.287, -0.360, 1.226
0.275, -0.368, 1.218
0.264, -0.375, 1.211
0.253, -0.383, 1.203
0.242, -0.390, 1.196
0.231, -0.397, 1.189
0.220, -0.404, 1.182
0.209, -0.411, 1.175
0.202, -0.406, 1.186
0.194, -0.400, 1.198
0.186, -0.394, 1.210
0.178, -0.389, 1.222
RegionID:6
Center:-0.352,-0.312,1.041
Normal:0.627,0.775,-0.080
NumPatches:27
-0.326, -0.334, 1.026
-0.331, -0.331, 1.016
-0.340, -0.324, 1.018
-0.345, -0.321, 1.008
-0.350, -0.318, 0.999
-0.355, -0.315, 0.990
-0.363, -0.308, 0.992
-0.367, -0.303, 1.004
-0.367, -0.301, 1.025
-0.366, -0.299, 1.047
-0.366, -0.297, 1.070
-0.365, -0.295, 1.094
-0.370, -0.290, 1.108
-0.360, -0.298, 1.105
-0.361, -0.300, 1.081
-0.362, -0.302, 1.058
-0.362, -0.304, 1.035
-0.363, -0.306, 1.013
-0.359, -0.310, 1.002
-0.356, -0.303, 1.092
-0.352, -0.308, 1.078
-0.347, -0.313, 1.065
-0.338, -0.321, 1.062
-0.343, -0.318, 1.053
-0.334, -0.325, 1.050
-0.335, -0.327, 1.028
-0.330, -0.330, 1.038
RegionID:7
Center:-0.147,-0.189,0.905
Normal:0.082,-0.622,-0.779
NumPatches:137
-0.054, -0.304, 1.007
-0.062, -0.304, 1.007
-0.071, -0.314, 1.014
-0.079, -0.314, 1.013
-0.087, -0.314, 1.012
-0.096, -0.324, 1.019
-0.104, -0.324, 1.018
-0.112, -0.323, 1.017
-0.121, -0.334, 1.025
-0.128, -0.323, 1.015
-0.135, -0.312, 1.005
-0.143, -0.311, 1.004
-0.149, -0.300, 0.995
-0.156, -0.290, 0.985
-0.162, -0.279, 0.976
-0.168, -0.269, 0.967
-0.174, -0.259, 0.958
-0.182, -0.258, 0.957
-0.188, -0.249, 0.949
-0.194, -0.239, 0.940
-0.199, -0.229, 0.932
-0.205, -0.220, 0.924
-0.211, -0.211, 0.916
-0.218, -0.210, 0.915
-0.223, -0.201, 0.907
-0.228, -0.192, 0.899
-0.234, -0.184, 0.892
-0.239, -0.175, 0.885
-0.244, -0.167, 0.877
-0.249, -0.158, 0.870
-0.255, -0.158, 0.869
-0.260, -0.150, 0.862
-0.265, -0.142, 0.856
-0.270, -0.134, 0.849
-0.274, -0.126, 0.842
-0.266, -0.119, 0.837
-0.260, -0.119, 0.838
-0.268, -0.126, 0.843
-0.263, -0.134, 0.850
-0.259, -0.142, 0.856
-0.254, -0.150, 0.863
-0.251, -0.112, 0.833
-0.245, -0.112, 0.834
-0.253, -0.119, 0.839
-0.237, -0.104, 0.829
-0.231, -0.105, 0.830
-0.239, -0.112, 0.835
-0.223, -0.097, 0.825
-0.216, -0.097, 0.826
-0.224, -0.105, 0.830
-0.208, -0.090, 0.821
-0.202, -0.090, 0.822
-0.210, -0.098, 0.826
-0.194, -0.083, 0.817
-0.188, -0.083, 0.818
-0.196, -0.090, 0.822
-0.180, -0.076, 0.813
-0.174, -0.076, 0.814
-0.182, -0.083, 0.818
-0.167, -0.070, 0.809
-0.160, -0.070, 0.810
-0.168, -0.077, 0.814
-0.154, -0.070, 0.810
-0.149, -0.077, 0.816
-0.155, -0.077, 0.816
-0.150, -0.084, 0.822
-0.143, -0.084, 0.823
-0.138, -0.091, 0.829
-0.144, -0.091, 0.828
-0.139, -0.098, 0.835
-0.132, -0.099, 0.835
-0.126, -0.106, 0.842
-0.133, -0.106, 0.841
-0.127, -0.114, 0.848
-0.120, -0.114, 0.848
-0.115, -0.121, 0.855
-0.121, -0.121, 0.854
-0.115, -0.129, 0.861
-0.109, -0.129, 0.862
-0.102, -0.137, 0.869
-0.109, -0.137, 0.868
-0.103, -0.145, 0.875
-0.096, -0.145, 0.876
-0.090, -0.154, 0.883
-0.097, -0.153, 0.882
-0.091, -0.162, 0.889
-0.084, -0.170, 0.897
-0.091, -0.170, 0.896
-0.085, -0.179, 0.904
-0.078, -0.179, 0.904
-0.071, -0.188, 0.912
-0.078, -0.188, 0.911
-0.072, -0.197, 0.919
-0.064, -0.197, 0.920
-0.058, -0.206, 0.928
-0.065, -0.206, 0.927
-0.058, -0.215, 0.935
-0.051, -0.215, 0.936
-0.043, -0.225, 0.945
-0.051, -0.225, 0.944
-0.044, -0.234, 0.952
-0.036, -0.234, 0.953
-0.029, -0.244, 0.962
-0.037, -0.244, 0.961
-0.029, -0.254, 0.970
-0.021, -0.254, 0.971
-0.014, -0.264, 0.980
-0.022, -0.264, 0.979
-0.014, -0.275, 0.988
-0.022, -0.285, 0.995
-0.030, -0.284, 0.994
-0.038, -0.294, 1.001
-0.046, -0.294, 1.000
-0.054, -0.294, 0.999
-0.038, -0.284, 0.993
-0.014, -0.285, 0.996
-0.006, -0.275, 0.989
-0.242, -0.158, 0.871
-0.237, -0.167, 0.878
-0.232, -0.175, 0.885
-0.227, -0.184, 0.893
-0.221, -0.193, 0.900
-0.216, -0.202, 0.908
-0.204, -0.211, 0.917
-0.198, -0.220, 0.925
-0.192, -0.229, 0.933
-0.186, -0.239, 0.941
-0.180, -0.249, 0.949
-0.167, -0.259, 0.959
-0.161, -0.269, 0.968
-0.154, -0.279, 0.977
-0.148, -0.290, 0.986
-0.141, -0.301, 0.995
-0.127, -0.312, 1.006
-0.120, -0.323, 1.016
-0.095, -0.313, 1.011
-0.070, -0.304, 1.006
RegionID:8
Center:-0.303,-0.290,1.076
Normal:-0.650,0.479,-0.590
NumPatches:31
-0.272, -0.296, 1.036
-0.281, -0.305, 1.039
-0.290, -0.315, 1.041
-0.299, -0.324, 1.044
-0.312, -0.321, 1.062
-0.314, -0.314, 1.069
-0.316, -0.308, 1.077
-0.331, -0.305, 1.095
-0.333, -0.298, 1.103
-0.336, -0.291, 1.112
-0.338, -0.284, 1.120
-0.353, -0.280, 1.139
-0.343, -0.270, 1.136
-0.331, -0.268, 1.125
-0.341, -0.277, 1.128
-0.328, -0.275, 1.117
-0.316, -0.272, 1.105
-0.304, -0.269, 1.095
-0.293, -0.267, 1.084
-0.279, -0.271, 1.066
-0.291, -0.273, 1.076
-0.268, -0.268, 1.056
-0.255, -0.272, 1.039
-0.264, -0.281, 1.041
-0.273, -0.290, 1.044
-0.283, -0.299, 1.046
-0.291, -0.308, 1.049
-0.301, -0.318, 1.052
-0.275, -0.284, 1.051
-0.266, -0.275, 1.049
-0.319, -0.301, 1.085
RegionID:9
Center:-0.227,-0.039,0.884
Normal:-0.481,0.705,-0.520
NumPatches:70
-0.276, -0.100, 0.846
-0.285, -0.101, 0.854
-0.279, -0.094, 0.857
-0.283, -0.089, 0.868
-0.287, -0.083, 0.880
-0.291, -0.077, 0.892
-0.285, -0.070, 0.896
-0.289, -0.064, 0.908
-0.293, -0.057, 0.920
-0.287, -0.050, 0.924
-0.291, -0.043, 0.937
-0.295, -0.036, 0.950
-0.288, -0.029, 0.955
-0.278, -0.028, 0.945
-0.284, -0.036, 0.941
-0.272, -0.021, 0.950
-0.261, -0.021, 0.940
-0.268, -0.028, 0.936
-0.255, -0.013, 0.945
-0.249, -0.006, 0.949
-0.239, -0.006, 0.940
-0.245, -0.013, 0.936
-0.252, -0.020, 0.932
-0.232, 0.002, 0.944
-0.222, 0.002, 0.935
-0.229, -0.006, 0.931
-0.216, 0.009, 0.939
-0.207, 0.009, 0.930
-0.213, 0.002, 0.926
-0.200, 0.017, 0.934
-0.191, 0.017, 0.925
-0.197, 0.009, 0.921
-0.184, 0.024, 0.929
-0.175, 0.024, 0.921
-0.182, 0.017, 0.917
-0.173, 0.016, 0.908
-0.170, 0.009, 0.896
-0.168, 0.002, 0.885
-0.174, -0.005, 0.881
-0.166, -0.005, 0.873
-0.172, -0.012, 0.870
-0.170, -0.019, 0.859
-0.168, -0.025, 0.848
-0.166, -0.032, 0.837
-0.164, -0.038, 0.827
-0.170, -0.044, 0.823
-0.175, -0.051, 0.820
-0.184, -0.051, 0.827
-0.189, -0.058, 0.824
-0.198, -0.058, 0.831
-0.204, -0.065, 0.827
-0.212, -0.065, 0.834
-0.218, -0.071, 0.831
-0.226, -0.072, 0.838
-0.232, -0.078, 0.835
-0.241, -0.079, 0.842
-0.247, -0.086, 0.839
-0.255, -0.086, 0.846
-0.261, -0.093, 0.843
-0.270, -0.093, 0.850
-0.265, -0.087, 0.853
-0.250, -0.080, 0.849
-0.235, -0.073, 0.845
-0.220, -0.066, 0.842
-0.206, -0.059, 0.838
-0.192, -0.052, 0.834
-0.178, -0.045, 0.830
-0.162, -0.044, 0.817
-0.283, -0.057, 0.912
-0.281, -0.076, 0.884
RegionID:10
Center:0.226,0.027,0.829
Normal:0.214,-0.051,-0.975
NumPatches:186
0.085, 0.040, 0.798
0.085, 0.033, 0.798
0.085, 0.027, 0.798
0.078, 0.021, 0.797
0.085, 0.021, 0.798
0.078, 0.014, 0.797
0.078, 0.008, 0.798
0.072, 0.002, 0.796
0.078, 0.002, 0.798
0.072, -0.005, 0.797
0.078, -0.005, 0.798
0.072, -0.011, 0.797
0.078, -0.011, 0.799
0.085, -0.011, 0.799
0.091, -0.011, 0.801
0.098, -0.011, 0.803
0.105, -0.018, 0.805
0.098, -0.018, 0.803
0.111, -0.018, 0.806
0.118, -0.024, 0.808
0.125, -0.024, 0.809
0.131, -0.024, 0.811
0.138, -0.024, 0.812
0.145, -0.024, 0.814
0.138, -0.031, 0.812
0.145, -0.031, 0.814
0.152, -0.031, 0.816
0.158, -0.031, 0.817
0.165, -0.038, 0.819
0.172, -0.038, 0.821
0.179, -0.038, 0.822
0.186, -0.038, 0.824
0.193, -0.045, 0.826
0.186, -0.044, 0.824
0.200, -0.045, 0.827
0.207, -0.045, 0.829
0.214, -0.045, 0.830
0.207, -0.051, 0.829
0.214, -0.051, 0.831
0.221, -0.045, 0.831
0.228, -0.038, 0.833
0.228, -0.032, 0.833
0.235, -0.025, 0.834
0.235, -0.018, 0.834
0.235, -0.012, 0.833
0.242, -0.005, 0.834
0.242, 0.002, 0.834
0.242, 0.008, 0.834
0.249, 0.015, 0.835
0.249, 0.022, 0.834
0.248, 0.028, 0.834
0.256, 0.035, 0.835
0.255, 0.042, 0.835
0.255, 0.048, 0.835
0.262, 0.055, 0.836
0.262, 0.062, 0.835
0.262, 0.068, 0.835
0.262, 0.075, 0.835
0.262, 0.082, 0.834
0.262, 0.088, 0.834
0.254, 0.095, 0.831
0.247, 0.095, 0.830
0.240, 0.094, 0.829
0.233, 0.101, 0.827
0.226, 0.101, 0.825
0.219, 0.107, 0.824
0.212, 0.107, 0.822
0.205, 0.107, 0.821
0.198, 0.106, 0.819
0.191, 0.113, 0.817
0.184, 0.113, 0.816
0.177, 0.119, 0.814
0.171, 0.119, 0.812
0.164, 0.118, 0.811
0.157, 0.125, 0.809
0.150, 0.124, 0.808
0.144, 0.124, 0.806
0.137, 0.130, 0.805
0.130, 0.130, 0.803
0.123, 0.130, 0.802
0.117, 0.123, 0.801
0.110, 0.117, 0.799
0.110, 0.123, 0.799
0.117, 0.130, 0.800
0.117, 0.136, 0.800
0.123, 0.136, 0.802
0.110, 0.110, 0.799
0.104, 0.104, 0.799
0.110, 0.104, 0.800
0.104, 0.097, 0.799
0.104, 0.091, 0.799
0.097, 0.085, 0.798
0.104, 0.085, 0.799
0.097, 0.078, 0.799
0.104, 0.078, 0.799
0.097, 0.072, 0.799
0.091, 0.065, 0.798
0.097, 0.065, 0.799
0.091, 0.059, 0.798
0.091, 0.053, 0.798
0.164, 0.125, 0.811
0.184, 0.119, 0.816
0.198, 0.113, 0.819
0.205, 0.113, 0.820
0.240, 0.101, 0.829
0.262, 0.095, 0.834
0.269, 0.082, 0.836
0.276, 0.089, 0.837
0.283, 0.089, 0.839
0.276, 0.082, 0.837
0.269, 0.075, 0.836
0.276, 0.075, 0.838
0.269, 0.069, 0.837
0.269, 0.062, 0.837
0.270, 0.055, 0.837
0.262, 0.048, 0.836
0.263, 0.042, 0.836
0.263, 0.035, 0.837
0.256, 0.028, 0.836
0.256, 0.022, 0.836
0.256, 0.015, 0.836
0.249, 0.008, 0.835
0.249, 0.002, 0.836
0.249, -0.005, 0.836
0.242, -0.012, 0.835
0.242, -0.018, 0.835
0.242, -0.025, 0.836
0.235, -0.032, 0.834
0.235, -0.038, 0.835
0.228, -0.045, 0.834
0.221, -0.052, 0.832
0.228, -0.052, 0.834
0.235, -0.045, 0.835
0.236, -0.052, 0.836
0.243, -0.059, 0.838
0.236, -0.058, 0.836
0.250, -0.059, 0.839
0.257, -0.059, 0.841
0.265, -0.066, 0.843
0.257, -0.066, 0.841
0.272, -0.066, 0.844
0.279, -0.073, 0.846
0.286, -0.073, 0.848
0.294, -0.073, 0.850
0.301, -0.073, 0.851
0.309, -0.080, 0.853
0.316, -0.080, 0.855
0.324, -0.081, 0.857
0.331, -0.088, 0.859
0.339, -0.088, 0.861
0.347, -0.088, 0.862
0.354, -0.088, 0.864
0.362, -0.095, 0.866
0.354, -0.095, 0.864
0.370, -0.095, 0.868
0.377, -0.096, 0.870
0.385, -0.089, 0.871
0.283, 0.082, 0.839
0.291, 0.082, 0.840
0.298, 0.082, 0.842
0.305, 0.083, 0.844
0.313, 0.076, 0.845
0.305, 0.076, 0.844
0.320, 0.076, 0.847
0.328, 0.070, 0.849
0.320, 0.069, 0.848
0.335, 0.070, 0.851
0.343, 0.070, 0.852
0.350, 0.063, 0.855
0.343, 0.063, 0.853
0.358, 0.063, 0.856
0.365, 0.063, 0.858
0.373, 0.057, 0.860
0.365, 0.057, 0.858
0.381, 0.057, 0.862
0.389, 0.050, 0.864
0.396, 0.050, 0.865
0.404, 0.050, 0.867
0.412, 0.043, 0.869
0.420, 0.044, 0.871
0.428, 0.044, 0.873
0.420, 0.037, 0.871
0.428, 0.037, 0.873
0.420, 0.030, 0.872
0.420, 0.023, 0.872
0.421, 0.016, 0.873
RegionID:11
Center:-0.134,-0.049,1.000
Normal:0.082,-0.613,-0.786
NumPatches:22
-0.125, -0.038, 0.991
-0.133, -0.038, 0.991
-0.140, -0.030, 0.984
-0.148, -0.038, 0.989
-0.147, -0.029, 0.983
-0.146, -0.021, 0.977
-0.139, -0.022, 0.977
-0.132, -0.030, 0.984
-0.149, -0.046, 0.995
-0.142, -0.054, 1.002
-0.150, -0.054, 1.002
-0.143, -0.063, 1.009
-0.135, -0.063, 1.010
-0.127, -0.054, 1.004
-0.126, -0.046, 0.998
-0.119, -0.054, 1.005
-0.111, -0.063, 1.012
-0.120, -0.071, 1.018
-0.128, -0.071, 1.017
-0.136, -0.071, 1.016
-0.119, -0.063, 1.012
-0.112, -0.071, 1.019
RegionID:12
Center:0.377,-0.016,0.951
Normal:-0.928,0.312,-0.202
NumPatches:51
0.403, 0.023, 0.895
0.400, 0.024, 0.906
0.398, 0.024, 0.917
0.395, 0.024, 0.928
0.393, 0.024, 0.940
0.390, 0.025, 0.952
0.388, 0.025, 0.965
0.385, 0.025, 0.978
0.382, 0.026, 0.991
0.379, 0.026, 1.004
0.375, 0.018, 1.013
0.370, 0.010, 1.023
0.372, 0.018, 1.027
0.376, 0.026, 1.018
0.378, 0.035, 1.023
0.368, 0.002, 1.018
0.364, -0.006, 1.028
0.367, -0.006, 1.013
0.362, -0.014, 1.023
0.360, -0.022, 1.018
0.356, -0.031, 1.028
0.359, -0.030, 1.013
0.354, -0.039, 1.023
0.352, -0.047, 1.018
0.354, -0.054, 1.000
0.351, -0.055, 1.013
0.357, -0.053, 0.986
0.360, -0.053, 0.973
0.361, -0.059, 0.956
0.358, -0.060, 0.969
0.364, -0.059, 0.944
0.367, -0.058, 0.932
0.370, -0.057, 0.920
0.371, -0.063, 0.905
0.368, -0.064, 0.916
0.375, -0.056, 0.898
0.379, -0.048, 0.890
0.381, -0.041, 0.894
0.382, -0.034, 0.898
0.386, -0.027, 0.891
0.388, -0.020, 0.894
0.390, -0.013, 0.898
0.394, -0.005, 0.891
0.395, 0.002, 0.895
0.397, 0.009, 0.898
0.401, 0.016, 0.891
0.399, 0.009, 0.888
0.392, -0.012, 0.887
0.385, -0.034, 0.887
0.378, -0.055, 0.887
0.374, -0.063, 0.894
RegionID:13
Center:0.220,0.031,0.911
Normal:-0.930,0.305,-0.205
NumPatches:46
0.215, -0.019, 0.859
0.211, -0.019, 0.873
0.209, -0.013, 0.894
0.206, -0.013, 0.910
0.202, -0.013, 0.926
0.199, -0.006, 0.949
0.195, -0.006, 0.967
0.196, 0.002, 0.973
0.198, 0.010, 0.979
0.203, 0.017, 0.966
0.204, 0.025, 0.972
0.205, 0.033, 0.978
0.207, 0.041, 0.984
0.212, 0.049, 0.972
0.213, 0.057, 0.978
0.214, 0.065, 0.984
0.219, 0.072, 0.971
0.221, 0.080, 0.977
0.224, 0.079, 0.959
0.228, 0.077, 0.941
0.231, 0.076, 0.924
0.234, 0.074, 0.908
0.237, 0.073, 0.893
0.240, 0.072, 0.877
0.243, 0.071, 0.863
0.242, 0.063, 0.858
0.238, 0.057, 0.868
0.241, 0.056, 0.854
0.236, 0.050, 0.863
0.235, 0.043, 0.858
0.234, 0.036, 0.854
0.229, 0.029, 0.863
0.232, 0.029, 0.849
0.228, 0.022, 0.858
0.227, 0.015, 0.854
0.223, 0.009, 0.863
0.226, 0.008, 0.849
0.221, 0.002, 0.858
0.220, -0.005, 0.854
0.216, -0.012, 0.863
0.212, -0.012, 0.878
0.219, -0.012, 0.849
0.218, 0.064, 0.965
0.211, 0.041, 0.966
0.202, 0.010, 0.960
0.203, -0.006, 0.931
RegionID:14
Center:0.067,0.075,0.872
Normal:-0.933,0.296,-0.207
NumPatches:60
0.094, 0.127, 0.826
0.089, 0.123, 0.841
0.090, 0.131, 0.849
0.086, 0.143, 0.882
0.081, 0.139, 0.900
0.075, 0.134, 0.919
0.076, 0.143, 0.928
0.082, 0.147, 0.909
0.075, 0.126, 0.910
0.069, 0.121, 0.930
0.074, 0.117, 0.902
0.068, 0.112, 0.921
0.067, 0.104, 0.912
0.067, 0.096, 0.903
0.061, 0.090, 0.922
0.066, 0.088, 0.894
0.060, 0.082, 0.913
0.060, 0.074, 0.905
0.054, 0.068, 0.924
0.059, 0.066, 0.896
0.053, 0.060, 0.915
0.053, 0.053, 0.906
0.046, 0.046, 0.925
0.052, 0.045, 0.897
0.046, 0.038, 0.916
0.045, 0.031, 0.908
0.039, 0.024, 0.927
0.045, 0.023, 0.899
0.039, 0.017, 0.918
0.044, 0.009, 0.882
0.038, 0.009, 0.909
0.050, 0.009, 0.856
0.055, 0.015, 0.839
0.056, 0.022, 0.847
0.061, 0.028, 0.830
0.062, 0.035, 0.838
0.063, 0.042, 0.846
0.068, 0.048, 0.829
0.069, 0.055, 0.837
0.069, 0.063, 0.845
0.070, 0.070, 0.852
0.075, 0.075, 0.836
0.076, 0.083, 0.844
0.077, 0.090, 0.851
0.082, 0.095, 0.835
0.083, 0.103, 0.842
0.083, 0.111, 0.850
0.088, 0.115, 0.834
0.088, 0.107, 0.826
0.081, 0.088, 0.827
0.075, 0.068, 0.828
0.067, 0.041, 0.822
0.061, 0.021, 0.823
0.055, 0.008, 0.831
0.049, 0.002, 0.848
0.054, 0.002, 0.824
0.092, 0.147, 0.865
0.096, 0.143, 0.840
0.091, 0.139, 0.857
0.095, 0.135, 0.833
RegionID:15
Center:0.231,0.070,1.425
Normal:-0.000,-0.438,-0.899
NumPatches:36
0.261, 0.115, 1.403
0.249, 0.126, 1.398
0.238, 0.126, 1.398
0.226, 0.126, 1.398
0.216, 0.115, 1.403
0.215, 0.126, 1.398
0.226, 0.136, 1.392
0.217, 0.104, 1.408
0.206, 0.093, 1.414
0.218, 0.093, 1.414
0.207, 0.082, 1.418
0.208, 0.071, 1.424
0.197, 0.060, 1.430
0.209, 0.060, 1.430
0.198, 0.049, 1.435
0.199, 0.037, 1.441
0.188, 0.026, 1.447
0.200, 0.026, 1.447
0.212, 0.015, 1.451
0.200, 0.015, 1.451
0.224, 0.015, 1.451
0.235, 0.015, 1.451
0.246, 0.026, 1.447
0.245, 0.037, 1.441
0.255, 0.049, 1.435
0.254, 0.060, 1.430
0.253, 0.071, 1.424
0.252, 0.082, 1.418
0.263, 0.093, 1.414
0.262, 0.104, 1.408
0.272, 0.115, 1.403
0.260, 0.126, 1.398
0.264, 0.082, 1.418
0.256, 0.037, 1.441
0.247, 0.015, 1.451
0.248, 0.003, 1.458
RegionID:16
Center:-0.186,0.373,0.861
Normal:0.635,-0.426,-0.644
NumPatches:28
-0.217, 0.379, 0.827
-0.217, 0.373, 0.830
-0.212, 0.370, 0.837
-0.213, 0.364, 0.840
-0.208, 0.361, 0.847
-0.214, 0.359, 0.843
-0.209, 0.355, 0.850
-0.203, 0.363, 0.851
-0.197, 0.365, 0.856
-0.203, 0.357, 0.854
-0.210, 0.350, 0.853
-0.204, 0.351, 0.857
-0.211, 0.344, 0.856
-0.198, 0.359, 0.859
-0.191, 0.366, 0.860
-0.185, 0.368, 0.865
-0.192, 0.361, 0.863
-0.178, 0.376, 0.866
-0.172, 0.378, 0.871
-0.179, 0.370, 0.869
-0.166, 0.380, 0.876
-0.160, 0.388, 0.877
-0.153, 0.395, 0.879
-0.147, 0.397, 0.883
-0.153, 0.390, 0.882
-0.140, 0.405, 0.885
-0.133, 0.408, 0.890
-0.140, 0.400, 0.888
RegionID:17
Center:0.371,0.355,0.827
Normal:0.525,-0.819,-0.232
NumPatches:23
0.307, 0.337, 0.748
0.297, 0.333, 0.740
0.302, 0.337, 0.736
0.316, 0.340, 0.756
0.312, 0.336, 0.761
0.322, 0.340, 0.770
0.331, 0.344, 0.778
0.342, 0.348, 0.787
0.337, 0.344, 0.792
0.348, 0.348, 0.801
0.358, 0.352, 0.811
0.376, 0.356, 0.836
0.365, 0.352, 0.826
0.388, 0.360, 0.846
0.399, 0.365, 0.857
0.395, 0.361, 0.863
0.407, 0.365, 0.874
0.411, 0.370, 0.868
0.420, 0.370, 0.885
0.441, 0.375, 0.916
0.428, 0.370, 0.904
0.455, 0.380, 0.928
0.465, 0.381, 0.949
RegionID:18
Center:-0.270,0.392,0.880
Normal:-0.763,-0.568,-0.307
NumPatches:24
-0.240, 0.361, 0.863
-0.251, 0.367, 0.879
-0.260, 0.376, 0.883
-0.272, 0.384, 0.900
-0.280, 0.393, 0.905
-0.293, 0.400, 0.922
-0.302, 0.410, 0.927
-0.298, 0.411, 0.914
-0.307, 0.420, 0.918
-0.302, 0.422, 0.905
-0.289, 0.414, 0.888
-0.277, 0.406, 0.871
-0.294, 0.412, 0.901
-0.265, 0.399, 0.856
-0.254, 0.392, 0.840
-0.246, 0.383, 0.836
-0.257, 0.390, 0.852
-0.249, 0.381, 0.848
-0.241, 0.373, 0.844
-0.253, 0.380, 0.859
-0.268, 0.385, 0.887
-0.245, 0.371, 0.855
-0.248, 0.369, 0.867
-0.289, 0.402, 0.909
