NumRegions:5
RegionID:0
Center:0.039,-0.086,1.505
Normal:0.000,-0.442,-0.897
NumPatches:632
0.758, 0.526, 1.211
0.756, 0.534, 1.207
0.754, 0.542, 1.204
0.752, 0.550, 1.201
0.740, 0.558, 1.197
0.730, 0.558, 1.197
0.721, 0.558, 1.197
0.711, 0.558, 1.197
0.701, 0.558, 1.197
0.692, 0.558, 1.197
0.682, 0.558, 1.197
0.673, 0.558, 1.197
0.663, 0.558, 1.197
0.654, 0.558, 1.197
0.644, 0.558, 1.197
0.634, 0.558, 1.197
0.625, 0.558, 1.197
0.615, 0.558, 1.197
0.606, 0.558, 1.197
0.596, 0.558, 1.197
0.587, 0.558, 1.197
0.577, 0.558, 1.197
0.567, 0.558, 1.197
0.558, 0.558, 1.197
0.548, 0.558, 1.197
0.539, 0.558, 1.197
0.529, 0.558, 1.197
0.519, 0.558, 1.197
0.510, 0.558, 1.197
0.500, 0.558, 1.197
0.491, 0.558, 1.197
0.481, 0.558, 1.197
0.472, 0.558, 1.197
0.462, 0.558, 1.197
0.452, 0.558, 1.197
0.443, 0.558, 1.197
0.433, 0.558, 1.197
0.424, 0.558, 1.197
0.414, 0.558, 1.197
0.405, 0.558, 1.197
0.395, 0.558, 1.197
0.385, 0.558, 1.197
0.376, 0.558, 1.197
0.366, 0.558, 1.197
0.357, 0.558, 1.197
0.347, 0.558, 1.197
0.338, 0.558, 1.197
0.328, 0.558, 1.197
0.318, 0.558, 1.197
0.309, 0.558, 1.197
0.299, 0.558, 1.197
0.290, 0.558, 1.197
0.280, 0.558, 1.197
0.271, 0.558, 1.197
0.261, 0.558, 1.197
0.251, 0.558, 1.197
0.242, 0.558, 1.197
0.232, 0.558, 1.197
0.223, 0.558, 1.197
0.213, 0.558, 1.197
0.203, 0.558, 1.197
0.194, 0.558, 1.197
0.184, 0.558, 1.197
0.175, 0.558, 1.197
0.165, 0.558, 1.197
0.156, 0.558, 1.197
0.146, 0.558, 1.197
0.136, 0.558, 1.197
0.127, 0.558, 1.197
0.117, 0.558, 1.197
0.108, 0.558, 1.197
0.098, 0.558, 1.197
0.089, 0.558, 1.197
0.079, 0.558, 1.197
0.069, 0.558, 1.197
0.060, 0.558, 1.197
0.050, 0.558, 1.197
0.041, 0.558, 1.197
0.031, 0.558, 1.197
0.022, 0.558, 1.197
0.012, 0.558, 1.197
0.002, 0.558, 1.197
-0.007, 0.558, 1.197
-0.017, 0.558, 1.197
-0.026, 0.558, 1.197
-0.036, 0.558, 1.197
-0.045, 0.558, 1.197
-0.055, 0.558, 1.197
-0.065, 0.558, 1.197
-0.074, 0.558, 1.197
-0.084, 0.558, 1.197
-0.093, 0.558, 1.197
-0.103, 0.558, 1.197
-0.113, 0.558, 1.197
-0.122, 0.558, 1.197
-0.132, 0.558, 1.197
-0.141, 0.558, 1.197
-0.151, 0.558, 1.197
-0.160, 0.558, 1.197
-0.170, 0.558, 1.197
-0.180, 0.558, 1.197
-0.189, 0.558, 1.197
-0.199, 0.558, 1.197
-0.208, 0.558, 1.197
-0.218, 0.558, 1.197
-0.227, 0.558, 1.197
-0.238, 0.550, 1.201
-0.248, 0.542, 1.204
-0.238, 0.542, 1.204
-0.249, 0.534, 1.207
-0.249, 0.526, 1.211
-0.250, 0.518, 1.215
-0.251, 0.509, 1.219
-0.252, 0.501, 1.222
-0.262, 0.493, 1.226
-0.253, 0.493, 1.226
-0.263, 0.485, 1.230
-0.264, 0.476, 1.234
-0.265, 0.468, 1.237
-0.266, 0.459, 1.241
-0.266, 0.451, 1.245
-0.277, 0.442, 1.249
-0.267, 0.442, 1.249
-0.278, 0.434, 1.253
-0.279, 0.425, 1.257
-0.280, 0.416, 1.261
-0.281, 0.407, 1.265
-0.282, 0.398, 1.269
-0.283, 0.390, 1.273
-0.294, 0.381, 1.277
-0.283, 0.381, 1.277
-0.295, 0.371, 1.281
-0.296, 0.363, 1.286
-0.297, 0.353, 1.290
-0.298, 0.344, 1.294
-0.299, 0.335, 1.298
-0.310, 0.326, 1.303
-0.300, 0.326, 1.303
-0.311, 0.316, 1.307
-0.312, 0.307, 1.312
-0.313, 0.297, 1.316
-0.314, 0.288, 1.321
-0.315, 0.278, 1.325
-0.327, 0.269, 1.330
-0.316, 0.269, 1.330
-0.328, 0.259, 1.334
-0.329, 0.249, 1.339
-0.331, 0.239, 1.344
-0.332, 0.229, 1.348
-0.333, 0.219, 1.353
-0.345, 0.209, 1.358
-0.334, 0.209, 1.358
-0.346, 0.199, 1.363
-0.358, 0.189, 1.368
-0.369, 0.189, 1.368
-0.380, 0.189, 1.368
-0.391, 0.189, 1.368
-0.401, 0.199, 1.363
-0.411, 0.199, 1.363
-0.422, 0.199, 1.363
-0.433, 0.199, 1.363
-0.444, 0.199, 1.363
-0.454, 0.209, 1.358
-0.464, 0.209, 1.358
-0.475, 0.209, 1.358
-0.486, 0.209, 1.358
-0.497, 0.209, 1.358
-0.506, 0.219, 1.353
-0.517, 0.219, 1.353
-0.528, 0.219, 1.353
-0.538, 0.219, 1.353
-0.549, 0.219, 1.353
-0.560, 0.219, 1.353
-0.571, 0.219, 1.353
-0.580, 0.229, 1.348
-0.590, 0.229, 1.348
-0.601, 0.229, 1.348
-0.612, 0.229, 1.348
-0.623, 0.229, 1.348
-0.634, 0.229, 1.348
-0.644, 0.229, 1.348
-0.653, 0.239, 1.344
-0.664, 0.239, 1.344
-0.674, 0.239, 1.344
-0.683, 0.249, 1.339
-0.694, 0.249, 1.339
-0.691, 0.259, 1.334
-0.689, 0.269, 1.330
-0.686, 0.278, 1.325
-0.684, 0.288, 1.321
-0.682, 0.297, 1.316
-0.669, 0.307, 1.312
-0.667, 0.316, 1.307
-0.665, 0.326, 1.303
-0.662, 0.335, 1.298
-0.660, 0.344, 1.294
-0.658, 0.353, 1.290
-0.656, 0.363, 1.286
-0.653, 0.371, 1.281
-0.651, 0.381, 1.277
-0.649, 0.390, 1.273
-0.647, 0.398, 1.269
-0.645, 0.407, 1.265
-0.643, 0.416, 1.261
-0.641, 0.425, 1.257
-0.629, 0.434, 1.253
-0.627, 0.442, 1.249
-0.625, 0.451, 1.245
-0.623, 0.459, 1.241
-0.621, 0.468, 1.237
-0.619, 0.476, 1.234
-0.617, 0.485, 1.230
-0.615, 0.493, 1.226
-0.613, 0.501, 1.222
-0.612, 0.509, 1.219
-0.610, 0.518, 1.215
-0.608, 0.526, 1.211
-0.606, 0.534, 1.207
-0.595, 0.542, 1.204
-0.593, 0.550, 1.201
-0.601, 0.558, 1.197
-0.610, 0.558, 1.197
-0.620, 0.558, 1.197
-0.630, 0.558, 1.197
-0.639, 0.558, 1.197
-0.649, 0.558, 1.197
-0.658, 0.558, 1.197
-0.668, 0.558, 1.197
-0.678, 0.558, 1.197
-0.687, 0.558, 1.197
-0.697, 0.558, 1.197
-0.706, 0.558, 1.197
-0.716, 0.558, 1.197
-0.725, 0.558, 1.197
-0.735, 0.558, 1.197
-0.747, 0.550, 1.201
-0.745, 0.558, 1.197
-0.749, 0.542, 1.204
-0.751, 0.534, 1.207
-0.753, 0.526, 1.211
-0.756, 0.518, 1.215
-0.758, 0.509, 1.219
-0.760, 0.501, 1.222
-0.763, 0.493, 1.226
-0.765, 0.485, 1.230
-0.767, 0.476, 1.234
-0.769, 0.468, 1.237
-0.772, 0.459, 1.241
-0.774, 0.451, 1.245
-0.777, 0.442, 1.249
-0.779, 0.434, 1.253
-0.782, 0.425, 1.257
-0.784, 0.416, 1.261
-0.787, 0.407, 1.265
-0.789, 0.398, 1.269
-0.792, 0.390, 1.273
-0.794, 0.381, 1.277
-0.797, 0.371, 1.281
-0.800, 0.363, 1.286
-0.802, 0.353, 1.290
-0.805, 0.344, 1.294
-0.807, 0.335, 1.298
-0.810, 0.326, 1.303
-0.813, 0.316, 1.307
-0.816, 0.307, 1.312
-0.819, 0.297, 1.316
-0.821, 0.288, 1.321
-0.824, 0.278, 1.325
-0.827, 0.269, 1.330
-0.830, 0.259, 1.334
-0.833, 0.249, 1.339
-0.836, 0.239, 1.344
-0.838, 0.229, 1.348
-0.842, 0.219, 1.353
-0.845, 0.209, 1.358
-0.847, 0.199, 1.363
-0.851, 0.189, 1.368
-0.854, 0.178, 1.373
-0.857, 0.168, 1.378
-0.860, 0.158, 1.383
-0.863, 0.147, 1.388
-0.866, 0.136, 1.392
-0.869, 0.126, 1.398
-0.873, 0.115, 1.403
-0.876, 0.104, 1.408
-0.879, 0.093, 1.414
-0.882, 0.082, 1.418
-0.886, 0.071, 1.424
-0.889, 0.060, 1.430
-0.893, 0.049, 1.435
-0.896, 0.037, 1.441
-0.900, 0.026, 1.447
-0.903, 0.015, 1.451
-0.907, 0.003, 1.458
-0.910, -0.009, 1.464
-0.913, -0.021, 1.469
-0.917, -0.032, 1.475
-0.921, -0.044, 1.481
-0.925, -0.056, 1.487
-0.928, -0.069, 1.493
-0.932, -0.081, 1.499
-0.936, -0.093, 1.505
-0.940, -0.106, 1.510
-0.944, -0.118, 1.517
-0.948, -0.131, 1.524
-0.951, -0.144, 1.530
-0.956, -0.157, 1.536
-0.959, -0.170, 1.543
-0.964, -0.183, 1.550
-0.968, -0.196, 1.556
-0.972, -0.209, 1.562
-0.976, -0.223, 1.569
-0.980, -0.236, 1.576
-0.985, -0.250, 1.583
-0.989, -0.264, 1.590
-0.993, -0.278, 1.597
-0.998, -0.292, 1.604
-1.002, -0.306, 1.611
-1.006, -0.320, 1.618
-1.011, -0.335, 1.626
-1.016, -0.349, 1.633
-1.020, -0.364, 1.640
-1.025, -0.379, 1.648
-1.029, -0.394, 1.655
-1.034, -0.409, 1.663
-1.039, -0.424, 1.671
-1.044, -0.440, 1.679
-1.049, -0.455, 1.686
-1.054, -0.471, 1.694
-1.059, -0.487, 1.702
-1.064, -0.503, 1.711
-1.069, -0.519, 1.719
-1.074, -0.535, 1.727
-1.079, -0.552, 1.736
-1.085, -0.569, 1.744
-1.090, -0.585, 1.753
-1.096, -0.602, 1.762
-1.101, -0.620, 1.770
-1.107, -0.637, 1.779
-1.112, -0.654, 1.788
-1.118, -0.672, 1.797
-1.124, -0.690, 1.807
-1.129, -0.708, 1.816
-1.135, -0.726, 1.825
-1.141, -0.745, 1.835
-1.147, -0.763, 1.844
-1.153, -0.782, 1.854
-1.159, -0.801, 1.864
-1.165, -0.821, 1.874
-1.172, -0.840, 1.884
-1.178, -0.860, 1.894
-1.169, -0.880, 1.904
-1.184, -0.880, 1.904
-1.154, -0.880, 1.904
-1.139, -0.880, 1.904
-1.123, -0.880, 1.904
-1.108, -0.880, 1.904
-1.093, -0.880, 1.904
-1.078, -0.880, 1.904
-1.062, -0.880, 1.904
-1.047, -0.880, 1.904
-1.032, -0.880, 1.904
-1.017, -0.880, 1.904
-1.002, -0.880, 1.904
-0.986, -0.880, 1.904
-0.971, -0.880, 1.904
-0.956, -0.880, 1.904
-0.941, -0.880, 1.904
-0.925, -0.880, 1.904
-0.910, -0.880, 1.904
-0.895, -0.880, 1.904
-0.880, -0.880, 1.904
-0.864, -0.880, 1.904
-0.849, -0.880, 1.904
-0.834, -0.880, 1.904
-0.819, -0.880, 1.904
-0.803, -0.880, 1.904
-0.788, -0.880, 1.904
-0.773, -0.880, 1.904
-0.758, -0.880, 1.904
-0.743, -0.880, 1.904
-0.727, -0.880, 1.904
-0.712, -0.880, 1.904
-0.697, -0.880, 1.904
-0.682, -0.880, 1.904
-0.666, -0.880, 1.904
-0.651, -0.880, 1.904
-0.636, -0.880, 1.904
-0.621, -0.880, 1.904
-0.605, -0.880, 1.904
-0.590, -0.880, 1.904
-0.575, -0.880, 1.904
-0.560, -0.880, 1.904
-0.545, -0.880, 1.904
-0.529, -0.880, 1.904
-0.514, -0.880, 1.904
-0.499, -0.880, 1.904
-0.484, -0.880, 1.904
-0.468, -0.880, 1.904
-0.453, -0.880, 1.904
-0.438, -0.880, 1.904
-0.423, -0.880, 1.904
-0.407, -0.880, 1.904
-0.392, -0.880, 1.904
-0.377, -0.880, 1.904
-0.362, -0.880, 1.904
-0.347, -0.880, 1.904
-0.331, -0.880, 1.904
-0.316, -0.880, 1.904
-0.301, -0.880, 1.904
-0.286, -0.880, 1.904
-0.270, -0.880, 1.904
-0.255, -0.880, 1.904
-0.240, -0.880, 1.904
-0.225, -0.880, 1.904
-0.209, -0.880, 1.904
-0.194, -0.880, 1.904
-0.179, -0.880, 1.904
-0.164, -0.880, 1.904
-0.149, -0.880, 1.904
-0.133, -0.880, 1.904
-0.118, -0.880, 1.904
-0.103, -0.880, 1.904
-0.088, -0.880, 1.904
-0.072, -0.880, 1.904
-0.057, -0.880, 1.904
-0.042, -0.880, 1.904
-0.027, -0.880, 1.904
-0.011, -0.880, 1.904
0.004, -0.880, 1.904
0.019, -0.880, 1.904
0.034, -0.880, 1.904
0.050, -0.880, 1.904
0.065, -0.880, 1.904
0.080, -0.880, 1.904
0.095, -0.880, 1.904
0.110, -0.880, 1.904
0.126, -0.880, 1.904
0.141, -0.880, 1.904
0.156, -0.880, 1.904
0.171, -0.880, 1.904
0.187, -0.880, 1.904
0.202, -0.880, 1.904
0.217, -0.880, 1.904
0.232, -0.880, 1.904
0.248, -0.880, 1.904
0.263, -0.880, 1.904
0.278, -0.880, 1.904
0.293, -0.880, 1.904
0.308, -0.880, 1.904
0.324, -0.880, 1.904
0.339, -0.880, 1.904
0.354, -0.880, 1.904
0.369, -0.880, 1.904
0.385, -0.880, 1.904
0.400, -0.880, 1.904
0.415, -0.880, 1.904
0.430, -0.880, 1.904
0.446, -0.880, 1.904
0.461, -0.880, 1.904
0.476, -0.880, 1.904
0.491, -0.880, 1.904
0.506, -0.880, 1.904
0.522, -0.880, 1.904
0.537, -0.880, 1.904
0.552, -0.880, 1.904
0.567, -0.880, 1.904
0.583, -0.880, 1.904
0.598, -0.880, 1.904
0.613, -0.880, 1.904
0.628, -0.880, 1.904
0.644, -0.880, 1.904
0.659, -0.880, 1.904
0.674, -0.880, 1.904
0.689, -0.880, 1.904
0.704, -0.880, 1.904
0.720, -0.880, 1.904
0.735, -0.880, 1.904
0.750, -0.880, 1.904
0.765, -0.880, 1.904
0.781, -0.880, 1.904
0.796, -0.880, 1.904
0.811, -0.880, 1.904
0.826, -0.880, 1.904
0.842, -0.880, 1.904
0.857, -0.880, 1.904
0.872, -0.880, 1.904
0.887, -0.880, 1.904
0.902, -0.880, 1.904
0.918, -0.880, 1.904
0.933, -0.880, 1.904
0.948, -0.880, 1.904
0.963, -0.880, 1.904
0.979, -0.880, 1.904
0.994, -0.880, 1.904
1.009, -0.880, 1.904
1.024, -0.880, 1.904
1.040, -0.880, 1.904
1.055, -0.880, 1.904
1.070, -0.880, 1.904
1.085, -0.880, 1.904
1.101, -0.880, 1.904
1.116, -0.880, 1.904
1.131, -0.880, 1.904
1.146, -0.880, 1.904
1.161, -0.880, 1.904
1.177, -0.880, 1.904
1.185, -0.860, 1.894
1.179, -0.840, 1.884
1.173, -0.821, 1.874
1.167, -0.801, 1.864
1.160, -0.782, 1.854
1.154, -0.763, 1.844
1.148, -0.745, 1.835
1.142, -0.726, 1.825
1.137, -0.708, 1.816
1.131, -0.690, 1.807
1.125, -0.672, 1.797
1.119, -0.654, 1.788
1.114, -0.637, 1.779
1.108, -0.620, 1.770
1.103, -0.602, 1.762
1.097, -0.585, 1.753
1.092, -0.569, 1.744
1.086, -0.552, 1.736
1.081, -0.535, 1.727
1.076, -0.519, 1.719
1.071, -0.503, 1.711
1.065, -0.487, 1.702
1.060, -0.471, 1.694
1.055, -0.455, 1.686
1.051, -0.440, 1.679
1.046, -0.424, 1.671
1.041, -0.409, 1.663
1.036, -0.394, 1.655
1.032, -0.379, 1.648
1.027, -0.364, 1.640
1.022, -0.349, 1.633
1.018, -0.335, 1.626
1.013, -0.320, 1.618
1.008, -0.306, 1.611
1.004, -0.292, 1.604
0.999, -0.278, 1.597
0.995, -0.264, 1.590
0.991, -0.250, 1.583
0.987, -0.236, 1.576
0.982, -0.223, 1.569
0.978, -0.209, 1.562
0.974, -0.196, 1.556
0.970, -0.183, 1.550
0.966, -0.170, 1.543
0.962, -0.157, 1.536
0.957, -0.144, 1.530
0.954, -0.131, 1.524
0.950, -0.118, 1.517
0.946, -0.106, 1.510
0.942, -0.093, 1.505
0.938, -0.081, 1.499
0.934, -0.069, 1.493
0.931, -0.056, 1.487
0.927, -0.044, 1.481
0.923, -0.032, 1.475
0.919, -0.021, 1.469
0.916, -0.009, 1.464
0.912, 0.003, 1.458
0.909, 0.015, 1.451
0.906, 0.026, 1.447
0.902, 0.037, 1.441
0.898, 0.049, 1.435
0.895, 0.060, 1.430
0.891, 0.071, 1.424
0.888, 0.082, 1.418
0.885, 0.093, 1.414
0.881, 0.104, 1.408
0.878, 0.115, 1.403
0.875, 0.126, 1.398
0.872, 0.136, 1.392
0.869, 0.147, 1.388
0.865, 0.158, 1.383
0.862, 0.168, 1.378
0.859, 0.178, 1.373
0.856, 0.189, 1.368
0.853, 0.199, 1.363
0.850, 0.209, 1.358
0.847, 0.219, 1.353
0.844, 0.229, 1.348
0.841, 0.239, 1.344
0.838, 0.249, 1.339
0.835, 0.259, 1.334
0.832, 0.269, 1.330
0.829, 0.278, 1.325
0.827, 0.288, 1.321
0.824, 0.297, 1.316
0.821, 0.307, 1.312
0.818, 0.316, 1.307
0.816, 0.326, 1.303
0.813, 0.335, 1.298
0.810, 0.344, 1.294
0.808, 0.353, 1.290
0.805, 0.363, 1.286
0.802, 0.371, 1.281
0.799, 0.381, 1.277
0.797, 0.390, 1.273
0.794, 0.398, 1.269
0.792, 0.407, 1.265
0.789, 0.416, 1.261
0.787, 0.425, 1.257
0.784, 0.434, 1.253
0.782, 0.442, 1.249
0.779, 0.451, 1.245
0.777, 0.459, 1.241
0.774, 0.468, 1.237
0.772, 0.476, 1.234
0.770, 0.485, 1.230
0.767, 0.493, 1.226
0.765, 0.501, 1.222
0.763, 0.509, 1.219
0.761, 0.518, 1.215
1.192, -0.880, 1.904
-0.591, 0.558, 1.197
-0.597, 0.534, 1.207
-0.631, 0.425, 1.257
-0.671, 0.297, 1.316
-0.672, 0.249, 1.339
-0.642, 0.239, 1.344
-0.569, 0.229, 1.348
-0.495, 0.219, 1.353
-0.443, 0.209, 1.358
-0.390, 0.199, 1.363
-0.347, 0.189, 1.368
-0.237, 0.558, 1.197
0.749, 0.558, 1.197
RegionID:1
Center:-0.280,0.263,0.781
Normal:0.336,-0.341,-0.878
NumPatches:233
-0.362, 0.211, 0.770
-0.367, 0.210, 0.768
-0.366, 0.216, 0.766
-0.365, 0.222, 0.764
-0.365, 0.227, 0.763
-0.364, 0.233, 0.761
-0.363, 0.238, 0.759
-0.362, 0.244, 0.757
-0.361, 0.249, 0.755
-0.355, 0.255, 0.755
-0.354, 0.261, 0.754
-0.353, 0.266, 0.752
-0.358, 0.271, 0.749
-0.352, 0.277, 0.749
-0.351, 0.282, 0.747
-0.350, 0.288, 0.745
-0.350, 0.293, 0.744
-0.344, 0.299, 0.744
-0.343, 0.304, 0.742
-0.347, 0.309, 0.739
-0.342, 0.309, 0.740
-0.336, 0.315, 0.740
-0.336, 0.321, 0.739
-0.335, 0.326, 0.737
-0.334, 0.331, 0.736
-0.333, 0.336, 0.734
-0.332, 0.341, 0.732
-0.327, 0.342, 0.734
-0.328, 0.337, 0.736
-0.329, 0.332, 0.737
-0.324, 0.327, 0.740
-0.330, 0.327, 0.739
-0.319, 0.328, 0.742
-0.314, 0.329, 0.744
-0.309, 0.329, 0.745
-0.304, 0.325, 0.749
-0.309, 0.324, 0.747
-0.299, 0.326, 0.751
-0.293, 0.326, 0.752
-0.288, 0.327, 0.754
-0.283, 0.323, 0.757
-0.289, 0.322, 0.756
-0.278, 0.323, 0.759
-0.272, 0.324, 0.761
-0.267, 0.319, 0.764
-0.273, 0.319, 0.763
-0.279, 0.313, 0.763
-0.285, 0.312, 0.761
-0.290, 0.311, 0.759
-0.295, 0.310, 0.757
-0.301, 0.310, 0.756
-0.305, 0.314, 0.752
-0.311, 0.314, 0.750
-0.316, 0.313, 0.749
-0.321, 0.312, 0.747
-0.326, 0.312, 0.745
-0.332, 0.311, 0.744
-0.338, 0.305, 0.744
-0.337, 0.310, 0.742
-0.338, 0.299, 0.745
-0.344, 0.294, 0.745
-0.339, 0.294, 0.747
-0.345, 0.288, 0.747
-0.340, 0.289, 0.749
-0.346, 0.283, 0.749
-0.346, 0.277, 0.750
-0.352, 0.271, 0.750
-0.347, 0.272, 0.752
-0.348, 0.267, 0.754
-0.349, 0.261, 0.755
-0.350, 0.256, 0.757
-0.356, 0.250, 0.757
-0.351, 0.250, 0.759
-0.352, 0.245, 0.761
-0.352, 0.240, 0.763
-0.353, 0.234, 0.764
-0.359, 0.228, 0.764
-0.354, 0.228, 0.766
-0.360, 0.222, 0.766
-0.361, 0.217, 0.768
-0.300, 0.315, 0.754
-0.280, 0.307, 0.764
-0.274, 0.308, 0.766
-0.269, 0.309, 0.768
-0.263, 0.310, 0.770
-0.258, 0.310, 0.772
-0.252, 0.317, 0.772
-0.257, 0.321, 0.768
-0.262, 0.320, 0.766
-0.251, 0.322, 0.770
-0.246, 0.317, 0.773
-0.240, 0.318, 0.775
-0.235, 0.319, 0.777
-0.230, 0.314, 0.781
-0.236, 0.308, 0.781
-0.241, 0.307, 0.779
-0.247, 0.306, 0.777
-0.253, 0.305, 0.775
-0.258, 0.305, 0.773
-0.235, 0.313, 0.779
-0.236, 0.302, 0.783
-0.231, 0.303, 0.785
-0.225, 0.304, 0.787
-0.219, 0.304, 0.788
-0.213, 0.305, 0.790
-0.208, 0.300, 0.794
-0.214, 0.299, 0.792
-0.209, 0.295, 0.796
-0.209, 0.289, 0.798
-0.204, 0.284, 0.802
-0.210, 0.277, 0.802
-0.210, 0.283, 0.800
-0.204, 0.278, 0.804
-0.211, 0.272, 0.804
-0.205, 0.272, 0.806
-0.211, 0.266, 0.806
-0.205, 0.267, 0.808
-0.212, 0.260, 0.808
-0.206, 0.261, 0.810
-0.212, 0.254, 0.810
-0.206, 0.255, 0.812
-0.213, 0.249, 0.813
-0.207, 0.249, 0.815
-0.214, 0.243, 0.815
-0.214, 0.237, 0.817
-0.221, 0.230, 0.817
-0.215, 0.231, 0.819
-0.221, 0.224, 0.819
-0.215, 0.225, 0.821
-0.222, 0.218, 0.821
-0.216, 0.219, 0.823
-0.222, 0.212, 0.823
-0.216, 0.213, 0.825
-0.223, 0.206, 0.826
-0.224, 0.200, 0.828
-0.230, 0.194, 0.828
-0.224, 0.194, 0.830
-0.231, 0.188, 0.830
-0.225, 0.188, 0.832
-0.231, 0.181, 0.832
-0.225, 0.182, 0.835
-0.232, 0.175, 0.835
-0.226, 0.176, 0.837
-0.233, 0.169, 0.837
-0.227, 0.169, 0.839
-0.233, 0.163, 0.839
-0.240, 0.156, 0.839
-0.247, 0.149, 0.839
-0.253, 0.149, 0.837
-0.259, 0.149, 0.835
-0.264, 0.155, 0.831
-0.270, 0.154, 0.828
-0.276, 0.154, 0.826
-0.282, 0.153, 0.824
-0.288, 0.153, 0.822
-0.294, 0.153, 0.820
-0.299, 0.152, 0.818
-0.305, 0.152, 0.816
-0.310, 0.157, 0.811
-0.316, 0.157, 0.809
-0.321, 0.157, 0.807
-0.327, 0.156, 0.805
-0.332, 0.156, 0.803
-0.337, 0.161, 0.799
-0.343, 0.161, 0.797
-0.348, 0.161, 0.795
-0.354, 0.160, 0.793
-0.359, 0.160, 0.791
-0.365, 0.159, 0.789
-0.370, 0.159, 0.787
-0.369, 0.165, 0.785
-0.373, 0.170, 0.781
-0.379, 0.170, 0.779
-0.372, 0.176, 0.779
-0.371, 0.182, 0.777
-0.371, 0.188, 0.775
-0.364, 0.194, 0.775
-0.364, 0.200, 0.774
-0.363, 0.205, 0.772
-0.365, 0.188, 0.777
-0.366, 0.182, 0.779
-0.367, 0.177, 0.781
-0.368, 0.171, 0.783
-0.364, 0.165, 0.787
-0.358, 0.166, 0.789
-0.353, 0.166, 0.791
-0.347, 0.167, 0.793
-0.332, 0.162, 0.801
-0.326, 0.162, 0.803
-0.320, 0.163, 0.805
-0.304, 0.158, 0.813
-0.298, 0.158, 0.815
-0.293, 0.159, 0.818
-0.287, 0.159, 0.820
-0.258, 0.155, 0.833
-0.252, 0.155, 0.835
-0.246, 0.156, 0.837
-0.241, 0.150, 0.842
-0.234, 0.157, 0.842
-0.235, 0.150, 0.844
-0.241, 0.143, 0.844
-0.235, 0.144, 0.846
-0.198, 0.285, 0.804
-0.197, 0.290, 0.802
-0.197, 0.296, 0.800
-0.196, 0.302, 0.798
-0.196, 0.307, 0.796
-0.195, 0.313, 0.794
-0.201, 0.318, 0.790
-0.206, 0.317, 0.788
-0.212, 0.316, 0.786
-0.218, 0.316, 0.785
-0.224, 0.315, 0.783
-0.200, 0.323, 0.788
-0.194, 0.329, 0.788
-0.193, 0.335, 0.786
-0.193, 0.341, 0.785
-0.193, 0.346, 0.783
-0.192, 0.351, 0.781
-0.192, 0.357, 0.779
-0.185, 0.363, 0.779
-0.180, 0.364, 0.781
-0.186, 0.358, 0.781
-0.180, 0.359, 0.783
-0.186, 0.352, 0.783
-0.187, 0.347, 0.785
-0.187, 0.341, 0.786
-0.188, 0.336, 0.788
-0.188, 0.330, 0.790
-0.194, 0.324, 0.790
-0.188, 0.325, 0.792
-0.195, 0.318, 0.792
-0.189, 0.319, 0.794
RegionID:2
Center:-0.327,0.198,0.873
Normal:0.249,0.918,-0.308
NumPatches:31
-0.356, 0.201, 0.860
-0.359, 0.199, 0.851
-0.362, 0.197, 0.843
-0.376, 0.212, 0.875
-0.373, 0.214, 0.884
-0.370, 0.216, 0.893
-0.353, 0.203, 0.868
-0.343, 0.187, 0.829
-0.340, 0.189, 0.837
-0.349, 0.205, 0.877
-0.346, 0.207, 0.887
-0.336, 0.191, 0.845
-0.333, 0.193, 0.854
-0.342, 0.210, 0.896
-0.339, 0.212, 0.906
-0.329, 0.195, 0.862
-0.326, 0.197, 0.871
-0.322, 0.199, 0.880
-0.318, 0.201, 0.890
-0.310, 0.185, 0.848
-0.306, 0.187, 0.856
-0.315, 0.203, 0.899
-0.311, 0.205, 0.909
-0.303, 0.189, 0.865
-0.299, 0.190, 0.874
-0.307, 0.208, 0.919
-0.291, 0.195, 0.892
-0.295, 0.193, 0.883
-0.280, 0.180, 0.859
-0.287, 0.197, 0.902
-0.276, 0.182, 0.868
RegionID:3
Center:-0.461,0.402,1.268
Normal:0.000,-0.417,-0.909
NumPatches:64
-0.414, 0.326, 1.303
-0.425, 0.326, 1.303
-0.434, 0.335, 1.298
-0.444, 0.335, 1.298
-0.454, 0.335, 1.298
-0.465, 0.335, 1.298
-0.474, 0.344, 1.294
-0.484, 0.344, 1.294
-0.494, 0.344, 1.294
-0.505, 0.344, 1.294
-0.515, 0.344, 1.294
-0.525, 0.344, 1.294
-0.534, 0.353, 1.290
-0.544, 0.353, 1.290
-0.542, 0.363, 1.286
-0.541, 0.371, 1.281
-0.539, 0.381, 1.277
-0.527, 0.390, 1.273
-0.525, 0.398, 1.269
-0.524, 0.407, 1.265
-0.522, 0.416, 1.261
-0.520, 0.425, 1.257
-0.519, 0.434, 1.253
-0.517, 0.442, 1.249
-0.515, 0.451, 1.245
-0.514, 0.459, 1.241
-0.512, 0.468, 1.237
-0.511, 0.476, 1.234
-0.501, 0.476, 1.234
-0.492, 0.468, 1.237
-0.502, 0.468, 1.237
-0.482, 0.468, 1.237
-0.473, 0.468, 1.237
-0.463, 0.468, 1.237
-0.454, 0.459, 1.241
-0.464, 0.459, 1.241
-0.444, 0.459, 1.241
-0.434, 0.459, 1.241
-0.424, 0.459, 1.241
-0.416, 0.451, 1.245
-0.426, 0.451, 1.245
-0.406, 0.451, 1.245
-0.396, 0.451, 1.245
-0.387, 0.442, 1.249
-0.397, 0.442, 1.249
-0.377, 0.442, 1.249
-0.378, 0.434, 1.253
-0.390, 0.425, 1.257
-0.380, 0.425, 1.257
-0.391, 0.416, 1.261
-0.392, 0.407, 1.265
-0.393, 0.398, 1.269
-0.395, 0.390, 1.273
-0.396, 0.381, 1.277
-0.397, 0.371, 1.281
-0.409, 0.363, 1.286
-0.399, 0.363, 1.286
-0.410, 0.353, 1.290
-0.411, 0.344, 1.294
-0.423, 0.335, 1.298
-0.413, 0.335, 1.298
-0.529, 0.381, 1.277
-0.524, 0.353, 1.290
-0.463, 0.344, 1.294
RegionID:4
Center:-0.396,0.550,1.200
Normal:-0.000,-0.400,-0.916
NumPatches:31
-0.476, 0.558, 1.197
-0.467, 0.558, 1.197
-0.457, 0.558, 1.197
-0.448, 0.558, 1.197
-0.438, 0.558, 1.197
-0.449, 0.550, 1.201
-0.439, 0.550, 1.201
-0.429, 0.558, 1.197
-0.419, 0.558, 1.197
-0.430, 0.550, 1.201
-0.420, 0.550, 1.201
-0.409, 0.558, 1.197
-0.400, 0.558, 1.197
-0.411, 0.550, 1.201
-0.402, 0.542, 1.204
-0.412, 0.542, 1.204
-0.393, 0.542, 1.204
-0.383, 0.542, 1.204
-0.373, 0.542, 1.204
-0.365, 0.534, 1.207
-0.374, 0.534, 1.207
-0.354, 0.542, 1.204
-0.353, 0.550, 1.201
-0.361, 0.558, 1.197
-0.371, 0.558, 1.197
-0.381, 0.558, 1.197
-0.390, 0.558, 1.197
-0.352, 0.558, 1.197
-0.342, 0.558, 1.197
-0.343, 0.550, 1.201
-0.355, 0.534, 1.207
