NumRegions:6
RegionID:-1
Center:2.289,-1.028,-0.361
Normal:0.318,0.002,-0.948
NumPatches:13
2.364, -3.004, -0.339
3.665, -1.888, 0.098
3.666, -1.612, 0.099
3.640, 1.199, 0.094
3.626, 1.294, 0.090
2.996, 1.119, -0.121
2.492, 0.935, -0.290
1.604, 0.346, -0.588
0.930, -1.691, -0.818
0.871, -2.108, -0.838
0.960, -2.389, -0.808
1.186, -2.851, -0.734
1.857, -3.151, -0.509
RegionID:-1
Center:-2.547,1.886,0.785
Normal:-0.868,0.404,-0.289
NumPatches:7
-3.373, 0.110, 0.784
-1.467, 2.842, -1.118
-1.447, 2.879, -1.126
-1.944, 3.241, 0.870
-2.174, 3.026, 1.258
-3.110, 0.898, 1.094
-3.414, 0.155, 0.971
RegionID:-1
Center:2.011,-4.518,1.414
Normal:-0.392,-0.910,-0.138
NumPatches:9
1.842, -4.358, 0.837
1.516, -4.366, 1.818
1.596, -4.404, 1.846
1.757, -4.482, 1.900
1.909, -4.554, 1.943
1.987, -4.591, 1.965
2.514, -4.749, 1.510
2.590, -4.740, 1.233
1.922, -4.394, 0.848
RegionID:-1
Center:-3.637,-0.485,0.689
Normal:-0.844,0.436,-0.310
NumPatches:7
-3.645, -0.524, 0.655
-3.613, -0.466, 0.649
-3.438, -0.145, 0.625
-3.416, -0.104, 0.622
-3.488, -0.105, 0.816
-3.534, -0.189, 0.823
-3.932, -1.025, 0.732
RegionID:-1
Center:8.035,2.227,3.385
Normal:-0.875,0.350,-0.335
NumPatches:7
8.139, 1.908, 2.780
8.356, 2.085, 2.399
8.446, 2.348, 2.438
8.371, 2.620, 2.919
7.861, 2.604, 4.234
7.720, 2.117, 4.094
7.800, 1.847, 3.602
RegionID:-1
Center:5.811,-2.583,2.859
Normal:-0.858,0.419,-0.296
NumPatches:9
5.015, -4.627, 2.277
6.121, -2.656, 1.859
6.264, -2.358, 1.866
6.443, -1.980, 1.880
6.757, -0.790, 2.653
6.960, 0.264, 3.556
5.596, -2.780, 3.203
4.931, -4.324, 2.945
4.431, -5.488, 2.750
