NumRegions:4
RegionID:-1
Center:2.265,-1.107,-0.371
Normal:0.317,-0.001,-0.948
NumPatches:12
2.883, -2.720, -0.163
3.666, -1.720, 0.097
3.657, 0.539, 0.092
3.650, 0.863, 0.090
2.526, 0.674, -0.286
2.095, 0.533, -0.430
1.731, 0.353, -0.551
0.810, -1.818, -0.857
0.872, -2.114, -0.836
0.981, -2.360, -0.799
1.569, -2.846, -0.602
1.932, -2.944, -0.481
RegionID:-1
Center:1.483,1.495,-0.633
Normal:0.308,-0.012,-0.951
NumPatches:8
1.519, 1.265, -0.619
1.683, 1.438, -0.568
1.845, 1.660, -0.518
1.797, 1.834, -0.536
1.351, 1.702, -0.679
1.216, 1.525, -0.720
1.334, 1.259, -0.678
1.390, 1.185, -0.659
RegionID:-1
Center:-2.377,2.069,0.941
Normal:-0.784,0.445,-0.433
NumPatches:8
-1.873, 1.402, -0.659
-1.275, 2.898, -0.202
-1.436, 4.208, 1.435
-2.214, 2.749, 1.344
-2.529, 2.120, 1.269
-2.566, 2.043, 1.257
-3.432, 0.242, 0.973
-3.426, 0.098, 0.816
RegionID:-1
Center:5.764,-2.860,2.785
Normal:-0.827,0.486,-0.281
NumPatches:10
4.676, -5.000, 2.285
5.970, -3.040, 1.867
6.012, -2.967, 1.868
6.054, -2.895, 1.870
6.388, -2.313, 1.895
6.429, -2.240, 1.899
6.945, -1.320, 1.974
6.920, -0.456, 3.543
4.765, -4.277, 3.274
4.280, -5.435, 2.698
