NumRegions:6
RegionID:-1
Center:1.360,1.759,-0.676
Normal:0.315,-0.008,-0.949
NumPatches:8
1.502, 1.349, -0.625
1.654, 1.522, -0.576
1.650, 2.665, -0.588
1.326, 2.280, -0.692
1.158, 2.058, -0.746
1.029, 1.883, -0.787
1.098, 1.401, -0.760
1.149, 1.355, -0.743
RegionID:-1
Center:2.219,-1.226,-0.389
Normal:0.314,0.001,-0.949
NumPatches:11
1.874, -3.092, -0.505
2.916, -2.618, -0.160
3.683, -1.896, 0.095
3.674, 0.775, 0.095
3.666, 0.820, 0.092
2.541, 0.547, -0.281
1.895, 0.313, -0.494
0.783, -1.898, -0.865
0.955, -2.373, -0.808
1.168, -2.917, -0.738
1.405, -3.270, -0.661
RegionID:-1
Center:-2.305,2.063,1.006
Normal:-0.797,0.541,-0.270
NumPatches:8
-1.310, 3.164, 0.275
-1.248, 3.262, 0.286
-1.348, 3.502, 1.063
-1.607, 3.312, 1.447
-2.671, 1.639, 1.237
-3.097, 0.937, 1.090
-3.390, 0.446, 0.972
-3.442, 0.283, 0.799
RegionID:-1
Center:1.430,-4.777,1.226
Normal:-0.521,-0.835,-0.178
NumPatches:8
1.376, -4.612, 0.611
1.242, -4.577, 0.841
1.171, -4.584, 1.081
1.057, -4.625, 1.603
1.208, -4.729, 1.651
1.536, -4.955, 1.752
1.939, -5.099, 1.244
1.829, -4.965, 0.938
RegionID:-1
Center:5.442,-3.533,2.677
Normal:-0.788,0.555,-0.267
NumPatches:16
4.379, -5.398, 1.942
4.431, -5.327, 1.936
4.482, -5.258, 1.930
4.534, -5.187, 1.925
4.637, -5.045, 1.914
4.686, -4.977, 1.910
4.737, -4.908, 1.905
5.704, -3.549, 1.872
5.752, -3.480, 1.874
5.799, -3.412, 1.875
5.848, -3.342, 1.878
6.562, -1.946, 2.669
6.643, -1.444, 3.472
6.137, -2.227, 3.339
4.810, -4.322, 2.906
4.138, -5.398, 2.654
RegionID:-1
Center:8.411,1.003,3.501
Normal:-0.827,0.474,-0.301
NumPatches:10
8.118, 0.589, 3.655
8.273, 0.589, 3.228
8.431, 0.600, 2.810
8.487, 0.710, 2.831
8.546, 0.826, 2.853
8.669, 1.072, 2.900
8.828, 1.394, 2.972
8.724, 1.514, 3.445
8.260, 1.228, 4.270
8.095, 0.872, 4.161
