NumRegions:8
RegionID:-1
Center:-0.470,0.565,-0.152
Normal:-0.809,0.495,-0.317
NumPatches:9
-0.490, 0.541, -0.138
-0.490, 0.516, -0.179
-0.484, 0.502, -0.215
-0.462, 0.493, -0.285
-0.443, 0.613, -0.146
-0.450, 0.651, -0.071
-0.456, 0.642, -0.069
-0.462, 0.632, -0.068
-0.487, 0.593, -0.066
RegionID:-1
Center:1.108,2.591,-0.773
Normal:0.318,-0.006,-0.948
NumPatches:7
1.102, 2.178, -0.772
1.491, 3.129, -0.648
1.420, 3.289, -0.673
1.075, 3.120, -0.787
0.834, 2.148, -0.862
0.806, 1.877, -0.870
0.838, 1.821, -0.858
RegionID:-1
Center:1.477,1.589,-0.642
Normal:0.316,-0.009,-0.949
NumPatches:8
1.496, 1.379, -0.634
1.663, 1.532, -0.579
1.851, 1.708, -0.519
1.734, 2.056, -0.561
1.520, 1.904, -0.631
1.346, 1.740, -0.687
1.167, 1.321, -0.742
1.213, 1.240, -0.726
RegionID:-1
Center:2.169,-1.273,-0.412
Normal:0.312,-0.000,-0.950
NumPatches:9
3.708, -1.851, 0.093
4.536, -0.072, 0.364
3.710, 0.408, 0.093
2.562, 0.421, -0.284
1.785, 0.116, -0.539
0.779, -1.876, -0.869
0.830, -2.154, -0.852
1.142, -2.950, -0.749
2.163, -4.127, -0.413
RegionID:-1
Center:2.205,0.604,-0.402
Normal:0.303,0.009,-0.953
NumPatches:10
2.330, 0.426, -0.364
2.579, 0.474, -0.285
2.581, 0.542, -0.283
2.582, 0.576, -0.283
2.581, 0.929, -0.279
2.282, 0.858, -0.375
1.863, 0.697, -0.510
1.712, 0.637, -0.559
1.741, 0.435, -0.552
1.911, 0.396, -0.498
RegionID:-1
Center:1.058,5.003,0.878
Normal:-0.868,0.351,-0.351
NumPatches:7
1.096, 4.334, 0.116
1.265, 4.460, -0.175
1.459, 6.623, 1.505
1.219, 6.323, 1.798
1.169, 6.184, 1.782
1.015, 5.740, 1.721
0.753, 4.402, 1.032
RegionID:-1
Center:-1.988,2.321,1.102
Normal:-0.732,0.636,-0.245
NumPatches:8
-0.863, 3.299, 0.277
-0.833, 3.334, 0.277
-0.277, 4.555, 1.784
-1.245, 3.381, 1.633
-2.100, 2.316, 1.422
-2.717, 1.532, 1.232
-3.384, 0.664, 0.974
-3.539, 0.428, 0.821
RegionID:-1
Center:4.981,-4.302,2.488
Normal:-0.722,0.649,-0.238
NumPatches:11
3.271, -6.251, 2.356
3.821, -5.792, 1.940
5.363, -4.222, 1.545
5.476, -4.096, 1.548
5.532, -4.032, 1.550
5.589, -3.968, 1.552
5.970, -3.409, 1.921
6.427, -2.614, 2.707
6.338, -2.579, 3.070
5.076, -3.905, 3.282
2.978, -6.428, 2.763
