NumRegions:6
RegionID:-1
Center:1.308,2.426,-0.706
Normal:0.318,-0.006,-0.948
NumPatches:10
1.280, 1.853, -0.711
1.697, 2.383, -0.575
1.726, 2.487, -0.566
1.890, 3.243, -0.516
1.869, 3.300, -0.523
1.844, 3.349, -0.532
1.465, 3.182, -0.658
1.199, 2.897, -0.745
0.793, 2.222, -0.877
0.820, 1.852, -0.866
RegionID:-1
Center:1.516,1.659,-0.630
Normal:0.289,0.028,-0.957
NumPatches:5
2.141, 2.247, -0.424
1.320, 1.751, -0.687
1.192, 1.567, -0.731
1.118, 1.400, -0.758
1.675, 1.499, -0.587
RegionID:-1
Center:2.196,-1.380,-0.402
Normal:0.312,-0.000,-0.950
NumPatches:13
2.316, -3.346, -0.362
3.699, -2.138, 0.092
4.562, -0.296, 0.375
4.555, -0.240, 0.372
3.698, 0.133, 0.091
2.345, 0.126, -0.353
1.932, -0.196, -0.489
1.383, -0.774, -0.669
0.916, -1.717, -0.822
0.868, -2.099, -0.838
0.937, -2.415, -0.815
1.114, -2.984, -0.757
1.322, -3.411, -0.688
RegionID:-1
Center:-1.834,2.386,1.153
Normal:-0.676,0.701,-0.227
NumPatches:12
-3.331, 0.824, 0.791
-3.291, 0.861, 0.782
-3.083, 1.051, 0.751
-2.711, 1.394, 0.705
-2.683, 1.421, 0.702
-0.555, 3.449, 0.627
-0.476, 3.530, 0.641
-0.334, 3.965, 1.560
-0.753, 3.591, 1.656
-2.239, 2.070, 1.384
-3.035, 1.211, 1.103
-3.236, 0.970, 0.957
RegionID:-1
Center:4.829,-4.537,2.465
Normal:-0.668,0.712,-0.218
NumPatches:17
3.422, -6.125, 1.593
3.488, -6.065, 1.588
3.553, -6.005, 1.584
3.617, -5.945, 1.580
3.682, -5.886, 1.576
3.745, -5.828, 1.572
3.808, -5.770, 1.569
3.871, -5.712, 1.566
4.984, -4.673, 1.546
5.108, -4.556, 1.549
5.169, -4.498, 1.551
5.231, -4.439, 1.553
5.355, -4.321, 1.558
6.575, -2.679, 3.184
5.215, -3.909, 3.336
4.866, -4.245, 3.309
3.136, -6.174, 2.312
RegionID:-1
Center:8.352,-0.920,3.648
Normal:-0.663,0.700,-0.265
NumPatches:12
7.908, -1.360, 3.596
8.368, -1.221, 2.811
8.477, -1.107, 2.840
8.660, -0.914, 2.892
8.852, -0.710, 2.950
8.999, -0.552, 2.998
8.858, -0.515, 3.450
8.613, -0.588, 3.871
8.355, -0.677, 4.283
8.190, -0.860, 4.212
7.859, -1.229, 4.066
7.776, -1.321, 4.030
