NumRegions:10
RegionID:-1
Center:1.342,2.275,-0.693
Normal:0.318,-0.008,-0.948
NumPatches:10
1.666, 2.221, -0.584
1.947, 3.076, -0.497
1.931, 3.136, -0.503
1.851, 3.365, -0.532
1.508, 3.074, -0.644
1.245, 2.807, -0.730
0.973, 2.367, -0.818
0.784, 1.907, -0.877
0.870, 1.785, -0.847
1.395, 1.603, -0.670
RegionID:-1
Center:2.167,-1.291,-0.414
Normal:0.312,-0.001,-0.950
NumPatches:15
3.742, -2.045, 0.105
3.724, -0.916, 0.098
3.702, -0.209, 0.090
3.693, -0.117, 0.087
3.673, -0.026, 0.080
2.595, 0.041, -0.275
2.306, 0.039, -0.369
1.938, 0.031, -0.490
1.781, 0.028, -0.542
1.465, -0.411, -0.645
1.011, -1.894, -0.793
1.114, -2.137, -0.759
1.533, -2.949, -0.620
1.888, -3.119, -0.503
2.350, -3.224, -0.351
RegionID:-1
Center:1.703,1.490,-0.570
Normal:0.309,0.000,-0.951
NumPatches:5
2.159, 1.556, -0.422
2.146, 1.630, -0.427
1.593, 1.683, -0.606
1.429, 1.508, -0.659
1.556, 1.208, -0.618
RegionID:-1
Center:1.941,0.974,-0.486
Normal:0.306,-0.017,-0.952
NumPatches:8
2.034, 0.827, -0.453
2.266, 0.935, -0.380
2.256, 1.032, -0.385
1.987, 1.230, -0.476
1.960, 1.244, -0.485
1.783, 1.108, -0.539
1.674, 0.739, -0.567
1.679, 0.690, -0.565
RegionID:-1
Center:2.310,0.493,-0.364
Normal:0.318,-0.013,-0.948
NumPatches:7
2.553, 0.372, -0.281
2.567, 0.509, -0.278
2.560, 0.575, -0.282
2.555, 0.608, -0.284
2.280, 0.672, -0.377
1.895, 0.475, -0.504
2.302, 0.303, -0.365
RegionID:-1
Center:-3.711,0.432,0.505
Normal:-0.664,0.717,-0.212
NumPatches:7
-3.925, 0.235, 0.509
-3.824, 0.268, 0.305
-3.675, 0.402, 0.291
-3.500, 0.562, 0.285
-3.504, 0.612, 0.465
-3.656, 0.589, 0.865
-3.945, 0.279, 0.719
RegionID:-1
Center:-1.823,2.365,1.149
Normal:-0.657,0.721,-0.220
NumPatches:14
-3.542, 0.699, 0.829
-3.419, 0.805, 0.807
-3.191, 1.002, 0.771
-2.884, 1.268, 0.726
-2.820, 1.323, 0.718
-2.642, 1.482, 0.702
-0.429, 3.478, 0.629
-0.347, 3.557, 0.643
-0.278, 3.891, 1.531
-0.332, 3.915, 1.770
-2.258, 2.038, 1.378
-2.657, 1.629, 1.232
-2.995, 1.280, 1.100
-3.588, 0.660, 0.839
RegionID:-1
Center:5.265,-4.131,2.639
Normal:-0.647,0.731,-0.216
NumPatches:9
4.996, -4.691, 1.552
5.060, -4.634, 1.553
5.122, -4.578, 1.555
5.579, -4.065, 1.924
6.534, -2.844, 3.199
5.801, -3.419, 3.446
5.614, -3.594, 3.413
5.551, -3.654, 3.401
3.963, -5.301, 2.583
RegionID:-1
Center:3.469,-5.914,1.972
Normal:-0.653,0.729,-0.204
NumPatches:12
3.203, -6.258, 1.593
3.271, -6.199, 1.587
3.337, -6.141, 1.582
3.405, -6.082, 1.577
3.471, -6.024, 1.573
3.539, -5.964, 1.569
3.605, -5.906, 1.566
3.671, -5.847, 1.563
3.736, -5.790, 1.561
3.894, -5.457, 2.246
3.182, -6.079, 2.301
3.120, -6.134, 2.305
RegionID:-1
Center:8.161,-1.286,3.755
Normal:-0.611,0.742,-0.276
NumPatches:6
8.402, -1.431, 2.832
8.501, -1.339, 2.860
8.598, -1.249, 2.887
8.566, -1.101, 3.355
8.396, -0.885, 4.312
7.522, -1.742, 3.946
