NumRegions:8
RegionID:-1
Center:1.538,2.262,-0.625
Normal:0.316,-0.006,-0.949
NumPatches:9
1.574, 1.721, -0.610
2.104, 2.431, -0.438
2.318, 3.466, -0.373
2.269, 3.680, -0.391
2.251, 3.752, -0.397
1.587, 2.876, -0.613
1.090, 2.180, -0.774
1.029, 1.865, -0.793
1.186, 1.301, -0.737
RegionID:-1
Center:2.244,-1.351,-0.386
Normal:0.312,-0.000,-0.950
NumPatches:18
3.684, -2.070, 0.087
3.700, -1.903, 0.092
3.702, -1.734, 0.093
3.707, -0.719, 0.094
3.704, -0.485, 0.093
3.700, -0.392, 0.091
3.695, -0.299, 0.090
3.684, -0.207, 0.086
2.573, 0.167, -0.279
2.324, 0.125, -0.361
2.131, 0.086, -0.424
1.418, -1.102, -0.658
1.323, -1.286, -0.689
1.098, -1.733, -0.762
1.029, -1.875, -0.785
1.127, -2.099, -0.752
1.530, -2.941, -0.620
2.301, -3.412, -0.366
RegionID:-1
Center:1.738,1.535,-0.557
Normal:0.321,-0.002,-0.947
NumPatches:8
1.907, 1.432, -0.499
2.096, 1.810, -0.436
2.119, 2.030, -0.428
1.591, 1.681, -0.607
1.440, 1.522, -0.658
1.461, 1.467, -0.650
1.531, 1.285, -0.626
1.747, 1.250, -0.553
RegionID:-1
Center:2.028,1.299,-0.461
Normal:0.317,-0.005,-0.948
NumPatches:6
1.991, 1.082, -0.472
2.530, 1.651, -0.294
2.595, 1.780, -0.273
2.155, 1.524, -0.419
1.600, 1.098, -0.603
1.619, 0.966, -0.596
RegionID:-1
Center:2.057,0.686,-0.450
Normal:0.294,0.027,-0.955
NumPatches:9
2.078, 0.532, -0.448
2.314, 0.605, -0.373
2.313, 0.700, -0.371
2.307, 0.796, -0.370
2.247, 0.937, -0.384
1.828, 0.761, -0.518
1.705, 0.586, -0.561
1.733, 0.496, -0.555
1.897, 0.492, -0.505
RegionID:-1
Center:-3.387,-0.800,-0.351
Normal:-0.726,-0.642,-0.245
NumPatches:9
-3.260, -0.833, -0.644
-3.466, -0.656, -0.494
-3.599, -0.640, -0.141
-3.535, -0.716, -0.135
-3.467, -0.794, -0.131
-3.397, -0.873, -0.130
-3.364, -0.910, -0.129
-3.281, -0.939, -0.301
-3.174, -0.935, -0.630
RegionID:-1
Center:-1.927,2.242,1.123
Normal:-0.602,0.772,-0.203
NumPatches:12
-3.974, 0.485, 0.515
-3.867, 0.515, 0.312
-3.711, 0.634, 0.301
-3.662, 0.671, 0.298
-3.478, 0.812, 0.288
-3.391, 0.879, 0.284
-0.085, 3.601, 0.832
0.808, 4.635, 2.117
-2.267, 2.046, 1.389
-2.677, 1.689, 1.248
-3.667, 0.816, 0.863
-3.924, 0.575, 0.709
RegionID:-1
Center:4.152,-5.196,2.311
Normal:-0.594,0.780,-0.197
NumPatches:9
2.196, -6.766, 1.989
2.869, -6.356, 1.583
4.743, -5.024, 1.212
5.884, -3.772, 2.728
5.816, -3.730, 3.102
5.546, -3.848, 3.448
5.347, -4.007, 3.416
2.695, -6.219, 2.647
1.931, -6.868, 2.381
