NumRegions:9
RegionID:-1
Center:2.144,-1.494,-0.412
Normal:0.315,0.001,-0.949
NumPatches:11
4.501, -1.028, 0.371
4.533, -0.919, 0.382
3.637, -0.249, 0.085
2.964, -0.153, -0.139
2.544, -0.163, -0.278
1.892, -0.238, -0.495
1.254, -1.072, -0.707
0.777, -1.875, -0.865
0.827, -2.147, -0.849
1.087, -3.025, -0.764
2.290, -3.395, -0.365
RegionID:-1
Center:0.048,1.213,-0.313
Normal:-0.698,0.670,-0.252
NumPatches:9
-0.015, 1.137, -0.339
0.055, 1.178, -0.424
0.073, 1.194, -0.430
0.092, 1.212, -0.437
0.111, 1.230, -0.443
0.141, 1.281, -0.388
0.100, 1.293, -0.244
0.062, 1.279, -0.174
-0.019, 1.179, -0.218
RegionID:-1
Center:1.590,2.337,-0.605
Normal:0.321,-0.007,-0.947
NumPatches:10
1.379, 1.632, -0.672
1.541, 1.820, -0.618
2.089, 2.476, -0.437
2.390, 3.060, -0.339
2.368, 3.192, -0.348
2.289, 3.516, -0.377
1.585, 2.876, -0.611
1.090, 2.180, -0.773
1.031, 1.871, -0.791
1.216, 1.547, -0.726
RegionID:-1
Center:1.909,1.395,-0.492
Normal:0.317,0.000,-0.949
NumPatches:8
2.203, 1.168, -0.395
2.203, 1.204, -0.395
2.167, 1.487, -0.407
2.074, 1.843, -0.437
1.644, 1.539, -0.581
1.476, 1.377, -0.637
1.426, 1.112, -0.654
1.972, 1.100, -0.472
RegionID:-1
Center:2.200,0.250,-0.399
Normal:0.318,-0.025,-0.948
NumPatches:6
2.082, 0.143, -0.435
2.555, 0.185, -0.278
2.574, 0.383, -0.277
2.328, 0.351, -0.358
1.744, 0.259, -0.552
1.910, 0.157, -0.494
RegionID:-1
Center:-3.203,-0.578,-0.259
Normal:-0.762,-0.597,-0.251
NumPatches:10
-2.910, -0.820, -0.572
-2.960, -0.754, -0.579
-3.469, -0.143, -0.484
-3.562, -0.095, -0.316
-3.306, -0.588, 0.079
-3.281, -0.622, 0.081
-3.168, -0.765, 0.081
-3.057, -0.905, 0.077
-2.963, -0.881, -0.268
-2.887, -0.851, -0.569
RegionID:-1
Center:-3.487,1.300,0.541
Normal:-0.550,0.817,-0.173
NumPatches:11
-3.846, 1.054, 0.516
-3.751, 1.074, 0.311
-3.643, 1.145, 0.302
-3.396, 1.308, 0.287
-3.130, 1.485, 0.278
-3.197, 1.517, 0.644
-3.232, 1.533, 0.835
-3.468, 1.383, 0.874
-3.519, 1.351, 0.883
-3.563, 1.322, 0.887
-3.892, 1.067, 0.728
RegionID:-1
Center:4.106,-5.019,2.328
Normal:-0.542,0.821,-0.180
NumPatches:8
1.868, -6.587, 1.916
2.492, -6.334, 1.198
4.499, -5.011, 1.181
4.571, -4.964, 1.183
6.355, -3.337, 3.223
6.358, -3.242, 3.645
5.314, -3.987, 3.394
2.384, -6.106, 2.558
RegionID:-1
Center:-1.576,2.737,1.227
Normal:-0.548,0.818,-0.176
NumPatches:10
-3.041, 1.664, 0.797
-2.769, 1.839, 0.765
-2.484, 2.024, 0.739
-2.347, 2.113, 0.728
0.154, 3.914, 1.317
0.259, 3.991, 1.347
0.206, 4.004, 1.573
-0.037, 3.880, 1.753
-1.974, 2.518, 1.450
-2.941, 1.810, 1.163
