NumRegions:8
RegionID:-1
Center:1.502,2.217,-0.632
Normal:0.324,-0.008,-0.946
NumPatches:11
1.402, 1.576, -0.661
1.742, 1.947, -0.547
2.097, 2.362, -0.429
2.400, 2.998, -0.331
2.350, 3.251, -0.350
2.298, 3.438, -0.369
1.191, 2.878, -0.743
0.850, 2.132, -0.854
0.915, 1.715, -0.828
1.075, 1.486, -0.772
1.251, 1.474, -0.712
RegionID:-1
Center:2.158,-1.462,-0.407
Normal:0.316,0.002,-0.949
NumPatches:13
3.647, -1.989, 0.088
3.658, -1.880, 0.092
3.668, -1.245, 0.096
3.653, -0.341, 0.092
3.650, -0.295, 0.092
3.634, -0.159, 0.086
2.950, -0.116, -0.141
1.606, -0.244, -0.589
0.878, -1.742, -0.833
1.018, -2.285, -0.788
1.530, -2.943, -0.618
1.835, -3.201, -0.517
2.290, -3.394, -0.366
RegionID:-1
Center:0.039,1.240,-0.274
Normal:-0.772,0.575,-0.272
NumPatches:11
-0.047, 1.153, -0.216
0.012, 1.167, -0.354
0.060, 1.196, -0.431
0.073, 1.210, -0.436
0.093, 1.233, -0.445
0.136, 1.281, -0.463
0.122, 1.325, -0.330
0.033, 1.337, -0.053
0.002, 1.297, -0.049
-0.014, 1.277, -0.047
-0.032, 1.226, -0.104
RegionID:-1
Center:1.809,1.413,-0.526
Normal:0.321,0.012,-0.947
NumPatches:10
1.998, 1.020, -0.467
2.198, 1.201, -0.397
2.197, 1.237, -0.396
2.196, 1.273, -0.397
2.147, 1.510, -0.410
1.753, 1.891, -0.539
1.573, 1.704, -0.603
1.421, 1.543, -0.656
1.396, 1.140, -0.669
1.838, 0.943, -0.522
RegionID:-1
Center:-3.136,-0.555,-0.254
Normal:-0.767,-0.587,-0.259
NumPatches:11
-2.890, -0.739, -0.565
-2.914, -0.705, -0.568
-3.379, -0.142, -0.471
-3.436, -0.139, -0.306
-3.373, -0.300, -0.129
-3.239, -0.569, 0.083
-3.125, -0.716, 0.079
-3.018, -0.854, 0.076
-2.960, -0.846, -0.115
-2.920, -0.833, -0.264
-2.867, -0.770, -0.562
RegionID:-1
Center:-3.433,1.437,0.538
Normal:-0.542,0.825,-0.162
NumPatches:8
-3.849, 1.160, 0.519
-3.765, 1.175, 0.315
-3.004, 1.626, 0.063
-3.104, 1.711, 0.829
-3.237, 1.628, 0.849
-3.464, 1.484, 0.879
-3.512, 1.454, 0.886
-3.845, 1.204, 0.729
RegionID:-1
Center:-1.481,2.873,1.249
Normal:-0.539,0.824,-0.177
NumPatches:9
-2.993, 1.830, 0.992
-2.962, 1.809, 0.802
-2.210, 2.250, 0.567
0.138, 3.899, 1.098
0.299, 4.013, 1.138
0.313, 4.126, 1.622
0.004, 3.957, 1.781
-1.949, 2.616, 1.478
-2.858, 1.956, 1.168
RegionID:-1
Center:3.798,-5.197,2.143
Normal:-0.532,0.829,-0.175
NumPatches:12
2.459, -6.258, 1.183
2.601, -6.168, 1.178
2.671, -6.124, 1.175
2.741, -6.079, 1.173
2.811, -6.035, 1.171
2.949, -5.947, 1.167
4.468, -4.970, 1.173
4.540, -4.924, 1.176
5.702, -3.859, 2.688
5.644, -3.818, 3.059
4.952, -4.206, 3.325
1.772, -6.548, 1.898
