NumRegions:7
RegionID:-1
Center:0.007,1.213,-0.233
Normal:-0.775,0.578,-0.256
NumPatches:10
-0.039, 1.060, -0.438
-0.012, 1.090, -0.452
0.055, 1.190, -0.428
0.086, 1.253, -0.381
0.090, 1.285, -0.320
0.072, 1.320, -0.185
0.040, 1.373, 0.029
0.015, 1.339, 0.027
-0.033, 1.242, -0.046
-0.075, 1.138, -0.154
RegionID:-1
Center:2.143,-1.561,-0.411
Normal:0.316,0.003,-0.949
NumPatches:11
3.661, -2.116, 0.093
3.662, -2.057, 0.094
3.640, -0.204, 0.092
2.531, -0.100, -0.278
1.751, -0.329, -0.538
1.245, -1.122, -0.709
0.814, -1.837, -0.854
0.959, -2.389, -0.807
1.160, -2.888, -0.742
1.830, -3.291, -0.520
2.308, -3.333, -0.361
RegionID:-1
Center:1.504,2.245,-0.627
Normal:0.320,-0.004,-0.947
NumPatches:10
1.546, 1.731, -0.610
1.741, 1.947, -0.545
2.422, 2.734, -0.318
2.357, 3.095, -0.341
2.307, 3.362, -0.359
2.290, 3.427, -0.365
0.947, 2.394, -0.815
0.807, 2.184, -0.862
0.826, 2.150, -0.856
1.267, 1.460, -0.704
RegionID:-1
Center:1.970,1.299,-0.467
Normal:0.324,0.012,-0.946
NumPatches:8
2.197, 1.202, -0.391
2.179, 1.302, -0.396
2.171, 1.335, -0.398
2.127, 1.502, -0.411
1.876, 1.470, -0.498
1.696, 1.329, -0.561
1.572, 1.170, -0.605
1.975, 1.071, -0.469
RegionID:-1
Center:-3.140,-0.512,-0.236
Normal:-0.771,-0.579,-0.265
NumPatches:10
-2.991, -0.624, -0.427
-3.015, -0.590, -0.431
-3.092, -0.483, -0.441
-3.370, -0.098, -0.469
-3.431, -0.094, -0.304
-3.484, -0.099, -0.137
-3.234, -0.532, 0.079
-2.998, -0.846, 0.077
-2.897, -0.825, -0.261
-2.922, -0.720, -0.416
RegionID:-1
Center:-1.871,2.604,1.095
Normal:-0.534,0.827,-0.179
NumPatches:12
-3.849, 1.204, 0.522
-3.747, 1.224, 0.315
-2.998, 1.654, 0.065
0.292, 3.961, 0.914
0.315, 4.076, 1.377
0.261, 4.092, 1.609
0.005, 3.965, 1.787
-1.850, 2.703, 1.491
-2.386, 2.320, 1.315
-2.800, 2.020, 1.166
-3.563, 1.466, 0.885
-3.832, 1.257, 0.721
RegionID:-1
Center:3.948,-5.067,2.221
Normal:-0.528,0.831,-0.175
NumPatches:15
2.382, -6.280, 1.182
2.452, -6.236, 1.180
2.522, -6.192, 1.177
2.593, -6.148, 1.174
2.663, -6.104, 1.172
2.732, -6.060, 1.170
2.802, -6.016, 1.168
2.940, -5.929, 1.164
3.010, -5.885, 1.162
4.461, -4.963, 1.171
4.531, -4.918, 1.173
6.262, -3.393, 3.197
6.194, -3.352, 3.598
4.809, -4.293, 3.301
1.766, -6.522, 1.890
