NumRegions:8
RegionID:-1
Center:2.088,-1.528,-0.429
Normal:0.316,0.001,-0.949
NumPatches:15
2.337, -3.205, -0.347
3.658, -2.054, 0.093
3.664, -0.758, 0.096
3.657, -0.709, 0.094
3.648, -0.661, 0.091
2.963, -0.153, -0.137
2.093, -0.085, -0.426
1.610, -0.123, -0.587
1.156, -0.960, -0.739
0.908, -1.697, -0.822
0.861, -2.075, -0.838
0.953, -2.366, -0.808
1.160, -2.891, -0.739
1.434, -3.118, -0.648
1.779, -3.389, -0.533
RegionID:-1
Center:0.077,1.195,-0.234
Normal:-0.756,0.605,-0.251
NumPatches:10
-0.012, 1.165, -0.039
-0.023, 1.128, -0.095
-0.034, 1.091, -0.151
0.021, 1.043, -0.430
0.038, 1.062, -0.439
0.112, 1.162, -0.419
0.203, 1.289, -0.389
0.187, 1.322, -0.259
0.137, 1.345, -0.055
0.034, 1.282, 0.106
RegionID:-1
Center:-1.237,3.091,0.864
Normal:-0.433,0.889,-0.148
NumPatches:9
-2.484, 2.540, 1.201
-2.642, 2.433, 1.021
-1.162, 2.806, -1.063
-1.027, 2.871, -1.066
0.491, 3.977, 1.133
0.795, 4.216, 1.684
0.569, 4.140, 1.885
-1.579, 3.039, 1.554
-2.179, 2.717, 1.372
RegionID:-1
Center:1.881,1.670,-0.506
Normal:0.319,-0.002,-0.948
NumPatches:14
2.069, 0.757, -0.440
2.263, 0.795, -0.375
2.518, 0.926, -0.289
2.549, 0.976, -0.279
2.578, 1.062, -0.269
2.462, 2.588, -0.312
2.410, 2.942, -0.330
2.390, 2.990, -0.337
1.985, 2.828, -0.473
1.390, 2.149, -0.672
1.246, 1.936, -0.720
1.124, 1.737, -0.761
1.215, 1.515, -0.729
1.849, 0.753, -0.514
RegionID:-1
Center:-3.428,0.781,-0.428
Normal:-0.812,-0.519,-0.268
NumPatches:12
-3.261, 0.717, -0.814
-3.391, 1.044, -1.051
-3.513, 1.264, -1.107
-3.551, 1.331, -1.124
-3.627, 1.357, -0.942
-3.832, 1.379, -0.367
-3.689, 1.042, -0.145
-3.255, 0.246, 0.079
-3.207, 0.170, 0.081
-3.177, 0.125, 0.079
-3.110, 0.119, -0.112
-3.059, 0.117, -0.262
RegionID:-1
Center:2.271,0.329,-0.369
Normal:0.314,0.006,-0.949
NumPatches:6
2.551, 0.182, -0.278
3.660, 0.441, 0.091
3.650, 0.531, 0.088
2.294, 0.521, -0.361
1.877, 0.448, -0.499
1.738, 0.146, -0.547
RegionID:-1
Center:-3.092,2.155,0.680
Normal:-0.436,0.889,-0.139
NumPatches:7
-3.611, 1.909, 0.737
-3.540, 1.879, 0.317
-2.712, 2.279, 0.285
-2.668, 2.301, 0.283
-2.710, 2.398, 1.035
-2.984, 2.269, 1.072
-3.419, 2.033, 0.924
RegionID:-1
Center:3.656,-5.163,2.127
Normal:-0.431,0.890,-0.148
NumPatches:18
1.535, -6.299, 1.476
1.842, -6.206, 1.141
1.914, -6.171, 1.139
2.058, -6.102, 1.135
2.130, -6.067, 1.133
2.273, -5.999, 1.130
2.344, -5.965, 1.129
3.772, -5.272, 1.137
3.921, -5.199, 1.142
3.993, -5.163, 1.145
4.068, -5.126, 1.148
5.334, -4.323, 2.294
6.183, -3.754, 3.247
6.042, -3.757, 3.639
5.954, -3.804, 3.614
5.689, -3.945, 3.539
2.136, -5.904, 2.099
1.526, -6.249, 1.801
