NumRegions:14
RegionID:0
Center:-0.028,0.088,1.351
Normal:0.012,-0.446,-0.895
NumPatches:1165
-1.000, -0.774, 1.767
-0.995, -0.756, 1.758
-0.990, -0.738, 1.749
-0.985, -0.721, 1.740
-0.980, -0.703, 1.732
-0.976, -0.686, 1.724
-0.957, -0.669, 1.715
-0.953, -0.652, 1.707
-0.934, -0.635, 1.699
-0.930, -0.619, 1.691
-0.912, -0.603, 1.683
-0.908, -0.586, 1.675
-0.890, -0.570, 1.667
-0.886, -0.554, 1.659
-0.869, -0.538, 1.651
-0.865, -0.523, 1.644
-0.847, -0.507, 1.636
-0.844, -0.492, 1.629
-0.827, -0.477, 1.621
-0.823, -0.462, 1.614
-0.806, -0.447, 1.607
-0.790, -0.432, 1.600
-0.774, -0.417, 1.593
-0.761, -0.417, 1.593
-0.777, -0.432, 1.600
-0.794, -0.447, 1.607
-0.810, -0.462, 1.614
-0.745, -0.403, 1.586
-0.729, -0.388, 1.579
-0.717, -0.388, 1.579
-0.733, -0.403, 1.586
-0.749, -0.417, 1.593
-0.704, -0.388, 1.579
-0.692, -0.388, 1.579
-0.679, -0.389, 1.580
-0.667, -0.389, 1.580
-0.657, -0.403, 1.587
-0.670, -0.403, 1.587
-0.644, -0.403, 1.587
-0.632, -0.403, 1.587
-0.622, -0.418, 1.595
-0.635, -0.418, 1.595
-0.609, -0.418, 1.595
-0.599, -0.433, 1.602
-0.612, -0.433, 1.602
-0.587, -0.433, 1.602
-0.574, -0.433, 1.603
-0.564, -0.448, 1.610
-0.576, -0.448, 1.610
-0.551, -0.448, 1.611
-0.540, -0.463, 1.618
-0.553, -0.463, 1.618
-0.528, -0.463, 1.619
-0.517, -0.478, 1.626
-0.530, -0.478, 1.626
-0.504, -0.478, 1.626
-0.489, -0.463, 1.619
-0.487, -0.448, 1.612
-0.484, -0.433, 1.604
-0.482, -0.418, 1.597
-0.470, -0.418, 1.597
-0.455, -0.404, 1.590
-0.440, -0.389, 1.583
-0.426, -0.375, 1.576
-0.413, -0.375, 1.576
-0.427, -0.389, 1.583
-0.442, -0.404, 1.590
-0.457, -0.418, 1.597
-0.399, -0.361, 1.569
-0.384, -0.347, 1.562
-0.370, -0.333, 1.556
-0.358, -0.333, 1.556
-0.372, -0.347, 1.563
-0.386, -0.361, 1.569
-0.400, -0.375, 1.576
-0.345, -0.333, 1.556
-0.333, -0.333, 1.557
-0.321, -0.333, 1.557
-0.308, -0.333, 1.557
-0.296, -0.333, 1.557
-0.283, -0.333, 1.557
-0.271, -0.333, 1.558
-0.259, -0.333, 1.558
-0.246, -0.333, 1.558
-0.234, -0.333, 1.558
-0.221, -0.333, 1.558
-0.209, -0.334, 1.559
-0.196, -0.334, 1.559
-0.184, -0.334, 1.559
-0.171, -0.334, 1.559
-0.159, -0.334, 1.559
-0.147, -0.334, 1.559
-0.134, -0.334, 1.560
-0.122, -0.334, 1.560
-0.109, -0.334, 1.560
-0.097, -0.334, 1.560
-0.084, -0.334, 1.560
-0.072, -0.334, 1.561
-0.059, -0.334, 1.561
-0.047, -0.334, 1.561
-0.034, -0.334, 1.561
-0.022, -0.334, 1.561
-0.009, -0.334, 1.562
0.003, -0.334, 1.562
0.016, -0.334, 1.562
0.028, -0.334, 1.562
0.041, -0.334, 1.562
0.053, -0.348, 1.569
0.041, -0.348, 1.569
0.066, -0.348, 1.569
0.078, -0.348, 1.569
0.091, -0.349, 1.570
0.104, -0.349, 1.570
0.116, -0.349, 1.570
0.117, -0.363, 1.577
0.117, -0.377, 1.585
0.118, -0.392, 1.592
0.131, -0.406, 1.599
0.118, -0.406, 1.599
0.132, -0.421, 1.607
0.132, -0.436, 1.614
0.133, -0.451, 1.621
0.134, -0.466, 1.629
0.134, -0.481, 1.636
0.135, -0.496, 1.644
0.135, -0.512, 1.652
0.136, -0.528, 1.660
0.137, -0.544, 1.668
0.137, -0.560, 1.676
0.138, -0.576, 1.684
0.139, -0.592, 1.692
0.139, -0.609, 1.700
0.154, -0.625, 1.709
0.141, -0.642, 1.717
0.140, -0.625, 1.708
0.155, -0.642, 1.717
0.141, -0.659, 1.725
0.155, -0.659, 1.725
0.142, -0.676, 1.734
0.156, -0.676, 1.734
0.143, -0.693, 1.742
0.144, -0.711, 1.751
0.130, -0.728, 1.760
0.144, -0.729, 1.760
0.131, -0.746, 1.769
0.145, -0.746, 1.769
0.132, -0.764, 1.778
0.132, -0.782, 1.786
0.119, -0.801, 1.796
0.133, -0.801, 1.796
0.119, -0.819, 1.805
0.134, -0.819, 1.805
0.120, -0.838, 1.814
0.167, -0.625, 1.709
0.167, -0.609, 1.700
0.166, -0.592, 1.692
0.179, -0.576, 1.684
0.178, -0.560, 1.676
0.190, -0.544, 1.669
0.203, -0.528, 1.661
0.202, -0.512, 1.653
0.214, -0.497, 1.645
0.227, -0.497, 1.646
0.215, -0.512, 1.653
0.240, -0.497, 1.646
0.253, -0.497, 1.646
0.267, -0.497, 1.646
0.281, -0.513, 1.654
0.268, -0.513, 1.654
0.294, -0.513, 1.654
0.309, -0.529, 1.662
0.296, -0.529, 1.662
0.323, -0.529, 1.663
0.338, -0.545, 1.671
0.324, -0.545, 1.671
0.351, -0.545, 1.671
0.366, -0.561, 1.679
0.353, -0.561, 1.679
0.380, -0.561, 1.680
0.395, -0.577, 1.688
0.381, -0.577, 1.688
0.408, -0.577, 1.688
0.424, -0.594, 1.696
0.410, -0.594, 1.696
0.438, -0.594, 1.697
0.454, -0.610, 1.705
0.440, -0.610, 1.705
0.467, -0.610, 1.705
0.483, -0.627, 1.714
0.470, -0.627, 1.714
0.497, -0.627, 1.714
0.513, -0.644, 1.723
0.500, -0.644, 1.723
0.527, -0.644, 1.723
0.544, -0.662, 1.732
0.530, -0.661, 1.732
0.558, -0.662, 1.732
0.575, -0.679, 1.741
0.561, -0.679, 1.741
0.586, -0.662, 1.733
0.583, -0.645, 1.724
0.580, -0.628, 1.716
0.577, -0.611, 1.707
0.588, -0.595, 1.699
0.572, -0.578, 1.691
0.558, -0.578, 1.690
0.542, -0.562, 1.682
0.526, -0.546, 1.674
0.510, -0.530, 1.666
0.507, -0.514, 1.658
0.492, -0.498, 1.650
0.476, -0.483, 1.642
0.461, -0.467, 1.634
0.446, -0.452, 1.626
0.444, -0.437, 1.619
0.429, -0.422, 1.611
0.414, -0.407, 1.604
0.412, -0.393, 1.596
0.397, -0.378, 1.589
0.383, -0.364, 1.581
0.368, -0.349, 1.574
0.367, -0.335, 1.567
0.353, -0.321, 1.560
0.338, -0.307, 1.553
0.325, -0.294, 1.546
0.323, -0.280, 1.539
0.309, -0.267, 1.532
0.296, -0.253, 1.525
0.295, -0.240, 1.519
0.281, -0.227, 1.512
0.280, -0.214, 1.506
0.279, -0.201, 1.499
0.266, -0.188, 1.493
0.264, -0.175, 1.486
0.252, -0.163, 1.480
0.250, -0.150, 1.474
0.249, -0.138, 1.467
0.248, -0.126, 1.461
0.247, -0.113, 1.455
0.246, -0.101, 1.449
0.245, -0.089, 1.443
0.256, -0.078, 1.438
0.267, -0.078, 1.438
0.257, -0.090, 1.444
0.278, -0.066, 1.432
0.288, -0.054, 1.425
0.300, -0.054, 1.426
0.289, -0.066, 1.432
0.279, -0.078, 1.438
0.310, -0.043, 1.421
0.321, -0.043, 1.421
0.311, -0.054, 1.427
0.331, -0.031, 1.415
0.343, -0.031, 1.416
0.332, -0.043, 1.421
0.352, -0.020, 1.410
0.362, -0.008, 1.404
0.374, -0.008, 1.405
0.364, -0.020, 1.410
0.354, -0.031, 1.416
0.383, 0.003, 1.399
0.395, 0.003, 1.399
0.385, -0.008, 1.405
0.406, 0.003, 1.399
0.417, 0.003, 1.400
0.428, 0.003, 1.400
0.439, 0.003, 1.400
0.441, -0.008, 1.406
0.454, -0.020, 1.411
0.443, -0.020, 1.411
0.456, -0.031, 1.417
0.467, -0.031, 1.417
0.469, -0.043, 1.423
0.483, -0.054, 1.429
0.471, -0.054, 1.429
0.485, -0.066, 1.435
0.496, -0.066, 1.435
0.510, -0.078, 1.441
0.498, -0.078, 1.441
0.512, -0.090, 1.447
0.526, -0.102, 1.453
0.514, -0.102, 1.453
0.528, -0.114, 1.458
0.540, -0.114, 1.459
0.542, -0.126, 1.466
0.556, -0.138, 1.472
0.544, -0.138, 1.472
0.558, -0.151, 1.477
0.573, -0.163, 1.484
0.561, -0.163, 1.484
0.575, -0.176, 1.491
0.587, -0.176, 1.491
0.590, -0.189, 1.497
0.604, -0.201, 1.503
0.592, -0.201, 1.503
0.607, -0.214, 1.510
0.619, -0.214, 1.510
0.622, -0.227, 1.517
0.637, -0.241, 1.524
0.625, -0.241, 1.524
0.640, -0.254, 1.530
0.652, -0.254, 1.531
0.655, -0.267, 1.537
0.670, -0.281, 1.544
0.658, -0.281, 1.544
0.673, -0.295, 1.551
0.686, -0.295, 1.551
0.689, -0.308, 1.558
0.704, -0.322, 1.565
0.692, -0.322, 1.565
0.717, -0.322, 1.565
0.730, -0.322, 1.566
0.742, -0.322, 1.566
0.755, -0.323, 1.566
0.771, -0.337, 1.573
0.758, -0.337, 1.573
0.783, -0.337, 1.573
0.796, -0.337, 1.574
0.809, -0.337, 1.574
0.822, -0.337, 1.574
0.838, -0.351, 1.581
0.825, -0.351, 1.581
0.851, -0.351, 1.581
0.867, -0.365, 1.589
0.855, -0.365, 1.589
0.880, -0.365, 1.589
0.897, -0.380, 1.596
0.884, -0.380, 1.596
0.901, -0.395, 1.604
0.914, -0.395, 1.604
0.927, -0.395, 1.604
0.944, -0.409, 1.612
0.931, -0.409, 1.612
0.958, -0.409, 1.612
0.975, -0.424, 1.620
0.962, -0.424, 1.619
0.988, -0.424, 1.620
0.992, -0.439, 1.627
0.997, -0.455, 1.635
1.002, -0.470, 1.642
1.007, -0.485, 1.650
1.011, -0.501, 1.658
1.016, -0.516, 1.666
1.008, -0.532, 1.674
1.021, -0.532, 1.674
1.013, -0.548, 1.682
1.017, -0.564, 1.690
1.022, -0.581, 1.698
1.013, -0.597, 1.706
1.027, -0.597, 1.706
1.018, -0.614, 1.714
1.023, -0.631, 1.723
1.028, -0.647, 1.731
1.020, -0.665, 1.740
1.034, -0.665, 1.740
1.025, -0.682, 1.749
1.030, -0.699, 1.757
1.035, -0.717, 1.766
1.026, -0.735, 1.775
1.040, -0.735, 1.775
1.031, -0.753, 1.784
1.022, -0.771, 1.793
1.036, -0.771, 1.793
1.027, -0.789, 1.802
1.033, -0.808, 1.812
1.038, -0.827, 1.821
1.028, -0.845, 1.830
1.043, -0.846, 1.830
1.058, -0.846, 1.831
1.073, -0.846, 1.831
1.087, -0.846, 1.831
1.103, -0.846, 1.832
1.117, -0.846, 1.832
1.132, -0.846, 1.832
1.141, -0.827, 1.823
1.135, -0.809, 1.813
1.129, -0.790, 1.804
1.123, -0.772, 1.795
1.118, -0.753, 1.785
1.112, -0.735, 1.776
1.106, -0.718, 1.767
1.101, -0.700, 1.759
1.095, -0.682, 1.750
1.090, -0.665, 1.741
1.084, -0.648, 1.732
1.079, -0.631, 1.724
1.074, -0.614, 1.715
1.069, -0.597, 1.707
1.064, -0.581, 1.699
1.058, -0.565, 1.690
1.053, -0.548, 1.682
1.048, -0.532, 1.674
1.043, -0.516, 1.666
1.038, -0.501, 1.658
1.034, -0.485, 1.651
1.029, -0.470, 1.643
1.024, -0.455, 1.635
1.019, -0.439, 1.628
1.014, -0.424, 1.620
1.010, -0.410, 1.613
1.005, -0.395, 1.605
1.000, -0.380, 1.598
0.996, -0.366, 1.591
0.991, -0.352, 1.583
0.987, -0.337, 1.576
0.982, -0.323, 1.569
0.978, -0.309, 1.562
0.974, -0.296, 1.556
0.969, -0.282, 1.549
0.965, -0.268, 1.542
0.961, -0.255, 1.535
0.957, -0.241, 1.528
0.952, -0.228, 1.522
0.948, -0.215, 1.515
0.944, -0.202, 1.509
0.940, -0.189, 1.502
0.936, -0.176, 1.496
0.932, -0.164, 1.490
0.928, -0.151, 1.483
0.912, -0.139, 1.477
0.901, -0.139, 1.477
0.892, -0.151, 1.483
0.881, -0.151, 1.483
0.869, -0.151, 1.482
0.856, -0.151, 1.482
0.848, -0.164, 1.488
0.836, -0.164, 1.488
0.824, -0.164, 1.488
0.815, -0.176, 1.494
0.804, -0.176, 1.494
0.792, -0.176, 1.494
0.780, -0.176, 1.494
0.768, -0.176, 1.493
0.759, -0.189, 1.500
0.747, -0.189, 1.500
0.735, -0.189, 1.499
0.726, -0.202, 1.506
0.713, -0.202, 1.505
0.701, -0.202, 1.505
0.689, -0.202, 1.505
0.677, -0.202, 1.505
0.665, -0.202, 1.505
0.662, -0.189, 1.498
0.647, -0.176, 1.492
0.633, -0.163, 1.485
0.618, -0.151, 1.479
0.616, -0.138, 1.473
0.601, -0.126, 1.466
0.587, -0.114, 1.460
0.584, -0.102, 1.454
0.570, -0.090, 1.448
0.556, -0.078, 1.442
0.554, -0.066, 1.436
0.540, -0.054, 1.430
0.527, -0.043, 1.424
0.524, -0.031, 1.418
0.511, -0.020, 1.411
0.498, -0.008, 1.406
0.496, 0.003, 1.401
0.482, 0.014, 1.395
0.469, 0.025, 1.389
0.457, 0.036, 1.384
0.455, 0.047, 1.378
0.442, 0.058, 1.373
0.440, 0.068, 1.367
0.428, 0.079, 1.362
0.415, 0.089, 1.356
0.413, 0.100, 1.351
0.401, 0.110, 1.345
0.399, 0.121, 1.341
0.398, 0.131, 1.335
0.396, 0.141, 1.330
0.395, 0.151, 1.325
0.393, 0.161, 1.320
0.392, 0.171, 1.315
0.390, 0.181, 1.310
0.389, 0.191, 1.306
0.388, 0.200, 1.301
0.386, 0.210, 1.296
0.385, 0.219, 1.291
0.383, 0.229, 1.286
0.382, 0.238, 1.282
0.381, 0.248, 1.277
0.389, 0.257, 1.272
0.400, 0.257, 1.273
0.391, 0.248, 1.277
0.410, 0.257, 1.273
0.418, 0.266, 1.268
0.429, 0.266, 1.268
0.420, 0.257, 1.273
0.437, 0.276, 1.264
0.446, 0.285, 1.259
0.456, 0.285, 1.260
0.447, 0.276, 1.264
0.439, 0.266, 1.268
0.464, 0.294, 1.255
0.474, 0.294, 1.255
0.466, 0.285, 1.260
0.484, 0.294, 1.255
0.493, 0.303, 1.251
0.503, 0.303, 1.251
0.495, 0.294, 1.256
0.511, 0.312, 1.247
0.521, 0.312, 1.247
0.513, 0.303, 1.251
0.529, 0.321, 1.243
0.539, 0.321, 1.243
0.531, 0.312, 1.247
0.547, 0.329, 1.238
0.557, 0.329, 1.239
0.549, 0.321, 1.243
0.567, 0.330, 1.239
0.577, 0.330, 1.239
0.587, 0.330, 1.239
0.597, 0.330, 1.239
0.609, 0.321, 1.243
0.599, 0.321, 1.243
0.612, 0.312, 1.248
0.624, 0.303, 1.253
0.614, 0.303, 1.252
0.626, 0.294, 1.257
0.636, 0.294, 1.257
0.638, 0.285, 1.262
0.651, 0.276, 1.266
0.641, 0.276, 1.266
0.653, 0.267, 1.271
0.666, 0.258, 1.276
0.656, 0.258, 1.276
0.668, 0.248, 1.280
0.681, 0.239, 1.285
0.671, 0.239, 1.285
0.684, 0.230, 1.290
0.697, 0.220, 1.295
0.686, 0.220, 1.295
0.699, 0.211, 1.300
0.712, 0.201, 1.305
0.702, 0.201, 1.305
0.715, 0.191, 1.310
0.728, 0.181, 1.315
0.718, 0.181, 1.315
0.731, 0.172, 1.320
0.744, 0.162, 1.325
0.734, 0.162, 1.325
0.747, 0.152, 1.330
0.761, 0.142, 1.335
0.750, 0.141, 1.335
0.764, 0.131, 1.340
0.778, 0.121, 1.345
0.767, 0.121, 1.345
0.781, 0.111, 1.351
0.791, 0.111, 1.351
0.794, 0.100, 1.356
0.809, 0.090, 1.361
0.798, 0.090, 1.361
0.812, 0.079, 1.366
0.826, 0.069, 1.372
0.815, 0.069, 1.372
0.829, 0.058, 1.378
0.832, 0.047, 1.383
0.847, 0.036, 1.389
0.836, 0.036, 1.389
0.850, 0.025, 1.394
0.854, 0.014, 1.400
0.869, 0.003, 1.406
0.857, 0.003, 1.406
0.872, -0.008, 1.411
0.880, 0.003, 1.406
0.876, 0.014, 1.400
0.873, 0.025, 1.395
0.869, 0.036, 1.389
0.866, 0.047, 1.384
0.862, 0.058, 1.378
0.859, 0.069, 1.373
0.856, 0.079, 1.367
0.852, 0.090, 1.362
0.849, 0.100, 1.357
0.846, 0.111, 1.352
0.843, 0.121, 1.346
0.839, 0.131, 1.341
0.836, 0.142, 1.336
0.833, 0.152, 1.331
0.830, 0.162, 1.326
0.827, 0.172, 1.321
0.824, 0.182, 1.316
0.821, 0.191, 1.311
0.818, 0.201, 1.306
0.814, 0.211, 1.301
0.811, 0.220, 1.296
0.808, 0.230, 1.292
0.806, 0.239, 1.287
0.803, 0.249, 1.282
0.800, 0.258, 1.277
0.797, 0.267, 1.273
0.794, 0.276, 1.268
0.791, 0.286, 1.264
0.788, 0.295, 1.259
0.785, 0.304, 1.255
0.783, 0.312, 1.250
0.780, 0.321, 1.246
0.777, 0.330, 1.241
0.774, 0.339, 1.237
0.771, 0.347, 1.232
0.769, 0.356, 1.228
0.766, 0.365, 1.224
0.763, 0.373, 1.220
0.761, 0.382, 1.215
0.758, 0.390, 1.211
0.756, 0.398, 1.207
0.753, 0.407, 1.203
0.751, 0.415, 1.199
0.748, 0.423, 1.195
0.745, 0.431, 1.190
0.742, 0.439, 1.186
0.740, 0.447, 1.182
0.737, 0.455, 1.178
0.735, 0.463, 1.175
0.733, 0.471, 1.171
0.731, 0.478, 1.167
0.728, 0.486, 1.163
0.726, 0.494, 1.159
0.723, 0.501, 1.155
0.721, 0.509, 1.151
0.718, 0.516, 1.148
0.716, 0.524, 1.144
0.705, 0.531, 1.140
0.695, 0.531, 1.140
0.686, 0.531, 1.140
0.677, 0.531, 1.140
0.668, 0.531, 1.140
0.659, 0.531, 1.140
0.649, 0.531, 1.139
0.640, 0.531, 1.139
0.631, 0.531, 1.139
0.622, 0.531, 1.139
0.613, 0.531, 1.139
0.604, 0.531, 1.139
0.595, 0.531, 1.139
0.585, 0.531, 1.139
0.576, 0.531, 1.139
0.567, 0.531, 1.138
0.558, 0.530, 1.138
0.549, 0.530, 1.138
0.539, 0.530, 1.138
0.530, 0.530, 1.138
0.521, 0.530, 1.138
0.512, 0.530, 1.138
0.503, 0.530, 1.138
0.494, 0.530, 1.138
0.485, 0.530, 1.138
0.475, 0.530, 1.138
0.466, 0.530, 1.137
0.457, 0.530, 1.137
0.448, 0.530, 1.137
0.439, 0.530, 1.137
0.430, 0.530, 1.137
0.421, 0.530, 1.137
0.412, 0.530, 1.137
0.402, 0.530, 1.137
0.393, 0.530, 1.137
0.384, 0.530, 1.137
0.375, 0.529, 1.136
0.366, 0.529, 1.136
0.357, 0.529, 1.136
0.348, 0.529, 1.136
0.339, 0.529, 1.136
0.329, 0.529, 1.136
0.320, 0.529, 1.136
0.311, 0.529, 1.136
0.302, 0.529, 1.136
0.293, 0.529, 1.136
0.284, 0.529, 1.135
0.275, 0.529, 1.135
0.267, 0.522, 1.139
0.258, 0.514, 1.143
0.249, 0.514, 1.142
0.241, 0.507, 1.146
0.231, 0.507, 1.146
0.222, 0.507, 1.146
0.213, 0.507, 1.146
0.204, 0.507, 1.146
0.195, 0.506, 1.146
0.186, 0.506, 1.145
0.176, 0.506, 1.145
0.167, 0.506, 1.145
0.158, 0.506, 1.145
0.149, 0.506, 1.145
0.140, 0.506, 1.145
0.131, 0.506, 1.145
0.121, 0.506, 1.145
0.112, 0.513, 1.141
0.102, 0.521, 1.137
0.093, 0.528, 1.133
0.084, 0.528, 1.133
0.075, 0.528, 1.133
0.066, 0.528, 1.133
0.057, 0.528, 1.133
0.048, 0.528, 1.133
0.039, 0.528, 1.133
0.029, 0.528, 1.133
0.020, 0.528, 1.133
0.011, 0.528, 1.132
0.002, 0.528, 1.132
-0.007, 0.528, 1.132
-0.016, 0.528, 1.132
-0.025, 0.528, 1.132
-0.034, 0.528, 1.132
-0.043, 0.528, 1.132
-0.052, 0.528, 1.132
-0.061, 0.528, 1.132
-0.070, 0.527, 1.132
-0.079, 0.527, 1.131
-0.088, 0.527, 1.131
-0.097, 0.527, 1.131
-0.106, 0.527, 1.131
-0.115, 0.527, 1.131
-0.124, 0.527, 1.131
-0.133, 0.527, 1.131
-0.143, 0.519, 1.134
-0.152, 0.512, 1.138
-0.162, 0.512, 1.138
-0.171, 0.512, 1.138
-0.180, 0.504, 1.141
-0.189, 0.504, 1.141
-0.199, 0.504, 1.141
-0.208, 0.504, 1.141
-0.217, 0.504, 1.141
-0.226, 0.504, 1.141
-0.235, 0.504, 1.141
-0.244, 0.504, 1.141
-0.253, 0.504, 1.141
-0.262, 0.504, 1.141
-0.271, 0.504, 1.140
-0.280, 0.512, 1.137
-0.289, 0.511, 1.137
-0.297, 0.519, 1.133
-0.306, 0.519, 1.133
-0.314, 0.526, 1.129
-0.323, 0.526, 1.129
-0.332, 0.526, 1.129
-0.341, 0.526, 1.128
-0.350, 0.526, 1.128
-0.359, 0.526, 1.128
-0.368, 0.526, 1.128
-0.377, 0.526, 1.128
-0.386, 0.526, 1.128
-0.395, 0.526, 1.128
-0.404, 0.526, 1.128
-0.413, 0.526, 1.128
-0.422, 0.526, 1.128
-0.431, 0.526, 1.128
-0.440, 0.525, 1.128
-0.449, 0.525, 1.127
-0.458, 0.525, 1.127
-0.467, 0.525, 1.127
-0.476, 0.525, 1.127
-0.485, 0.525, 1.127
-0.494, 0.525, 1.127
-0.503, 0.525, 1.127
-0.512, 0.525, 1.127
-0.521, 0.525, 1.127
-0.529, 0.525, 1.127
-0.538, 0.525, 1.126
-0.547, 0.525, 1.126
-0.556, 0.525, 1.126
-0.565, 0.525, 1.126
-0.574, 0.525, 1.126
-0.583, 0.525, 1.126
-0.592, 0.525, 1.126
-0.601, 0.525, 1.126
-0.610, 0.525, 1.126
-0.619, 0.524, 1.125
-0.628, 0.524, 1.125
-0.637, 0.524, 1.125
-0.646, 0.524, 1.125
-0.655, 0.524, 1.125
-0.664, 0.524, 1.125
-0.673, 0.524, 1.125
-0.682, 0.524, 1.125
-0.691, 0.524, 1.125
-0.702, 0.517, 1.128
-0.700, 0.524, 1.125
-0.704, 0.509, 1.132
-0.706, 0.502, 1.136
-0.708, 0.494, 1.139
-0.711, 0.487, 1.143
-0.713, 0.479, 1.147
-0.716, 0.472, 1.151
-0.718, 0.464, 1.154
-0.720, 0.456, 1.158
-0.723, 0.449, 1.162
-0.725, 0.441, 1.166
-0.728, 0.433, 1.170
-0.730, 0.425, 1.174
-0.733, 0.417, 1.178
-0.735, 0.409, 1.182
-0.738, 0.401, 1.186
-0.740, 0.393, 1.190
-0.743, 0.384, 1.194
-0.745, 0.376, 1.198
-0.748, 0.368, 1.202
-0.750, 0.359, 1.206
-0.753, 0.351, 1.210
-0.755, 0.342, 1.214
-0.758, 0.334, 1.219
-0.761, 0.325, 1.223
-0.763, 0.317, 1.227
-0.766, 0.308, 1.231
-0.769, 0.299, 1.236
-0.771, 0.290, 1.240
-0.774, 0.281, 1.245
-0.777, 0.272, 1.249
-0.780, 0.263, 1.254
-0.782, 0.254, 1.258
-0.785, 0.245, 1.263
-0.788, 0.236, 1.267
-0.781, 0.226, 1.272
-0.794, 0.217, 1.276
-0.791, 0.226, 1.272
-0.784, 0.217, 1.277
-0.771, 0.226, 1.272
-0.768, 0.236, 1.267
-0.758, 0.236, 1.268
-0.745, 0.245, 1.263
-0.735, 0.245, 1.263
-0.748, 0.236, 1.268
-0.723, 0.254, 1.259
-0.710, 0.263, 1.254
-0.700, 0.263, 1.255
-0.713, 0.254, 1.259
-0.725, 0.245, 1.263
-0.688, 0.272, 1.250
-0.678, 0.272, 1.250
-0.690, 0.263, 1.255
-0.665, 0.282, 1.246
-0.655, 0.282, 1.246
-0.668, 0.272, 1.250
-0.643, 0.291, 1.242
-0.633, 0.291, 1.242
-0.645, 0.282, 1.246
-0.621, 0.299, 1.238
-0.609, 0.308, 1.233
-0.599, 0.308, 1.233
-0.612, 0.300, 1.238
-0.623, 0.291, 1.242
-0.587, 0.317, 1.229
-0.576, 0.326, 1.225
-0.566, 0.326, 1.225
-0.578, 0.317, 1.229
-0.590, 0.308, 1.234
-0.554, 0.335, 1.221
-0.545, 0.335, 1.221
-0.556, 0.326, 1.225
-0.533, 0.343, 1.217
-0.522, 0.352, 1.213
-0.512, 0.352, 1.213
-0.523, 0.343, 1.217
-0.535, 0.335, 1.221
-0.501, 0.360, 1.209
-0.491, 0.360, 1.209
-0.502, 0.352, 1.213
-0.480, 0.369, 1.205
-0.468, 0.377, 1.201
-0.459, 0.377, 1.201
-0.470, 0.369, 1.205
-0.481, 0.360, 1.209
-0.448, 0.385, 1.197
-0.438, 0.385, 1.197
-0.449, 0.377, 1.201
-0.429, 0.385, 1.197
-0.419, 0.385, 1.197
-0.410, 0.386, 1.197
-0.400, 0.386, 1.198
-0.401, 0.377, 1.202
-0.393, 0.369, 1.206
-0.403, 0.369, 1.206
-0.394, 0.361, 1.210
-0.385, 0.361, 1.210
-0.386, 0.352, 1.214
-0.378, 0.344, 1.219
-0.388, 0.344, 1.219
-0.379, 0.335, 1.223
-0.369, 0.335, 1.223
-0.371, 0.326, 1.227
-0.362, 0.318, 1.232
-0.372, 0.318, 1.232
-0.363, 0.309, 1.236
-0.353, 0.309, 1.236
-0.345, 0.300, 1.241
-0.355, 0.300, 1.241
-0.346, 0.291, 1.245
-0.338, 0.282, 1.250
-0.348, 0.282, 1.250
-0.339, 0.273, 1.254
-0.329, 0.273, 1.255
-0.330, 0.264, 1.259
-0.321, 0.255, 1.264
-0.331, 0.255, 1.264
-0.322, 0.246, 1.268
-0.312, 0.246, 1.268
-0.313, 0.237, 1.273
-0.304, 0.227, 1.278
-0.314, 0.227, 1.278
-0.305, 0.218, 1.283
-0.295, 0.218, 1.283
-0.296, 0.208, 1.287
-0.287, 0.199, 1.292
-0.297, 0.199, 1.292
-0.288, 0.189, 1.297
-0.278, 0.189, 1.297
-0.279, 0.180, 1.302
-0.280, 0.170, 1.307
-0.281, 0.160, 1.312
-0.282, 0.150, 1.317
-0.293, 0.140, 1.322
-0.305, 0.130, 1.326
-0.317, 0.120, 1.331
-0.329, 0.110, 1.336
-0.339, 0.110, 1.336
-0.351, 0.099, 1.341
-0.362, 0.099, 1.341
-0.374, 0.089, 1.346
-0.386, 0.078, 1.351
-0.397, 0.078, 1.351
-0.409, 0.068, 1.356
-0.422, 0.057, 1.361
-0.433, 0.057, 1.361
-0.445, 0.046, 1.366
-0.456, 0.046, 1.366
-0.469, 0.036, 1.371
-0.482, 0.025, 1.377
-0.493, 0.025, 1.376
-0.506, 0.014, 1.382
-0.517, 0.014, 1.382
-0.530, 0.003, 1.387
-0.543, -0.008, 1.392
-0.556, -0.020, 1.398
-0.567, -0.020, 1.397
-0.581, -0.031, 1.403
-0.594, -0.042, 1.408
-0.605, -0.042, 1.408
-0.619, -0.054, 1.414
-0.630, -0.054, 1.414
-0.644, -0.065, 1.418
-0.655, -0.065, 1.418
-0.670, -0.077, 1.425
-0.683, -0.089, 1.430
-0.695, -0.089, 1.430
-0.706, -0.089, 1.430
-0.718, -0.089, 1.430
-0.729, -0.089, 1.430
-0.740, -0.089, 1.430
-0.749, -0.077, 1.424
-0.757, -0.065, 1.418
-0.765, -0.054, 1.411
-0.776, -0.054, 1.411
-0.784, -0.042, 1.406
-0.792, -0.031, 1.400
-0.803, -0.031, 1.400
-0.811, -0.020, 1.394
-0.819, -0.008, 1.388
-0.827, 0.003, 1.383
-0.838, 0.003, 1.383
-0.845, 0.014, 1.377
-0.860, 0.003, 1.382
-0.856, 0.014, 1.377
-0.853, 0.025, 1.372
-0.842, 0.025, 1.372
-0.834, 0.014, 1.377
-0.863, -0.008, 1.388
-0.866, -0.020, 1.393
-0.870, -0.031, 1.399
-0.874, -0.042, 1.405
-0.877, -0.054, 1.410
-0.880, -0.065, 1.416
-0.884, -0.077, 1.422
-0.888, -0.089, 1.428
-0.891, -0.100, 1.433
-0.895, -0.112, 1.439
-0.898, -0.124, 1.444
-0.902, -0.136, 1.451
-0.906, -0.149, 1.457
-0.910, -0.161, 1.463
-0.914, -0.173, 1.469
-0.918, -0.186, 1.476
-0.921, -0.199, 1.482
-0.925, -0.211, 1.488
-0.929, -0.224, 1.494
-0.933, -0.237, 1.501
-0.937, -0.250, 1.507
-0.941, -0.263, 1.514
-0.945, -0.277, 1.520
-0.949, -0.290, 1.527
-0.954, -0.304, 1.534
-0.958, -0.317, 1.540
-0.962, -0.331, 1.547
-0.966, -0.345, 1.554
-0.971, -0.359, 1.561
-0.975, -0.373, 1.568
-0.979, -0.387, 1.575
-0.984, -0.402, 1.582
-0.988, -0.416, 1.589
-0.993, -0.431, 1.596
-0.997, -0.446, 1.604
-1.002, -0.461, 1.611
-1.007, -0.476, 1.618
-1.011, -0.491, 1.626
-1.016, -0.506, 1.634
-1.021, -0.522, 1.641
-1.026, -0.538, 1.649
-1.031, -0.553, 1.657
-1.035, -0.569, 1.665
-1.040, -0.585, 1.673
-1.045, -0.602, 1.681
-1.051, -0.618, 1.689
-1.056, -0.635, 1.697
-1.061, -0.651, 1.705
-1.066, -0.668, 1.713
-1.071, -0.685, 1.722
-1.076, -0.702, 1.730
-1.082, -0.720, 1.739
-1.087, -0.738, 1.748
-1.093, -0.755, 1.757
-1.098, -0.773, 1.765
-1.104, -0.791, 1.774
-1.109, -0.810, 1.783
-1.101, -0.828, 1.793
-1.115, -0.828, 1.793
-1.087, -0.828, 1.793
-1.072, -0.828, 1.793
-1.058, -0.829, 1.794
-1.044, -0.829, 1.794
-1.030, -0.829, 1.794
-1.015, -0.829, 1.794
-1.001, -0.829, 1.795
-0.987, -0.829, 1.795
-0.973, -0.829, 1.795
-0.959, -0.829, 1.795
-0.944, -0.830, 1.796
-0.925, -0.811, 1.786
-0.935, -0.793, 1.777
-0.949, -0.793, 1.777
-0.958, -0.774, 1.768
-0.972, -0.774, 1.768
-0.986, -0.774, 1.767
-0.944, -0.774, 1.768
-0.921, -0.793, 1.778
-0.911, -0.811, 1.786
-0.930, -0.830, 1.796
-0.916, -0.830, 1.796
-0.897, -0.811, 1.787
-0.887, -0.830, 1.797
-0.902, -0.830, 1.796
-0.873, -0.830, 1.797
-0.859, -0.830, 1.797
-0.816, 0.003, 1.383
-0.808, -0.008, 1.389
-0.800, -0.020, 1.394
-0.781, -0.031, 1.400
-0.773, -0.042, 1.406
-0.754, -0.054, 1.411
-0.746, -0.065, 1.418
-0.737, -0.077, 1.424
-0.681, -0.077, 1.425
-0.667, -0.065, 1.418
-0.642, -0.054, 1.414
-0.616, -0.042, 1.408
-0.592, -0.031, 1.403
-0.578, -0.020, 1.397
-0.554, -0.008, 1.391
-0.541, 0.003, 1.387
-0.528, 0.014, 1.381
-0.504, 0.025, 1.376
-0.480, 0.036, 1.371
-0.467, 0.046, 1.366
-0.444, 0.057, 1.361
-0.420, 0.068, 1.356
-0.408, 0.078, 1.351
-0.385, 0.089, 1.345
-0.373, 0.099, 1.341
-0.350, 0.110, 1.336
-0.327, 0.120, 1.331
-0.316, 0.130, 1.326
-0.294, 0.130, 1.327
-0.283, 0.140, 1.322
-0.305, 0.526, 1.129
-0.288, 0.519, 1.133
-0.271, 0.512, 1.137
-0.180, 0.512, 1.138
-0.152, 0.519, 1.134
-0.143, 0.527, 1.131
0.102, 0.528, 1.133
0.111, 0.521, 1.137
0.121, 0.513, 1.141
0.240, 0.514, 1.142
0.257, 0.522, 1.139
0.266, 0.529, 1.135
0.714, 0.531, 1.140
0.884, -0.008, 1.411
0.875, -0.020, 1.417
0.887, -0.020, 1.417
0.879, -0.031, 1.423
0.890, -0.031, 1.423
0.894, -0.043, 1.429
0.898, -0.055, 1.435
0.902, -0.066, 1.441
0.412, 0.110, 1.345
0.426, 0.090, 1.356
0.438, 0.079, 1.362
0.453, 0.058, 1.373
0.468, 0.036, 1.384
0.481, 0.025, 1.389
0.494, 0.014, 1.395
0.509, -0.008, 1.406
0.522, -0.020, 1.412
0.538, -0.043, 1.424
0.552, -0.054, 1.430
0.568, -0.078, 1.442
0.582, -0.090, 1.448
0.598, -0.114, 1.460
0.613, -0.126, 1.467
0.630, -0.151, 1.479
0.645, -0.163, 1.485
0.659, -0.176, 1.492
0.722, -0.189, 1.499
0.755, -0.176, 1.493
0.812, -0.164, 1.488
0.844, -0.151, 1.482
0.889, -0.139, 1.477
0.924, -0.139, 1.477
1.147, -0.846, 1.832
0.263, -0.163, 1.480
0.278, -0.188, 1.493
0.293, -0.227, 1.512
0.308, -0.253, 1.526
0.322, -0.267, 1.532
0.337, -0.294, 1.546
0.351, -0.307, 1.553
0.365, -0.321, 1.560
0.381, -0.349, 1.574
0.395, -0.364, 1.582
0.410, -0.378, 1.589
0.427, -0.407, 1.604
0.441, -0.422, 1.611
0.459, -0.452, 1.626
0.474, -0.467, 1.634
0.489, -0.483, 1.642
0.505, -0.498, 1.650
0.523, -0.530, 1.666
0.539, -0.546, 1.674
0.555, -0.562, 1.682
0.585, -0.578, 1.691
0.591, -0.611, 1.707
0.588, -0.679, 1.741
0.204, -0.544, 1.669
0.191, -0.560, 1.676
0.179, -0.592, 1.692
-0.491, -0.478, 1.627
-0.493, -0.493, 1.634
-0.831, -0.492, 1.629
-0.852, -0.523, 1.644
-0.873, -0.554, 1.659
-0.894, -0.586, 1.675
-0.917, -0.619, 1.691
-0.939, -0.652, 1.707
-0.962, -0.686, 1.724
RegionID:1
Center:-0.546,-0.544,1.349
Normal:0.127,-0.026,-0.992
NumPatches:93
-0.618, -0.447, 1.337
-0.628, -0.435, 1.336
-0.638, -0.435, 1.334
-0.648, -0.445, 1.333
-0.658, -0.456, 1.332
-0.648, -0.456, 1.334
-0.658, -0.466, 1.332
-0.668, -0.477, 1.331
-0.658, -0.477, 1.333
-0.668, -0.487, 1.332
-0.679, -0.498, 1.331
-0.668, -0.498, 1.332
-0.679, -0.508, 1.331
-0.689, -0.519, 1.330
-0.679, -0.519, 1.331
-0.689, -0.529, 1.330
-0.699, -0.540, 1.329
-0.689, -0.540, 1.330
-0.679, -0.551, 1.332
-0.689, -0.551, 1.331
-0.669, -0.552, 1.333
-0.659, -0.563, 1.335
-0.669, -0.563, 1.334
-0.649, -0.564, 1.336
-0.639, -0.575, 1.338
-0.650, -0.575, 1.337
-0.629, -0.576, 1.339
-0.619, -0.576, 1.340
-0.609, -0.588, 1.342
-0.619, -0.587, 1.340
-0.599, -0.588, 1.343
-0.589, -0.589, 1.345
-0.579, -0.600, 1.346
-0.589, -0.600, 1.345
-0.569, -0.601, 1.348
-0.558, -0.601, 1.349
-0.548, -0.613, 1.351
-0.558, -0.612, 1.349
-0.538, -0.614, 1.352
-0.528, -0.625, 1.353
-0.538, -0.625, 1.352
-0.517, -0.626, 1.355
-0.507, -0.626, 1.356
-0.497, -0.627, 1.357
-0.486, -0.628, 1.359
-0.476, -0.628, 1.360
-0.466, -0.629, 1.362
-0.455, -0.629, 1.363
-0.445, -0.630, 1.364
-0.434, -0.631, 1.366
-0.424, -0.631, 1.367
-0.413, -0.632, 1.368
-0.403, -0.622, 1.369
-0.392, -0.611, 1.371
-0.392, -0.600, 1.370
-0.402, -0.588, 1.368
-0.402, -0.577, 1.368
-0.402, -0.566, 1.368
-0.402, -0.555, 1.368
-0.412, -0.544, 1.366
-0.423, -0.532, 1.364
-0.433, -0.531, 1.363
-0.444, -0.531, 1.362
-0.454, -0.519, 1.360
-0.465, -0.519, 1.359
-0.475, -0.518, 1.357
-0.485, -0.507, 1.355
-0.496, -0.506, 1.354
-0.506, -0.506, 1.353
-0.516, -0.495, 1.351
-0.526, -0.494, 1.350
-0.537, -0.483, 1.349
-0.547, -0.482, 1.347
-0.557, -0.471, 1.346
-0.567, -0.470, 1.344
-0.577, -0.459, 1.342
-0.587, -0.459, 1.341
-0.598, -0.458, 1.340
-0.608, -0.447, 1.338
-0.617, -0.436, 1.337
-0.597, -0.447, 1.340
-0.567, -0.459, 1.344
-0.547, -0.471, 1.347
-0.526, -0.483, 1.350
-0.506, -0.495, 1.353
-0.475, -0.507, 1.357
-0.444, -0.520, 1.361
-0.412, -0.533, 1.366
-0.402, -0.544, 1.367
-0.392, -0.589, 1.370
-0.392, -0.622, 1.371
-0.403, -0.633, 1.370
-0.648, -0.434, 1.333
RegionID:2
Center:-0.318,-0.830,1.804
Normal:0.012,-0.446,-0.895
NumPatches:33
-0.314, -0.835, 1.807
-0.329, -0.834, 1.806
-0.343, -0.834, 1.806
-0.357, -0.834, 1.806
-0.372, -0.834, 1.806
-0.386, -0.834, 1.805
-0.401, -0.834, 1.805
-0.415, -0.834, 1.805
-0.429, -0.834, 1.805
-0.444, -0.834, 1.804
-0.442, -0.815, 1.795
-0.427, -0.815, 1.795
-0.413, -0.815, 1.796
-0.399, -0.815, 1.796
-0.384, -0.815, 1.796
-0.370, -0.815, 1.796
-0.356, -0.816, 1.797
-0.341, -0.816, 1.797
-0.327, -0.816, 1.797
-0.313, -0.816, 1.797
-0.300, -0.835, 1.807
-0.285, -0.835, 1.807
-0.271, -0.835, 1.807
-0.257, -0.835, 1.808
-0.242, -0.835, 1.808
-0.228, -0.835, 1.808
-0.213, -0.835, 1.808
-0.199, -0.836, 1.809
-0.184, -0.836, 1.809
-0.170, -0.836, 1.809
-0.156, -0.836, 1.809
-0.141, -0.836, 1.809
-0.127, -0.836, 1.809
RegionID:3
Center:0.240,-0.658,1.477
Normal:-0.287,-0.260,-0.922
NumPatches:46
0.204, -0.611, 1.475
0.193, -0.625, 1.482
0.182, -0.641, 1.490
0.193, -0.639, 1.486
0.182, -0.654, 1.494
0.171, -0.670, 1.501
0.160, -0.685, 1.509
0.172, -0.683, 1.505
0.160, -0.699, 1.513
0.172, -0.697, 1.509
0.184, -0.695, 1.505
0.195, -0.693, 1.501
0.207, -0.692, 1.497
0.218, -0.690, 1.493
0.229, -0.688, 1.488
0.240, -0.686, 1.485
0.252, -0.684, 1.481
0.263, -0.682, 1.477
0.274, -0.680, 1.473
0.285, -0.678, 1.469
0.296, -0.677, 1.465
0.307, -0.675, 1.461
0.317, -0.660, 1.453
0.305, -0.648, 1.454
0.294, -0.650, 1.458
0.284, -0.652, 1.462
0.272, -0.640, 1.462
0.260, -0.629, 1.462
0.249, -0.630, 1.466
0.238, -0.632, 1.470
0.226, -0.620, 1.470
0.215, -0.609, 1.471
0.203, -0.597, 1.471
0.192, -0.612, 1.479
0.226, -0.607, 1.467
0.238, -0.619, 1.467
0.271, -0.627, 1.458
0.283, -0.639, 1.458
0.316, -0.647, 1.450
0.328, -0.658, 1.450
0.318, -0.673, 1.457
0.328, -0.671, 1.453
0.339, -0.669, 1.449
0.350, -0.668, 1.445
0.360, -0.666, 1.442
0.183, -0.668, 1.497
RegionID:4
Center:0.637,-0.471,1.251
Normal:0.154,-0.154,-0.976
NumPatches:78
0.715, -0.419, 1.255
0.705, -0.429, 1.255
0.704, -0.419, 1.253
0.714, -0.409, 1.253
0.714, -0.398, 1.252
0.713, -0.388, 1.250
0.723, -0.378, 1.250
0.710, -0.366, 1.246
0.699, -0.366, 1.244
0.688, -0.365, 1.243
0.678, -0.365, 1.241
0.667, -0.364, 1.239
0.656, -0.364, 1.237
0.644, -0.353, 1.234
0.633, -0.352, 1.232
0.622, -0.352, 1.230
0.612, -0.351, 1.228
0.602, -0.361, 1.228
0.592, -0.371, 1.228
0.603, -0.371, 1.230
0.593, -0.381, 1.230
0.594, -0.392, 1.232
0.584, -0.402, 1.232
0.595, -0.402, 1.234
0.585, -0.412, 1.234
0.585, -0.422, 1.235
0.576, -0.432, 1.235
0.586, -0.433, 1.237
0.576, -0.443, 1.237
0.577, -0.453, 1.239
0.578, -0.464, 1.241
0.579, -0.475, 1.243
0.569, -0.485, 1.243
0.580, -0.485, 1.244
0.570, -0.495, 1.244
0.571, -0.506, 1.246
0.572, -0.517, 1.248
0.562, -0.527, 1.248
0.573, -0.528, 1.250
0.563, -0.538, 1.250
0.563, -0.548, 1.252
0.553, -0.558, 1.252
0.564, -0.559, 1.253
0.554, -0.569, 1.253
0.566, -0.581, 1.257
0.555, -0.580, 1.255
0.577, -0.582, 1.259
0.588, -0.583, 1.261
0.599, -0.584, 1.263
0.610, -0.584, 1.265
0.621, -0.585, 1.267
0.631, -0.586, 1.268
0.643, -0.587, 1.270
0.654, -0.588, 1.272
0.665, -0.589, 1.274
0.675, -0.578, 1.274
0.674, -0.567, 1.272
0.684, -0.557, 1.272
0.683, -0.546, 1.270
0.682, -0.535, 1.268
0.692, -0.525, 1.268
0.692, -0.514, 1.267
0.691, -0.503, 1.265
0.690, -0.493, 1.263
0.700, -0.482, 1.263
0.699, -0.472, 1.261
0.697, -0.461, 1.259
0.708, -0.451, 1.259
0.706, -0.440, 1.257
0.709, -0.462, 1.261
0.701, -0.493, 1.265
0.693, -0.536, 1.270
0.685, -0.568, 1.274
0.676, -0.590, 1.276
0.601, -0.351, 1.226
0.655, -0.353, 1.235
0.721, -0.367, 1.248
0.724, -0.388, 1.252
RegionID:5
Center:-0.126,-0.384,1.045
Normal:-0.223,-0.097,-0.970
NumPatches:108
0.026, -0.311, 1.003
0.018, -0.311, 1.005
0.010, -0.312, 1.007
0.002, -0.313, 1.008
-0.006, -0.313, 1.010
-0.014, -0.314, 1.013
-0.022, -0.306, 1.013
-0.030, -0.307, 1.016
-0.039, -0.307, 1.018
-0.047, -0.308, 1.020
-0.055, -0.308, 1.021
-0.063, -0.309, 1.023
-0.072, -0.310, 1.025
-0.080, -0.310, 1.027
-0.088, -0.311, 1.029
-0.097, -0.311, 1.031
-0.105, -0.312, 1.033
-0.114, -0.313, 1.035
-0.122, -0.313, 1.037
-0.131, -0.314, 1.039
-0.139, -0.314, 1.041
-0.148, -0.315, 1.043
-0.157, -0.316, 1.046
-0.166, -0.316, 1.048
-0.174, -0.317, 1.049
-0.183, -0.318, 1.052
-0.192, -0.318, 1.054
-0.201, -0.319, 1.056
-0.209, -0.319, 1.058
-0.218, -0.320, 1.060
-0.227, -0.321, 1.062
-0.236, -0.321, 1.064
-0.245, -0.322, 1.066
-0.254, -0.323, 1.069
-0.263, -0.323, 1.071
-0.272, -0.324, 1.072
-0.282, -0.325, 1.075
-0.291, -0.334, 1.078
-0.291, -0.325, 1.077
-0.291, -0.343, 1.079
-0.292, -0.352, 1.080
-0.292, -0.361, 1.081
-0.292, -0.370, 1.082
-0.292, -0.379, 1.083
-0.293, -0.388, 1.084
-0.293, -0.397, 1.085
-0.284, -0.405, 1.084
-0.293, -0.406, 1.086
-0.284, -0.414, 1.085
-0.284, -0.423, 1.086
-0.285, -0.432, 1.087
-0.285, -0.442, 1.087
-0.285, -0.451, 1.089
-0.276, -0.459, 1.087
-0.285, -0.460, 1.089
-0.267, -0.458, 1.085
-0.258, -0.457, 1.082
-0.249, -0.456, 1.081
-0.240, -0.464, 1.079
-0.249, -0.465, 1.082
-0.230, -0.463, 1.077
-0.221, -0.462, 1.075
-0.212, -0.461, 1.072
-0.203, -0.460, 1.071
-0.194, -0.459, 1.069
-0.186, -0.458, 1.066
-0.177, -0.458, 1.064
-0.168, -0.457, 1.062
-0.159, -0.456, 1.060
-0.150, -0.455, 1.058
-0.141, -0.454, 1.056
-0.133, -0.453, 1.054
-0.124, -0.452, 1.052
-0.115, -0.451, 1.049
-0.107, -0.450, 1.048
-0.098, -0.450, 1.046
-0.090, -0.448, 1.043
-0.081, -0.456, 1.042
-0.090, -0.457, 1.044
-0.073, -0.456, 1.040
-0.064, -0.455, 1.038
-0.056, -0.454, 1.036
-0.048, -0.453, 1.034
-0.039, -0.452, 1.032
-0.031, -0.451, 1.030
-0.023, -0.450, 1.028
-0.014, -0.449, 1.026
-0.006, -0.449, 1.024
0.002, -0.448, 1.022
0.010, -0.447, 1.020
0.018, -0.446, 1.018
0.026, -0.437, 1.016
0.026, -0.428, 1.015
0.026, -0.420, 1.013
0.026, -0.411, 1.013
0.026, -0.403, 1.012
0.026, -0.394, 1.011
0.026, -0.386, 1.010
0.026, -0.378, 1.010
0.026, -0.369, 1.008
0.026, -0.361, 1.008
0.026, -0.352, 1.007
0.026, -0.344, 1.006
0.026, -0.336, 1.006
0.026, -0.327, 1.005
0.026, -0.319, 1.003
0.026, -0.445, 1.016
-0.014, -0.305, 1.012
RegionID:6
Center:0.549,-0.590,1.420
Normal:0.151,-0.151,-0.977
NumPatches:20
0.546, -0.563, 1.415
0.535, -0.574, 1.415
0.524, -0.586, 1.415
0.536, -0.587, 1.417
0.524, -0.598, 1.417
0.537, -0.611, 1.421
0.525, -0.610, 1.419
0.549, -0.612, 1.423
0.561, -0.613, 1.425
0.550, -0.624, 1.425
0.562, -0.625, 1.427
0.574, -0.614, 1.427
0.573, -0.601, 1.425
0.572, -0.589, 1.423
0.559, -0.576, 1.419
0.558, -0.564, 1.417
0.545, -0.551, 1.413
0.534, -0.562, 1.413
0.533, -0.550, 1.411
0.571, -0.577, 1.421
RegionID:7
Center:0.427,-0.259,1.260
Normal:0.012,-0.446,-0.895
NumPatches:96
0.510, -0.271, 1.268
0.497, -0.260, 1.262
0.485, -0.249, 1.256
0.483, -0.238, 1.251
0.470, -0.227, 1.245
0.468, -0.216, 1.239
0.456, -0.205, 1.234
0.455, -0.194, 1.229
0.443, -0.183, 1.223
0.431, -0.173, 1.218
0.419, -0.162, 1.212
0.418, -0.152, 1.207
0.406, -0.142, 1.202
0.395, -0.132, 1.197
0.385, -0.132, 1.196
0.377, -0.142, 1.201
0.368, -0.142, 1.201
0.359, -0.152, 1.206
0.350, -0.152, 1.206
0.342, -0.162, 1.211
0.333, -0.173, 1.216
0.323, -0.173, 1.216
0.315, -0.183, 1.221
0.307, -0.194, 1.226
0.298, -0.204, 1.232
0.297, -0.194, 1.226
0.305, -0.183, 1.220
0.314, -0.173, 1.216
0.308, -0.204, 1.232
0.319, -0.215, 1.237
0.309, -0.215, 1.237
0.321, -0.226, 1.243
0.332, -0.237, 1.248
0.322, -0.237, 1.248
0.333, -0.248, 1.254
0.343, -0.248, 1.254
0.355, -0.259, 1.260
0.345, -0.259, 1.260
0.357, -0.271, 1.265
0.367, -0.271, 1.266
0.379, -0.282, 1.271
0.369, -0.282, 1.271
0.380, -0.294, 1.277
0.392, -0.305, 1.283
0.382, -0.305, 1.283
0.394, -0.317, 1.289
0.405, -0.317, 1.289
0.406, -0.329, 1.295
0.419, -0.341, 1.301
0.408, -0.341, 1.301
0.421, -0.353, 1.307
0.431, -0.353, 1.307
0.433, -0.365, 1.313
0.446, -0.377, 1.320
0.435, -0.377, 1.320
0.448, -0.390, 1.326
0.459, -0.390, 1.326
0.472, -0.402, 1.333
0.461, -0.402, 1.332
0.482, -0.402, 1.333
0.491, -0.390, 1.327
0.501, -0.390, 1.327
0.493, -0.402, 1.333
0.510, -0.378, 1.321
0.520, -0.378, 1.321
0.512, -0.390, 1.327
0.528, -0.365, 1.315
0.536, -0.353, 1.309
0.544, -0.341, 1.303
0.542, -0.329, 1.297
0.539, -0.317, 1.291
0.537, -0.306, 1.285
0.524, -0.294, 1.279
0.522, -0.283, 1.274
0.520, -0.271, 1.268
0.507, -0.260, 1.262
0.495, -0.249, 1.256
0.535, -0.294, 1.280
0.548, -0.306, 1.286
0.550, -0.318, 1.291
0.547, -0.353, 1.309
0.539, -0.365, 1.315
0.531, -0.378, 1.321
0.332, -0.162, 1.211
0.340, -0.152, 1.206
0.358, -0.142, 1.201
0.376, -0.132, 1.196
0.393, -0.122, 1.191
0.403, -0.122, 1.192
0.404, -0.132, 1.197
0.416, -0.142, 1.202
0.429, -0.162, 1.212
0.441, -0.173, 1.218
0.453, -0.183, 1.223
0.466, -0.205, 1.234
0.480, -0.227, 1.245
RegionID:8
Center:0.327,-0.100,1.279
Normal:-0.589,0.741,-0.321
NumPatches:47
0.308, -0.135, 1.232
0.301, -0.137, 1.243
0.290, -0.146, 1.240
0.283, -0.148, 1.250
0.272, -0.157, 1.248
0.275, -0.149, 1.262
0.270, -0.142, 1.287
0.273, -0.133, 1.302
0.277, -0.124, 1.317
0.272, -0.116, 1.345
0.283, -0.105, 1.348
0.291, -0.104, 1.335
0.280, -0.115, 1.332
0.302, -0.094, 1.339
0.314, -0.083, 1.342
0.322, -0.082, 1.329
0.310, -0.093, 1.326
0.299, -0.103, 1.323
0.333, -0.072, 1.333
0.341, -0.071, 1.320
0.329, -0.082, 1.317
0.352, -0.061, 1.323
0.363, -0.050, 1.327
0.371, -0.050, 1.315
0.359, -0.060, 1.311
0.348, -0.071, 1.308
0.378, -0.049, 1.303
0.380, -0.059, 1.276
0.373, -0.059, 1.288
0.376, -0.068, 1.262
0.383, -0.068, 1.251
0.379, -0.077, 1.238
0.368, -0.086, 1.235
0.357, -0.096, 1.232
0.347, -0.106, 1.229
0.336, -0.115, 1.227
0.326, -0.125, 1.224
0.319, -0.126, 1.235
0.311, -0.127, 1.245
0.329, -0.116, 1.237
0.340, -0.107, 1.240
0.354, -0.105, 1.219
0.364, -0.095, 1.222
0.375, -0.086, 1.224
0.381, -0.085, 1.214
0.278, -0.140, 1.276
0.293, -0.138, 1.253
RegionID:9
Center:0.503,0.015,1.066
Normal:-0.250,-0.698,-0.671
NumPatches:121
0.549, 0.043, 1.021
0.542, 0.043, 1.023
0.532, 0.051, 1.019
0.528, 0.059, 1.012
0.525, 0.066, 1.005
0.515, 0.074, 1.001
0.511, 0.082, 0.994
0.501, 0.089, 0.990
0.491, 0.097, 0.986
0.488, 0.104, 0.980
0.478, 0.111, 0.976
0.475, 0.118, 0.970
0.466, 0.126, 0.966
0.459, 0.126, 0.968
0.452, 0.126, 0.970
0.448, 0.119, 0.979
0.441, 0.120, 0.981
0.434, 0.120, 0.983
0.431, 0.113, 0.992
0.423, 0.113, 0.994
0.416, 0.114, 0.996
0.412, 0.107, 1.005
0.405, 0.107, 1.008
0.401, 0.100, 1.017
0.393, 0.100, 1.019
0.389, 0.093, 1.029
0.381, 0.093, 1.031
0.377, 0.085, 1.041
0.372, 0.078, 1.051
0.364, 0.078, 1.053
0.362, 0.086, 1.046
0.369, 0.086, 1.043
0.374, 0.093, 1.034
0.374, 0.070, 1.058
0.385, 0.062, 1.062
0.377, 0.062, 1.065
0.387, 0.053, 1.070
0.395, 0.053, 1.067
0.405, 0.045, 1.072
0.398, 0.045, 1.075
0.408, 0.037, 1.080
0.419, 0.028, 1.085
0.411, 0.028, 1.087
0.422, 0.020, 1.092
0.429, 0.020, 1.090
0.440, 0.011, 1.095
0.432, 0.011, 1.098
0.443, 0.002, 1.103
0.454, -0.007, 1.108
0.446, -0.007, 1.111
0.457, -0.016, 1.116
0.468, -0.025, 1.121
0.461, -0.025, 1.124
0.472, -0.034, 1.129
0.480, -0.034, 1.126
0.483, -0.043, 1.135
0.495, -0.052, 1.140
0.487, -0.053, 1.143
0.498, -0.062, 1.149
0.506, -0.062, 1.145
0.518, -0.071, 1.151
0.510, -0.072, 1.154
0.522, -0.081, 1.160
0.534, -0.091, 1.165
0.526, -0.091, 1.169
0.538, -0.101, 1.174
0.546, -0.101, 1.171
0.558, -0.111, 1.177
0.554, -0.121, 1.190
0.550, -0.111, 1.180
0.566, -0.110, 1.174
0.573, -0.110, 1.170
0.577, -0.100, 1.158
0.585, -0.099, 1.155
0.581, -0.110, 1.167
0.592, -0.099, 1.152
0.600, -0.099, 1.149
0.603, -0.089, 1.137
0.610, -0.088, 1.134
0.607, -0.099, 1.146
0.618, -0.088, 1.131
0.620, -0.078, 1.120
0.628, -0.078, 1.117
0.625, -0.088, 1.128
0.635, -0.078, 1.114
0.642, -0.078, 1.111
0.645, -0.068, 1.101
0.640, -0.059, 1.093
0.629, -0.050, 1.088
0.624, -0.041, 1.080
0.613, -0.032, 1.075
0.601, -0.024, 1.070
0.597, -0.015, 1.062
0.593, -0.006, 1.055
0.582, 0.002, 1.051
0.571, 0.010, 1.046
0.560, 0.019, 1.042
0.556, 0.027, 1.034
0.553, 0.035, 1.027
0.567, 0.019, 1.039
0.578, 0.010, 1.044
0.589, 0.002, 1.048
0.608, -0.023, 1.068
0.620, -0.032, 1.072
0.636, -0.050, 1.085
0.652, -0.068, 1.098
0.650, -0.078, 1.109
0.657, -0.077, 1.106
0.386, 0.100, 1.022
0.398, 0.107, 1.010
0.409, 0.114, 0.999
0.427, 0.120, 0.985
0.445, 0.126, 0.972
0.456, 0.133, 0.962
0.463, 0.132, 0.960
0.472, 0.125, 0.963
0.485, 0.111, 0.974
0.498, 0.096, 0.984
0.508, 0.089, 0.988
0.521, 0.074, 0.999
0.538, 0.051, 1.016
RegionID:10
Center:-0.445,0.092,1.086
Normal:0.535,-0.667,-0.518
NumPatches:135
-0.533, -0.016, 1.135
-0.539, -0.016, 1.128
-0.549, -0.025, 1.130
-0.555, -0.025, 1.123
-0.561, -0.025, 1.118
-0.563, -0.015, 1.104
-0.565, -0.007, 1.090
-0.570, -0.007, 1.085
-0.572, 0.002, 1.072
-0.578, 0.002, 1.066
-0.579, 0.011, 1.053
-0.581, 0.019, 1.041
-0.582, 0.027, 1.029
-0.584, 0.035, 1.017
-0.589, 0.034, 1.012
-0.580, 0.042, 1.011
-0.575, 0.043, 1.016
-0.566, 0.051, 1.015
-0.557, 0.059, 1.013
-0.552, 0.059, 1.019
-0.561, 0.051, 1.020
-0.570, 0.043, 1.021
-0.579, 0.035, 1.023
-0.577, 0.027, 1.034
-0.575, 0.019, 1.046
-0.574, 0.011, 1.059
-0.543, 0.067, 1.018
-0.538, 0.067, 1.023
-0.547, 0.059, 1.024
-0.529, 0.076, 1.021
-0.520, 0.084, 1.020
-0.515, 0.084, 1.025
-0.524, 0.076, 1.026
-0.532, 0.068, 1.028
-0.506, 0.092, 1.024
-0.500, 0.093, 1.029
-0.509, 0.084, 1.030
-0.491, 0.101, 1.028
-0.482, 0.109, 1.026
-0.477, 0.109, 1.032
-0.486, 0.101, 1.033
-0.494, 0.093, 1.034
-0.468, 0.117, 1.031
-0.462, 0.118, 1.036
-0.471, 0.110, 1.037
-0.453, 0.126, 1.034
-0.444, 0.134, 1.033
-0.438, 0.135, 1.038
-0.447, 0.127, 1.040
-0.456, 0.119, 1.041
-0.429, 0.143, 1.037
-0.421, 0.151, 1.036
-0.414, 0.152, 1.041
-0.423, 0.144, 1.043
-0.432, 0.136, 1.044
-0.406, 0.160, 1.040
-0.397, 0.168, 1.038
-0.390, 0.169, 1.044
-0.399, 0.161, 1.045
-0.408, 0.153, 1.047
-0.382, 0.177, 1.043
-0.375, 0.178, 1.048
-0.384, 0.170, 1.049
-0.366, 0.186, 1.047
-0.357, 0.194, 1.045
-0.351, 0.195, 1.051
-0.360, 0.187, 1.052
-0.369, 0.179, 1.054
-0.342, 0.204, 1.049
-0.335, 0.205, 1.055
-0.344, 0.196, 1.056
-0.327, 0.213, 1.054
-0.322, 0.207, 1.066
-0.329, 0.206, 1.061
-0.324, 0.200, 1.073
-0.319, 0.193, 1.086
-0.326, 0.192, 1.080
-0.312, 0.194, 1.092
-0.314, 0.187, 1.100
-0.309, 0.180, 1.113
-0.317, 0.179, 1.107
-0.311, 0.173, 1.121
-0.304, 0.174, 1.127
-0.306, 0.166, 1.135
-0.301, 0.159, 1.150
-0.309, 0.158, 1.143
-0.303, 0.150, 1.158
-0.313, 0.141, 1.160
-0.323, 0.132, 1.161
-0.332, 0.123, 1.163
-0.342, 0.114, 1.165
-0.350, 0.113, 1.158
-0.359, 0.104, 1.160
-0.369, 0.095, 1.161
-0.376, 0.095, 1.155
-0.386, 0.086, 1.156
-0.393, 0.085, 1.150
-0.403, 0.076, 1.151
-0.410, 0.076, 1.145
-0.419, 0.066, 1.146
-0.429, 0.057, 1.148
-0.436, 0.057, 1.141
-0.446, 0.048, 1.143
-0.456, 0.039, 1.145
-0.462, 0.039, 1.138
-0.472, 0.030, 1.140
-0.482, 0.021, 1.141
-0.488, 0.020, 1.135
-0.498, 0.011, 1.137
-0.507, 0.002, 1.138
-0.514, 0.002, 1.132
-0.523, -0.007, 1.133
-0.529, -0.007, 1.127
-0.520, 0.002, 1.126
-0.504, 0.011, 1.130
-0.494, 0.020, 1.128
-0.478, 0.029, 1.133
-0.468, 0.038, 1.132
-0.452, 0.048, 1.137
-0.442, 0.057, 1.135
-0.426, 0.066, 1.140
-0.417, 0.075, 1.138
-0.400, 0.085, 1.143
-0.383, 0.094, 1.148
-0.366, 0.104, 1.153
-0.357, 0.113, 1.151
-0.340, 0.123, 1.156
-0.330, 0.132, 1.155
-0.315, 0.133, 1.168
-0.305, 0.142, 1.166
-0.298, 0.143, 1.173
-0.566, 0.002, 1.077
-0.559, -0.007, 1.096
-0.557, -0.016, 1.110
-0.545, -0.016, 1.122
RegionID:11
Center:-0.603,0.162,1.125
Normal:0.535,-0.667,-0.518
NumPatches:37
-0.627, 0.130, 1.141
-0.633, 0.129, 1.135
-0.636, 0.137, 1.123
-0.638, 0.144, 1.111
-0.644, 0.144, 1.106
-0.640, 0.152, 1.100
-0.634, 0.152, 1.105
-0.625, 0.161, 1.104
-0.615, 0.170, 1.102
-0.609, 0.171, 1.107
-0.619, 0.162, 1.109
-0.628, 0.153, 1.110
-0.632, 0.145, 1.117
-0.630, 0.138, 1.129
-0.624, 0.138, 1.134
-0.618, 0.139, 1.140
-0.608, 0.148, 1.138
-0.602, 0.149, 1.144
-0.611, 0.140, 1.145
-0.592, 0.158, 1.142
-0.582, 0.167, 1.141
-0.572, 0.175, 1.140
-0.575, 0.183, 1.127
-0.578, 0.190, 1.115
-0.587, 0.181, 1.117
-0.594, 0.180, 1.112
-0.603, 0.171, 1.113
-0.600, 0.179, 1.106
-0.584, 0.189, 1.110
-0.574, 0.197, 1.109
-0.568, 0.198, 1.114
-0.572, 0.191, 1.121
-0.569, 0.184, 1.133
-0.569, 0.168, 1.152
-0.576, 0.167, 1.146
-0.585, 0.158, 1.148
-0.595, 0.149, 1.149
RegionID:12
Center:0.418,0.181,1.052
Normal:-0.632,0.669,-0.392
NumPatches:62
0.394, 0.141, 1.021
0.390, 0.142, 1.031
0.381, 0.134, 1.030
0.376, 0.135, 1.040
0.372, 0.137, 1.050
0.363, 0.128, 1.049
0.358, 0.129, 1.059
0.349, 0.121, 1.059
0.353, 0.131, 1.070
0.357, 0.141, 1.081
0.360, 0.151, 1.092
0.364, 0.161, 1.104
0.368, 0.172, 1.116
0.372, 0.183, 1.128
0.376, 0.194, 1.140
0.382, 0.192, 1.129
0.391, 0.201, 1.129
0.396, 0.199, 1.118
0.386, 0.190, 1.117
0.405, 0.208, 1.118
0.410, 0.206, 1.107
0.401, 0.197, 1.107
0.419, 0.215, 1.108
0.423, 0.213, 1.097
0.414, 0.204, 1.096
0.432, 0.222, 1.097
0.437, 0.219, 1.087
0.428, 0.211, 1.086
0.446, 0.228, 1.087
0.450, 0.226, 1.077
0.441, 0.217, 1.076
0.459, 0.235, 1.077
0.463, 0.233, 1.067
0.454, 0.224, 1.066
0.467, 0.230, 1.056
0.476, 0.239, 1.057
0.480, 0.237, 1.047
0.471, 0.228, 1.046
0.474, 0.226, 1.036
0.470, 0.215, 1.026
0.469, 0.203, 1.007
0.465, 0.205, 1.016
0.465, 0.193, 0.997
0.460, 0.184, 0.988
0.460, 0.173, 0.970
0.452, 0.165, 0.969
0.448, 0.166, 0.978
0.444, 0.168, 0.987
0.436, 0.160, 0.986
0.432, 0.161, 0.995
0.424, 0.153, 0.995
0.419, 0.155, 1.004
0.411, 0.146, 1.003
0.407, 0.148, 1.012
0.403, 0.149, 1.022
0.398, 0.151, 1.031
0.415, 0.156, 1.013
0.428, 0.163, 1.004
0.440, 0.169, 0.996
0.456, 0.174, 0.978
0.367, 0.138, 1.060
0.385, 0.144, 1.041
RegionID:13
Center:-0.461,0.257,1.149
Normal:0.535,-0.668,-0.518
NumPatches:36
-0.456, 0.245, 1.169
-0.463, 0.244, 1.164
-0.473, 0.235, 1.165
-0.483, 0.226, 1.166
-0.490, 0.225, 1.161
-0.497, 0.224, 1.155
-0.500, 0.231, 1.142
-0.504, 0.237, 1.130
-0.501, 0.245, 1.123
-0.494, 0.246, 1.129
-0.485, 0.255, 1.127
-0.478, 0.256, 1.133
-0.488, 0.247, 1.134
-0.497, 0.238, 1.136
-0.494, 0.232, 1.148
-0.468, 0.265, 1.131
-0.459, 0.273, 1.130
-0.452, 0.275, 1.136
-0.462, 0.266, 1.137
-0.471, 0.257, 1.138
-0.442, 0.284, 1.134
-0.435, 0.285, 1.140
-0.445, 0.276, 1.141
-0.426, 0.294, 1.138
-0.421, 0.288, 1.151
-0.428, 0.286, 1.145
-0.424, 0.280, 1.158
-0.419, 0.274, 1.171
-0.429, 0.265, 1.172
-0.439, 0.256, 1.174
-0.446, 0.255, 1.168
-0.453, 0.253, 1.162
-0.436, 0.264, 1.166
-0.426, 0.273, 1.165
-0.480, 0.234, 1.159
-0.470, 0.243, 1.158
