NumRegions:22
RegionID:0
Center:-0.808,-0.567,1.648
Normal:-0.138,-0.608,-0.782
NumPatches:69
-0.827, -0.552, 1.640
-0.844, -0.566, 1.650
-0.862, -0.583, 1.665
-0.874, -0.602, 1.689
-0.881, -0.618, 1.702
-0.864, -0.603, 1.690
-0.861, -0.620, 1.706
-0.865, -0.634, 1.715
-0.853, -0.633, 1.713
-0.837, -0.630, 1.703
-0.828, -0.612, 1.685
-0.820, -0.595, 1.669
-0.828, -0.582, 1.663
-0.852, -0.602, 1.689
-0.840, -0.583, 1.665
-0.832, -0.566, 1.648
-0.839, -0.553, 1.642
-0.855, -0.567, 1.651
-0.820, -0.566, 1.648
-0.816, -0.581, 1.661
-0.810, -0.566, 1.649
-0.804, -0.551, 1.636
-0.797, -0.535, 1.622
-0.781, -0.521, 1.611
-0.787, -0.507, 1.602
-0.800, -0.509, 1.606
-0.820, -0.526, 1.626
-0.823, -0.510, 1.609
-0.836, -0.522, 1.615
-0.827, -0.495, 1.596
-0.817, -0.479, 1.577
-0.808, -0.463, 1.561
-0.803, -0.450, 1.550
-0.812, -0.510, 1.610
-0.801, -0.492, 1.588
-0.793, -0.477, 1.572
-0.790, -0.492, 1.587
-0.783, -0.477, 1.573
-0.774, -0.462, 1.555
-0.765, -0.462, 1.557
-0.752, -0.450, 1.552
-0.779, -0.492, 1.586
-0.763, -0.506, 1.596
-0.803, -0.580, 1.657
-0.807, -0.594, 1.665
-0.800, -0.608, 1.673
-0.822, -0.627, 1.695
-0.816, -0.643, 1.708
-0.819, -0.656, 1.714
-0.804, -0.642, 1.707
-0.809, -0.626, 1.692
-0.787, -0.606, 1.669
-0.794, -0.592, 1.661
-0.790, -0.579, 1.653
-0.787, -0.565, 1.647
-0.784, -0.552, 1.640
-0.774, -0.553, 1.641
-0.769, -0.538, 1.631
-0.778, -0.578, 1.651
-0.781, -0.591, 1.657
-0.769, -0.590, 1.654
-0.764, -0.606, 1.667
-0.786, -0.625, 1.691
-0.779, -0.640, 1.701
-0.792, -0.653, 1.705
-0.772, -0.655, 1.709
-0.767, -0.640, 1.700
-0.761, -0.655, 1.711
-0.758, -0.590, 1.655
RegionID:1
Center:0.500,-0.490,1.502
Normal:-0.095,-0.654,-0.750
NumPatches:56
0.519, -0.526, 1.531
0.512, -0.539, 1.540
0.508, -0.556, 1.559
0.502, -0.571, 1.573
0.498, -0.589, 1.594
0.490, -0.603, 1.602
0.486, -0.622, 1.624
0.480, -0.604, 1.605
0.500, -0.603, 1.602
0.484, -0.576, 1.585
0.469, -0.560, 1.570
0.473, -0.542, 1.549
0.470, -0.528, 1.538
0.467, -0.514, 1.527
0.462, -0.499, 1.512
0.460, -0.486, 1.503
0.456, -0.473, 1.492
0.453, -0.459, 1.481
0.450, -0.446, 1.471
0.447, -0.434, 1.462
0.460, -0.447, 1.472
0.469, -0.446, 1.471
0.477, -0.445, 1.466
0.474, -0.432, 1.455
0.483, -0.432, 1.455
0.493, -0.432, 1.456
0.503, -0.432, 1.454
0.514, -0.443, 1.460
0.511, -0.431, 1.451
0.524, -0.443, 1.459
0.532, -0.442, 1.456
0.540, -0.441, 1.452
0.554, -0.453, 1.462
0.549, -0.468, 1.476
0.541, -0.469, 1.479
0.531, -0.469, 1.481
0.525, -0.482, 1.492
0.520, -0.496, 1.503
0.515, -0.511, 1.519
0.509, -0.525, 1.530
0.502, -0.539, 1.542
0.497, -0.555, 1.557
0.487, -0.556, 1.560
0.492, -0.539, 1.541
0.479, -0.527, 1.534
0.489, -0.526, 1.532
0.512, -0.571, 1.572
0.510, -0.497, 1.506
0.515, -0.482, 1.492
0.521, -0.469, 1.480
0.558, -0.467, 1.474
0.564, -0.454, 1.464
0.549, -0.440, 1.449
0.578, -0.467, 1.475
0.575, -0.455, 1.466
0.570, -0.441, 1.453
RegionID:2
Center:0.114,-0.529,1.526
Normal:-0.118,-0.684,-0.720
NumPatches:86
0.119, -0.492, 1.490
0.110, -0.493, 1.495
0.100, -0.495, 1.500
0.090, -0.495, 1.499
0.080, -0.494, 1.498
0.070, -0.496, 1.504
0.060, -0.498, 1.509
0.050, -0.498, 1.510
0.040, -0.485, 1.500
0.030, -0.486, 1.503
0.020, -0.487, 1.506
0.010, -0.488, 1.508
0.000, -0.488, 1.508
-0.010, -0.487, 1.507
-0.020, -0.487, 1.507
-0.030, -0.489, 1.511
-0.040, -0.490, 1.516
-0.051, -0.506, 1.533
-0.051, -0.521, 1.547
-0.052, -0.537, 1.563
-0.052, -0.550, 1.573
-0.042, -0.563, 1.579
-0.041, -0.549, 1.568
-0.031, -0.548, 1.565
-0.020, -0.546, 1.561
-0.020, -0.532, 1.551
-0.010, -0.531, 1.546
0.000, -0.530, 1.543
0.011, -0.529, 1.542
0.021, -0.529, 1.540
0.031, -0.527, 1.536
0.041, -0.527, 1.535
0.052, -0.540, 1.544
0.051, -0.527, 1.535
0.062, -0.540, 1.542
0.072, -0.540, 1.542
0.082, -0.539, 1.541
0.092, -0.538, 1.537
0.103, -0.552, 1.549
0.104, -0.568, 1.563
0.106, -0.588, 1.589
0.116, -0.584, 1.579
0.126, -0.583, 1.575
0.136, -0.583, 1.577
0.147, -0.583, 1.575
0.157, -0.582, 1.573
0.167, -0.580, 1.569
0.177, -0.578, 1.563
0.187, -0.577, 1.559
0.197, -0.575, 1.556
0.207, -0.574, 1.553
0.216, -0.573, 1.550
0.227, -0.573, 1.549
0.242, -0.596, 1.584
0.237, -0.572, 1.548
0.250, -0.591, 1.569
0.260, -0.588, 1.562
0.256, -0.570, 1.540
0.253, -0.553, 1.523
0.251, -0.538, 1.508
0.249, -0.524, 1.496
0.247, -0.509, 1.484
0.236, -0.497, 1.477
0.228, -0.511, 1.489
0.219, -0.513, 1.494
0.209, -0.515, 1.499
0.200, -0.515, 1.500
0.189, -0.514, 1.498
0.178, -0.501, 1.488
0.169, -0.502, 1.492
0.159, -0.503, 1.495
0.149, -0.504, 1.496
0.140, -0.504, 1.498
0.130, -0.506, 1.502
0.120, -0.507, 1.505
0.177, -0.488, 1.478
0.188, -0.500, 1.485
0.187, -0.487, 1.476
0.208, -0.501, 1.489
0.226, -0.498, 1.480
0.245, -0.497, 1.476
0.255, -0.497, 1.475
0.102, -0.536, 1.533
-0.050, -0.492, 1.521
0.050, -0.484, 1.498
0.079, -0.481, 1.486
RegionID:3
Center:-0.402,-0.238,1.375
Normal:-0.141,-0.643,-0.753
NumPatches:468
-0.533, -0.479, 1.545
-0.530, -0.466, 1.537
-0.539, -0.455, 1.533
-0.556, -0.471, 1.550
-0.590, -0.501, 1.616
-0.642, -0.547, 1.726
-0.624, -0.512, 1.649
-0.641, -0.517, 1.666
-0.605, -0.477, 1.572
-0.605, -0.458, 1.544
-0.611, -0.445, 1.534
-0.619, -0.434, 1.529
-0.630, -0.434, 1.530
-0.640, -0.434, 1.531
-0.636, -0.421, 1.520
-0.632, -0.409, 1.512
-0.640, -0.397, 1.506
-0.650, -0.397, 1.507
-0.662, -0.408, 1.511
-0.671, -0.398, 1.509
-0.686, -0.411, 1.519
-0.695, -0.410, 1.517
-0.691, -0.398, 1.509
-0.688, -0.386, 1.501
-0.682, -0.398, 1.511
-0.677, -0.385, 1.499
-0.674, -0.374, 1.493
-0.664, -0.374, 1.494
-0.662, -0.363, 1.488
-0.659, -0.351, 1.482
-0.657, -0.340, 1.476
-0.646, -0.340, 1.475
-0.644, -0.329, 1.471
-0.641, -0.318, 1.463
-0.631, -0.317, 1.461
-0.628, -0.306, 1.455
-0.624, -0.295, 1.447
-0.616, -0.296, 1.449
-0.614, -0.285, 1.444
-0.611, -0.274, 1.438
-0.608, -0.263, 1.431
-0.606, -0.253, 1.428
-0.605, -0.243, 1.423
-0.595, -0.243, 1.422
-0.593, -0.233, 1.417
-0.584, -0.233, 1.418
-0.582, -0.223, 1.415
-0.581, -0.213, 1.411
-0.577, -0.202, 1.403
-0.567, -0.202, 1.401
-0.565, -0.192, 1.395
-0.563, -0.182, 1.391
-0.561, -0.172, 1.387
-0.551, -0.172, 1.384
-0.549, -0.162, 1.378
-0.546, -0.152, 1.371
-0.537, -0.152, 1.371
-0.536, -0.143, 1.367
-0.534, -0.133, 1.363
-0.524, -0.133, 1.361
-0.517, -0.143, 1.367
-0.519, -0.152, 1.371
-0.520, -0.162, 1.375
-0.513, -0.172, 1.379
-0.510, -0.162, 1.373
-0.503, -0.171, 1.378
-0.494, -0.171, 1.378
-0.485, -0.171, 1.377
-0.477, -0.181, 1.382
-0.481, -0.192, 1.393
-0.472, -0.192, 1.394
-0.462, -0.192, 1.392
-0.460, -0.182, 1.386
-0.466, -0.171, 1.377
-0.475, -0.171, 1.376
-0.458, -0.172, 1.379
-0.456, -0.162, 1.373
-0.462, -0.152, 1.364
-0.472, -0.152, 1.367
-0.483, -0.152, 1.372
-0.452, -0.152, 1.363
-0.442, -0.151, 1.360
-0.437, -0.140, 1.344
-0.442, -0.130, 1.331
-0.450, -0.130, 1.330
-0.460, -0.131, 1.334
-0.436, -0.120, 1.312
-0.432, -0.130, 1.329
-0.421, -0.129, 1.322
-0.415, -0.119, 1.304
-0.406, -0.119, 1.300
-0.401, -0.109, 1.284
-0.391, -0.108, 1.281
-0.387, -0.099, 1.267
-0.383, -0.089, 1.253
-0.373, -0.089, 1.249
-0.369, -0.080, 1.235
-0.359, -0.080, 1.231
-0.355, -0.071, 1.216
-0.346, -0.070, 1.212
-0.343, -0.062, 1.201
-0.339, -0.053, 1.187
-0.330, -0.053, 1.185
-0.326, -0.045, 1.169
-0.323, -0.037, 1.157
-0.320, -0.029, 1.148
-0.312, -0.029, 1.147
-0.308, -0.021, 1.134
-0.314, -0.013, 1.126
-0.305, -0.013, 1.121
-0.303, -0.006, 1.112
-0.309, 0.002, 1.107
-0.300, 0.002, 1.102
-0.295, -0.006, 1.110
-0.289, -0.013, 1.116
-0.287, -0.006, 1.110
-0.281, -0.013, 1.115
-0.275, -0.020, 1.122
-0.273, -0.013, 1.112
-0.268, -0.020, 1.121
-0.259, -0.020, 1.117
-0.253, -0.028, 1.123
-0.251, -0.020, 1.112
-0.245, -0.028, 1.120
-0.239, -0.036, 1.127
-0.237, -0.028, 1.116
-0.231, -0.035, 1.123
-0.223, -0.035, 1.121
-0.215, -0.035, 1.119
-0.209, -0.043, 1.125
-0.208, -0.035, 1.117
-0.201, -0.043, 1.125
-0.203, -0.051, 1.134
-0.195, -0.051, 1.132
-0.189, -0.059, 1.140
-0.187, -0.051, 1.128
-0.181, -0.058, 1.136
-0.173, -0.058, 1.131
-0.166, -0.066, 1.139
-0.165, -0.058, 1.128
-0.158, -0.066, 1.136
-0.152, -0.074, 1.144
-0.150, -0.066, 1.133
-0.144, -0.074, 1.140
-0.137, -0.082, 1.146
-0.136, -0.074, 1.138
-0.129, -0.082, 1.145
-0.130, -0.090, 1.157
-0.124, -0.099, 1.165
-0.133, -0.108, 1.184
-0.135, -0.117, 1.196
-0.144, -0.126, 1.210
-0.155, -0.136, 1.227
-0.165, -0.146, 1.243
-0.176, -0.157, 1.262
-0.187, -0.168, 1.282
-0.198, -0.179, 1.301
-0.210, -0.190, 1.319
-0.222, -0.202, 1.339
-0.235, -0.215, 1.363
-0.249, -0.228, 1.388
-0.262, -0.241, 1.411
-0.274, -0.253, 1.426
-0.285, -0.263, 1.431
-0.294, -0.263, 1.431
-0.304, -0.263, 1.430
-0.313, -0.263, 1.428
-0.322, -0.263, 1.427
-0.330, -0.252, 1.421
-0.339, -0.242, 1.417
-0.349, -0.243, 1.420
-0.356, -0.232, 1.414
-0.355, -0.222, 1.408
-0.353, -0.211, 1.401
-0.361, -0.201, 1.394
-0.372, -0.212, 1.403
-0.383, -0.222, 1.408
-0.393, -0.232, 1.411
-0.403, -0.232, 1.413
-0.415, -0.243, 1.422
-0.427, -0.254, 1.430
-0.438, -0.264, 1.436
-0.450, -0.275, 1.444
-0.460, -0.285, 1.445
-0.471, -0.295, 1.447
-0.483, -0.306, 1.454
-0.485, -0.318, 1.461
-0.487, -0.329, 1.469
-0.479, -0.339, 1.472
-0.490, -0.350, 1.476
-0.492, -0.362, 1.483
-0.495, -0.374, 1.492
-0.486, -0.384, 1.496
-0.489, -0.397, 1.504
-0.479, -0.396, 1.502
-0.468, -0.396, 1.501
-0.466, -0.384, 1.492
-0.463, -0.372, 1.484
-0.460, -0.359, 1.474
-0.456, -0.384, 1.493
-0.447, -0.384, 1.495
-0.445, -0.373, 1.491
-0.436, -0.374, 1.492
-0.435, -0.363, 1.489
-0.433, -0.352, 1.483
-0.440, -0.339, 1.472
-0.448, -0.329, 1.469
-0.457, -0.319, 1.466
-0.468, -0.329, 1.469
-0.478, -0.329, 1.469
-0.467, -0.319, 1.466
-0.473, -0.306, 1.455
-0.461, -0.295, 1.448
-0.469, -0.285, 1.443
-0.467, -0.274, 1.436
-0.465, -0.263, 1.431
-0.464, -0.253, 1.426
-0.454, -0.253, 1.425
-0.445, -0.253, 1.428
-0.437, -0.254, 1.430
-0.452, -0.296, 1.449
-0.444, -0.306, 1.454
-0.447, -0.318, 1.464
-0.433, -0.306, 1.451
-0.432, -0.295, 1.447
-0.431, -0.285, 1.444
-0.430, -0.274, 1.438
-0.420, -0.274, 1.438
-0.418, -0.263, 1.431
-0.417, -0.253, 1.427
-0.406, -0.252, 1.423
-0.396, -0.252, 1.422
-0.395, -0.242, 1.416
-0.387, -0.253, 1.423
-0.390, -0.264, 1.433
-0.402, -0.275, 1.442
-0.412, -0.285, 1.445
-0.413, -0.295, 1.448
-0.424, -0.306, 1.452
-0.426, -0.317, 1.460
-0.428, -0.328, 1.466
-0.430, -0.339, 1.473
-0.420, -0.339, 1.472
-0.412, -0.351, 1.479
-0.425, -0.363, 1.490
-0.416, -0.374, 1.494
-0.415, -0.363, 1.488
-0.406, -0.373, 1.490
-0.407, -0.385, 1.497
-0.397, -0.384, 1.495
-0.387, -0.384, 1.494
-0.384, -0.372, 1.485
-0.392, -0.360, 1.478
-0.402, -0.350, 1.477
-0.410, -0.339, 1.473
-0.392, -0.350, 1.476
-0.382, -0.350, 1.476
-0.373, -0.350, 1.477
-0.365, -0.362, 1.486
-0.366, -0.374, 1.492
-0.377, -0.384, 1.495
-0.369, -0.396, 1.502
-0.369, -0.407, 1.504
-0.370, -0.418, 1.508
-0.373, -0.430, 1.518
-0.385, -0.444, 1.529
-0.387, -0.455, 1.534
-0.398, -0.466, 1.537
-0.411, -0.480, 1.548
-0.423, -0.493, 1.555
-0.433, -0.492, 1.554
-0.443, -0.492, 1.554
-0.452, -0.480, 1.549
-0.463, -0.481, 1.550
-0.474, -0.481, 1.551
-0.484, -0.481, 1.553
-0.492, -0.469, 1.545
-0.498, -0.454, 1.531
-0.510, -0.467, 1.538
-0.514, -0.480, 1.548
-0.508, -0.455, 1.532
-0.507, -0.443, 1.527
-0.515, -0.431, 1.521
-0.526, -0.442, 1.524
-0.537, -0.443, 1.526
-0.551, -0.457, 1.538
-0.568, -0.472, 1.556
-0.609, -0.508, 1.639
-0.621, -0.539, 1.701
-0.653, -0.568, 1.757
-0.660, -0.586, 1.775
-0.646, -0.584, 1.769
-0.632, -0.582, 1.764
-0.619, -0.558, 1.727
-0.588, -0.520, 1.641
-0.524, -0.431, 1.519
-0.505, -0.432, 1.522
-0.495, -0.432, 1.523
-0.494, -0.420, 1.518
-0.483, -0.420, 1.518
-0.474, -0.431, 1.519
-0.486, -0.443, 1.525
-0.479, -0.456, 1.535
-0.482, -0.469, 1.546
-0.476, -0.443, 1.526
-0.472, -0.419, 1.514
-0.442, -0.481, 1.550
-0.414, -0.505, 1.561
-0.413, -0.493, 1.556
-0.400, -0.479, 1.546
-0.388, -0.466, 1.537
-0.375, -0.443, 1.528
-0.361, -0.418, 1.509
-0.359, -0.407, 1.504
-0.349, -0.396, 1.501
-0.358, -0.385, 1.499
-0.368, -0.385, 1.498
-0.356, -0.374, 1.492
-0.348, -0.385, 1.498
-0.346, -0.373, 1.491
-0.344, -0.361, 1.482
-0.343, -0.350, 1.475
-0.351, -0.339, 1.471
-0.363, -0.351, 1.480
-0.361, -0.339, 1.472
-0.350, -0.328, 1.463
-0.348, -0.317, 1.458
-0.357, -0.306, 1.455
-0.356, -0.296, 1.449
-0.354, -0.284, 1.441
-0.344, -0.284, 1.438
-0.334, -0.284, 1.438
-0.325, -0.284, 1.440
-0.317, -0.295, 1.447
-0.327, -0.305, 1.448
-0.328, -0.316, 1.454
-0.340, -0.328, 1.464
-0.341, -0.339, 1.469
-0.330, -0.327, 1.462
-0.322, -0.339, 1.470
-0.323, -0.350, 1.476
-0.334, -0.361, 1.481
-0.336, -0.373, 1.488
-0.337, -0.384, 1.495
-0.324, -0.361, 1.481
-0.313, -0.339, 1.472
-0.321, -0.328, 1.464
-0.311, -0.328, 1.467
-0.310, -0.317, 1.461
-0.309, -0.306, 1.455
-0.308, -0.296, 1.449
-0.316, -0.285, 1.442
-0.306, -0.285, 1.442
-0.296, -0.284, 1.441
-0.288, -0.295, 1.445
-0.289, -0.305, 1.450
-0.287, -0.284, 1.440
-0.277, -0.284, 1.441
-0.276, -0.274, 1.436
-0.275, -0.263, 1.431
-0.267, -0.274, 1.435
-0.265, -0.253, 1.425
-0.272, -0.242, 1.415
-0.282, -0.242, 1.419
-0.259, -0.229, 1.394
-0.265, -0.217, 1.378
-0.272, -0.207, 1.369
-0.279, -0.196, 1.357
-0.288, -0.196, 1.358
-0.299, -0.197, 1.365
-0.310, -0.198, 1.372
-0.320, -0.199, 1.376
-0.329, -0.199, 1.379
-0.335, -0.188, 1.365
-0.350, -0.201, 1.390
-0.346, -0.189, 1.372
-0.353, -0.179, 1.363
-0.358, -0.168, 1.349
-0.369, -0.169, 1.357
-0.380, -0.170, 1.363
-0.390, -0.170, 1.367
-0.404, -0.181, 1.384
-0.415, -0.191, 1.391
-0.417, -0.202, 1.397
-0.428, -0.211, 1.401
-0.430, -0.222, 1.408
-0.432, -0.233, 1.417
-0.423, -0.233, 1.418
-0.414, -0.233, 1.417
-0.412, -0.222, 1.411
-0.419, -0.211, 1.401
-0.410, -0.212, 1.405
-0.402, -0.222, 1.409
-0.392, -0.222, 1.408
-0.414, -0.182, 1.386
-0.400, -0.170, 1.370
-0.348, -0.167, 1.345
-0.342, -0.178, 1.357
-0.325, -0.187, 1.361
-0.269, -0.195, 1.352
-0.262, -0.205, 1.361
-0.255, -0.217, 1.375
-0.255, -0.253, 1.425
-0.347, -0.306, 1.454
-0.403, -0.295, 1.447
-0.394, -0.296, 1.449
-0.393, -0.285, 1.445
-0.392, -0.275, 1.441
-0.411, -0.275, 1.441
-0.485, -0.373, 1.491
-0.480, -0.350, 1.475
-0.373, -0.222, 1.407
-0.371, -0.202, 1.398
-0.347, -0.232, 1.412
-0.336, -0.222, 1.407
-0.329, -0.242, 1.415
-0.320, -0.252, 1.420
-0.238, -0.227, 1.380
-0.225, -0.214, 1.357
-0.220, -0.191, 1.324
-0.200, -0.190, 1.314
-0.189, -0.179, 1.297
-0.178, -0.167, 1.278
-0.167, -0.157, 1.259
-0.156, -0.146, 1.238
-0.153, -0.127, 1.214
-0.136, -0.126, 1.210
-0.125, -0.107, 1.178
-0.115, -0.098, 1.159
-0.122, -0.090, 1.153
-0.114, -0.089, 1.148
-0.106, -0.089, 1.146
-0.508, -0.143, 1.366
-0.515, -0.133, 1.360
-0.510, -0.123, 1.348
-0.504, -0.113, 1.332
-0.491, -0.101, 1.297
-0.444, -0.084, 1.174
-0.400, -0.067, 1.040
-0.462, -0.084, 1.179
-0.406, -0.060, 1.037
-0.492, -0.112, 1.325
-0.500, -0.123, 1.344
-0.505, -0.133, 1.359
-0.498, -0.143, 1.365
-0.489, -0.122, 1.339
-0.483, -0.112, 1.323
-0.464, -0.099, 1.270
-0.557, -0.202, 1.399
-0.559, -0.212, 1.405
-0.573, -0.223, 1.414
-0.562, -0.222, 1.411
-0.655, -0.374, 1.494
-0.659, -0.386, 1.503
-0.648, -0.386, 1.501
-0.688, -0.422, 1.524
-0.654, -0.420, 1.515
-0.658, -0.432, 1.524
-0.629, -0.397, 1.504
-0.615, -0.421, 1.519
-0.606, -0.421, 1.521
-0.596, -0.422, 1.523
-0.589, -0.434, 1.529
-0.586, -0.422, 1.522
-0.578, -0.433, 1.527
-0.580, -0.445, 1.534
-0.594, -0.458, 1.544
-0.584, -0.458, 1.543
RegionID:4
Center:-0.234,-0.507,1.729
Normal:0.427,0.800,-0.422
NumPatches:36
-0.277, -0.481, 1.737
-0.284, -0.486, 1.715
-0.293, -0.493, 1.698
-0.295, -0.484, 1.708
-0.282, -0.494, 1.703
-0.281, -0.503, 1.695
-0.270, -0.504, 1.698
-0.272, -0.496, 1.708
-0.274, -0.488, 1.721
-0.287, -0.479, 1.730
-0.264, -0.490, 1.729
-0.252, -0.501, 1.725
-0.260, -0.505, 1.702
-0.249, -0.507, 1.709
-0.239, -0.510, 1.718
-0.229, -0.512, 1.725
-0.230, -0.504, 1.737
-0.243, -0.494, 1.743
-0.254, -0.493, 1.738
-0.255, -0.485, 1.750
-0.232, -0.495, 1.746
-0.220, -0.506, 1.743
-0.218, -0.514, 1.733
-0.216, -0.521, 1.716
-0.206, -0.524, 1.728
-0.208, -0.517, 1.741
-0.209, -0.507, 1.749
-0.198, -0.509, 1.755
-0.186, -0.520, 1.752
-0.196, -0.527, 1.737
-0.185, -0.528, 1.741
-0.172, -0.537, 1.731
-0.174, -0.530, 1.747
-0.175, -0.522, 1.760
-0.163, -0.533, 1.757
-0.160, -0.546, 1.722
RegionID:5
Center:0.209,-0.418,1.628
Normal:-0.125,-0.691,-0.712
NumPatches:18
0.246, -0.403, 1.608
0.237, -0.416, 1.618
0.229, -0.432, 1.640
0.219, -0.434, 1.645
0.208, -0.434, 1.646
0.197, -0.434, 1.645
0.186, -0.434, 1.644
0.175, -0.434, 1.647
0.174, -0.420, 1.636
0.173, -0.407, 1.625
0.183, -0.406, 1.622
0.194, -0.406, 1.620
0.204, -0.405, 1.616
0.214, -0.404, 1.611
0.225, -0.403, 1.610
0.236, -0.403, 1.610
0.247, -0.416, 1.617
0.239, -0.431, 1.633
RegionID:6
Center:0.505,-0.358,1.480
Normal:-0.149,0.748,-0.646
NumPatches:54
0.453, -0.339, 1.516
0.459, -0.346, 1.501
0.447, -0.354, 1.494
0.457, -0.354, 1.494
0.464, -0.362, 1.486
0.453, -0.371, 1.482
0.462, -0.370, 1.479
0.468, -0.377, 1.467
0.456, -0.385, 1.459
0.446, -0.385, 1.459
0.471, -0.370, 1.476
0.473, -0.362, 1.484
0.466, -0.354, 1.492
0.468, -0.345, 1.498
0.471, -0.338, 1.508
0.478, -0.346, 1.499
0.476, -0.354, 1.491
0.483, -0.361, 1.482
0.489, -0.369, 1.473
0.478, -0.377, 1.468
0.487, -0.377, 1.466
0.495, -0.376, 1.461
0.506, -0.367, 1.465
0.492, -0.361, 1.481
0.495, -0.354, 1.491
0.489, -0.346, 1.502
0.481, -0.337, 1.507
0.494, -0.329, 1.516
0.499, -0.346, 1.501
0.504, -0.353, 1.488
0.507, -0.345, 1.497
0.510, -0.337, 1.505
0.516, -0.344, 1.493
0.514, -0.353, 1.487
0.523, -0.352, 1.485
0.532, -0.352, 1.483
0.535, -0.343, 1.490
0.541, -0.351, 1.481
0.544, -0.343, 1.489
0.550, -0.350, 1.477
0.556, -0.358, 1.467
0.543, -0.366, 1.460
0.532, -0.374, 1.456
0.525, -0.367, 1.464
0.535, -0.366, 1.463
0.550, -0.373, 1.451
0.559, -0.373, 1.452
0.562, -0.365, 1.458
0.565, -0.357, 1.466
0.559, -0.350, 1.475
0.562, -0.342, 1.484
0.569, -0.350, 1.476
0.571, -0.365, 1.456
0.569, -0.373, 1.450
RegionID:7
Center:0.018,-0.407,1.649
Normal:-0.091,-0.675,-0.732
NumPatches:17
0.045, -0.427, 1.662
0.034, -0.428, 1.665
0.022, -0.428, 1.667
0.011, -0.429, 1.668
0.000, -0.429, 1.669
-0.011, -0.430, 1.672
-0.011, -0.416, 1.661
-0.011, -0.402, 1.648
-0.011, -0.387, 1.634
0.000, -0.386, 1.629
0.011, -0.386, 1.628
0.022, -0.386, 1.629
0.033, -0.387, 1.630
0.044, -0.399, 1.638
0.044, -0.413, 1.651
0.044, -0.386, 1.627
0.054, -0.385, 1.622
RegionID:8
Center:-0.467,0.001,1.010
Normal:-0.320,-0.645,-0.694
NumPatches:95
-0.430, 0.008, 0.982
-0.439, 0.008, 0.986
-0.452, 0.002, 1.001
-0.456, -0.005, 1.011
-0.448, -0.005, 1.008
-0.440, -0.005, 1.005
-0.435, 0.002, 0.994
-0.432, -0.005, 1.000
-0.424, -0.005, 0.997
-0.416, -0.005, 0.995
-0.413, 0.002, 0.988
-0.416, 0.008, 0.979
-0.423, 0.008, 0.980
-0.413, 0.014, 0.972
-0.419, 0.021, 0.972
-0.427, 0.021, 0.975
-0.436, 0.015, 0.981
-0.448, 0.008, 0.993
-0.442, 0.021, 0.980
-0.439, 0.027, 0.972
-0.434, 0.033, 0.962
-0.427, 0.033, 0.960
-0.424, 0.027, 0.968
-0.435, 0.021, 0.977
-0.419, 0.033, 0.957
-0.416, 0.039, 0.949
-0.421, 0.045, 0.947
-0.427, 0.052, 0.947
-0.437, 0.046, 0.953
-0.444, 0.046, 0.956
-0.453, 0.046, 0.960
-0.461, 0.046, 0.964
-0.469, 0.047, 0.968
-0.477, 0.047, 0.972
-0.486, 0.047, 0.976
-0.495, 0.047, 0.980
-0.508, 0.041, 0.993
-0.514, 0.041, 0.993
-0.509, 0.047, 0.984
-0.506, 0.053, 0.978
-0.502, 0.047, 0.982
-0.512, 0.035, 1.002
-0.523, 0.028, 1.010
-0.528, 0.022, 1.019
-0.531, 0.015, 1.025
-0.535, 0.009, 1.034
-0.541, 0.002, 1.045
-0.546, -0.005, 1.053
-0.549, -0.012, 1.060
-0.554, -0.020, 1.070
-0.560, -0.027, 1.081
-0.555, -0.034, 1.085
-0.549, -0.027, 1.073
-0.546, -0.034, 1.081
-0.536, -0.034, 1.077
-0.526, -0.034, 1.071
-0.516, -0.034, 1.065
-0.508, -0.034, 1.062
-0.499, -0.033, 1.060
-0.490, -0.033, 1.054
-0.484, -0.040, 1.058
-0.480, -0.033, 1.048
-0.475, -0.040, 1.052
-0.466, -0.040, 1.047
-0.457, -0.040, 1.043
-0.448, -0.040, 1.038
-0.438, -0.039, 1.032
-0.430, -0.039, 1.029
-0.423, -0.039, 1.027
-0.417, -0.046, 1.031
-0.428, -0.054, 1.041
-0.414, -0.039, 1.023
-0.408, -0.046, 1.025
-0.400, -0.046, 1.022
-0.398, -0.039, 1.017
-0.403, -0.032, 1.012
-0.401, -0.025, 1.007
-0.398, -0.018, 0.999
-0.403, -0.012, 0.995
-0.408, -0.005, 0.991
-0.405, 0.002, 0.984
-0.409, 0.008, 0.979
-0.406, 0.014, 0.971
-0.411, 0.021, 0.967
-0.416, 0.027, 0.963
-0.403, 0.021, 0.963
-0.400, -0.005, 0.988
-0.395, -0.012, 0.991
-0.396, -0.032, 1.010
-0.391, -0.039, 1.015
-0.393, -0.046, 1.021
-0.516, 0.028, 1.009
-0.435, 0.052, 0.950
-0.419, 0.051, 0.941
-0.413, 0.045, 0.943
RegionID:9
Center:-0.200,0.071,1.143
Normal:0.396,0.534,-0.747
NumPatches:209
-0.191, 0.086, 1.154
-0.199, 0.086, 1.154
-0.206, 0.086, 1.153
-0.214, 0.086, 1.149
-0.214, 0.094, 1.153
-0.215, 0.102, 1.156
-0.216, 0.110, 1.162
-0.217, 0.118, 1.168
-0.210, 0.118, 1.171
-0.203, 0.119, 1.175
-0.196, 0.119, 1.180
-0.197, 0.128, 1.190
-0.206, 0.136, 1.193
-0.213, 0.136, 1.187
-0.219, 0.135, 1.181
-0.226, 0.135, 1.177
-0.233, 0.134, 1.171
-0.240, 0.133, 1.164
-0.246, 0.133, 1.161
-0.253, 0.132, 1.157
-0.255, 0.141, 1.163
-0.256, 0.149, 1.170
-0.258, 0.158, 1.179
-0.267, 0.167, 1.183
-0.275, 0.175, 1.186
-0.282, 0.174, 1.182
-0.289, 0.174, 1.176
-0.295, 0.172, 1.169
-0.301, 0.171, 1.162
-0.307, 0.171, 1.158
-0.314, 0.170, 1.154
-0.318, 0.161, 1.141
-0.324, 0.160, 1.136
-0.330, 0.159, 1.131
-0.336, 0.159, 1.127
-0.342, 0.150, 1.119
-0.347, 0.142, 1.111
-0.351, 0.133, 1.102
-0.350, 0.126, 1.098
-0.355, 0.118, 1.093
-0.354, 0.110, 1.087
-0.346, 0.103, 1.085
-0.344, 0.095, 1.080
-0.343, 0.087, 1.077
-0.336, 0.080, 1.077
-0.335, 0.073, 1.074
-0.329, 0.073, 1.078
-0.323, 0.073, 1.081
-0.315, 0.066, 1.080
-0.316, 0.074, 1.083
-0.309, 0.066, 1.083
-0.308, 0.059, 1.080
-0.302, 0.059, 1.083
-0.296, 0.059, 1.087
-0.288, 0.052, 1.086
-0.288, 0.045, 1.083
-0.280, 0.038, 1.083
-0.281, 0.045, 1.085
-0.274, 0.038, 1.085
-0.267, 0.038, 1.089
-0.261, 0.038, 1.092
-0.255, 0.038, 1.096
-0.247, 0.031, 1.096
-0.248, 0.038, 1.101
-0.241, 0.031, 1.099
-0.240, 0.024, 1.095
-0.233, 0.024, 1.098
-0.227, 0.024, 1.102
-0.227, 0.031, 1.106
-0.228, 0.039, 1.110
-0.229, 0.046, 1.116
-0.223, 0.046, 1.121
-0.215, 0.039, 1.120
-0.221, 0.031, 1.109
-0.220, 0.024, 1.105
-0.212, 0.016, 1.100
-0.211, 0.009, 1.096
-0.204, 0.009, 1.096
-0.197, 0.009, 1.099
-0.190, 0.009, 1.103
-0.183, 0.009, 1.106
-0.176, 0.002, 1.106
-0.177, 0.009, 1.110
-0.170, 0.002, 1.111
-0.162, -0.006, 1.110
-0.163, 0.002, 1.116
-0.155, -0.006, 1.113
-0.154, -0.013, 1.109
-0.147, -0.013, 1.112
-0.140, -0.013, 1.115
-0.133, -0.013, 1.118
-0.126, -0.020, 1.119
-0.127, -0.013, 1.123
-0.119, -0.021, 1.124
-0.111, -0.028, 1.121
-0.111, -0.035, 1.117
-0.104, -0.035, 1.120
-0.097, -0.035, 1.124
-0.090, -0.036, 1.129
-0.082, -0.043, 1.129
-0.083, -0.036, 1.133
-0.075, -0.043, 1.133
-0.075, -0.051, 1.131
-0.068, -0.051, 1.134
-0.068, -0.043, 1.137
-0.068, -0.036, 1.139
-0.068, -0.028, 1.143
-0.061, -0.029, 1.147
-0.061, -0.021, 1.151
-0.061, -0.013, 1.157
-0.061, -0.006, 1.162
-0.062, 0.002, 1.166
-0.054, 0.002, 1.170
-0.054, 0.010, 1.176
-0.055, 0.018, 1.182
-0.055, 0.026, 1.185
-0.047, 0.026, 1.188
-0.047, 0.034, 1.195
-0.048, 0.042, 1.202
-0.048, 0.050, 1.207
-0.040, 0.050, 1.212
-0.040, 0.059, 1.222
-0.049, 0.067, 1.228
-0.057, 0.067, 1.221
-0.065, 0.075, 1.224
-0.073, 0.075, 1.217
-0.080, 0.074, 1.212
-0.088, 0.083, 1.214
-0.096, 0.082, 1.211
-0.104, 0.090, 1.212
-0.112, 0.090, 1.206
-0.119, 0.089, 1.200
-0.128, 0.098, 1.204
-0.136, 0.106, 1.210
-0.144, 0.106, 1.206
-0.151, 0.105, 1.197
-0.158, 0.105, 1.190
-0.159, 0.113, 1.199
-0.167, 0.121, 1.201
-0.176, 0.130, 1.207
-0.183, 0.129, 1.201
-0.189, 0.120, 1.186
-0.188, 0.111, 1.178
-0.194, 0.103, 1.171
-0.200, 0.094, 1.161
-0.208, 0.102, 1.162
-0.201, 0.103, 1.168
-0.186, 0.103, 1.171
-0.178, 0.095, 1.164
-0.184, 0.086, 1.155
-0.190, 0.078, 1.149
-0.190, 0.070, 1.145
-0.183, 0.070, 1.148
-0.176, 0.071, 1.152
-0.169, 0.071, 1.155
-0.161, 0.071, 1.159
-0.162, 0.079, 1.161
-0.169, 0.087, 1.161
-0.177, 0.086, 1.158
-0.162, 0.087, 1.167
-0.179, 0.103, 1.173
-0.190, 0.129, 1.196
-0.199, 0.137, 1.198
-0.169, 0.131, 1.212
-0.160, 0.122, 1.208
-0.153, 0.123, 1.217
-0.145, 0.115, 1.215
-0.129, 0.106, 1.212
-0.120, 0.098, 1.208
-0.097, 0.091, 1.218
-0.081, 0.083, 1.220
-0.057, 0.076, 1.232
-0.041, 0.068, 1.235
-0.033, 0.068, 1.238
-0.040, 0.034, 1.200
-0.112, -0.021, 1.126
-0.213, 0.024, 1.107
-0.214, 0.031, 1.114
-0.207, 0.031, 1.115
-0.200, 0.031, 1.115
-0.201, 0.039, 1.120
-0.209, 0.047, 1.125
-0.216, 0.047, 1.124
-0.217, 0.054, 1.127
-0.217, 0.062, 1.130
-0.210, 0.062, 1.132
-0.202, 0.054, 1.129
-0.201, 0.047, 1.125
-0.203, 0.062, 1.134
-0.290, 0.060, 1.091
-0.337, 0.088, 1.080
-0.348, 0.110, 1.091
-0.349, 0.118, 1.096
-0.353, 0.141, 1.107
-0.341, 0.142, 1.116
-0.343, 0.158, 1.122
-0.320, 0.169, 1.147
-0.303, 0.180, 1.170
-0.297, 0.182, 1.178
-0.268, 0.176, 1.190
-0.260, 0.167, 1.186
-0.251, 0.159, 1.183
-0.249, 0.150, 1.173
-0.241, 0.142, 1.169
-0.243, 0.151, 1.179
-0.245, 0.160, 1.191
-0.237, 0.152, 1.189
-0.228, 0.144, 1.186
-0.221, 0.144, 1.190
RegionID:10
Center:0.422,0.057,1.340
Normal:-0.586,-0.500,-0.637
NumPatches:75
0.421, 0.011, 1.377
0.420, 0.020, 1.373
0.418, 0.029, 1.367
0.410, 0.039, 1.371
0.404, 0.030, 1.381
0.396, 0.030, 1.384
0.387, 0.039, 1.385
0.394, 0.039, 1.379
0.401, 0.048, 1.370
0.391, 0.057, 1.367
0.382, 0.066, 1.368
0.389, 0.065, 1.361
0.389, 0.074, 1.360
0.388, 0.083, 1.356
0.396, 0.074, 1.354
0.397, 0.065, 1.357
0.398, 0.056, 1.362
0.408, 0.047, 1.363
0.405, 0.056, 1.356
0.410, 0.064, 1.341
0.402, 0.074, 1.345
0.394, 0.083, 1.347
0.392, 0.091, 1.341
0.391, 0.100, 1.336
0.398, 0.099, 1.332
0.406, 0.090, 1.328
0.405, 0.099, 1.325
0.413, 0.090, 1.322
0.420, 0.089, 1.316
0.418, 0.098, 1.309
0.416, 0.106, 1.304
0.425, 0.097, 1.304
0.433, 0.089, 1.303
0.432, 0.097, 1.299
0.440, 0.088, 1.298
0.442, 0.080, 1.304
0.444, 0.072, 1.309
0.439, 0.064, 1.321
0.434, 0.055, 1.332
0.428, 0.047, 1.341
0.420, 0.047, 1.346
0.418, 0.055, 1.339
0.417, 0.064, 1.336
0.409, 0.073, 1.338
0.416, 0.073, 1.333
0.424, 0.073, 1.328
0.432, 0.064, 1.328
0.426, 0.055, 1.336
0.435, 0.047, 1.337
0.429, 0.038, 1.345
0.424, 0.029, 1.359
0.432, 0.020, 1.356
0.434, 0.011, 1.360
0.435, 0.002, 1.365
0.440, 0.020, 1.350
0.430, 0.029, 1.349
0.449, 0.011, 1.352
0.451, 0.002, 1.357
0.458, 0.002, 1.351
0.456, 0.011, 1.345
0.447, 0.020, 1.346
0.446, 0.029, 1.341
0.444, 0.038, 1.337
0.443, 0.046, 1.332
0.441, 0.055, 1.327
0.450, 0.046, 1.327
0.452, 0.038, 1.332
0.453, 0.029, 1.337
0.454, 0.020, 1.341
0.456, 0.046, 1.320
0.445, 0.063, 1.313
0.452, 0.063, 1.307
0.450, 0.071, 1.302
0.431, 0.072, 1.323
0.406, 0.021, 1.387
RegionID:11
Center:-0.463,0.104,0.982
Normal:-0.177,0.765,-0.619
NumPatches:47
-0.536, 0.132, 1.036
-0.520, 0.123, 1.017
-0.523, 0.116, 1.011
-0.519, 0.108, 1.003
-0.514, 0.100, 0.992
-0.506, 0.100, 0.990
-0.498, 0.100, 0.988
-0.485, 0.092, 0.974
-0.480, 0.085, 0.965
-0.473, 0.085, 0.962
-0.465, 0.084, 0.959
-0.456, 0.084, 0.954
-0.490, 0.100, 0.985
-0.482, 0.099, 0.982
-0.475, 0.099, 0.981
-0.467, 0.099, 0.977
-0.459, 0.098, 0.973
-0.451, 0.098, 0.971
-0.439, 0.091, 0.958
-0.443, 0.098, 0.968
-0.431, 0.090, 0.954
-0.419, 0.083, 0.942
-0.423, 0.090, 0.951
-0.416, 0.090, 0.950
-0.410, 0.090, 0.950
-0.405, 0.090, 0.952
-0.407, 0.097, 0.958
-0.410, 0.104, 0.964
-0.423, 0.112, 0.980
-0.432, 0.113, 0.985
-0.440, 0.113, 0.988
-0.447, 0.113, 0.991
-0.455, 0.114, 0.994
-0.463, 0.114, 0.996
-0.470, 0.114, 0.998
-0.479, 0.115, 1.001
-0.486, 0.115, 1.004
-0.494, 0.115, 1.005
-0.502, 0.115, 1.008
-0.509, 0.115, 1.009
-0.516, 0.115, 1.009
-0.513, 0.123, 1.016
-0.498, 0.123, 1.015
-0.492, 0.123, 1.015
-0.436, 0.120, 0.995
-0.415, 0.112, 0.977
-0.404, 0.104, 0.965
RegionID:12
Center:-0.122,0.206,1.046
Normal:-0.559,-0.723,-0.406
NumPatches:87
-0.109, 0.169, 1.095
-0.099, 0.172, 1.071
-0.107, 0.179, 1.072
-0.115, 0.181, 1.082
-0.122, 0.188, 1.081
-0.130, 0.189, 1.088
-0.137, 0.196, 1.085
-0.146, 0.192, 1.102
-0.145, 0.198, 1.093
-0.152, 0.205, 1.092
-0.159, 0.211, 1.087
-0.169, 0.207, 1.105
-0.177, 0.209, 1.115
-0.187, 0.211, 1.125
-0.195, 0.212, 1.133
-0.165, 0.217, 1.081
-0.174, 0.219, 1.090
-0.181, 0.226, 1.090
-0.190, 0.228, 1.099
-0.187, 0.232, 1.086
-0.194, 0.239, 1.084
-0.203, 0.241, 1.092
-0.212, 0.243, 1.101
-0.210, 0.247, 1.089
-0.201, 0.246, 1.082
-0.199, 0.251, 1.073
-0.198, 0.256, 1.064
-0.189, 0.254, 1.055
-0.187, 0.258, 1.045
-0.178, 0.255, 1.034
-0.177, 0.260, 1.023
-0.175, 0.264, 1.014
-0.168, 0.258, 1.015
-0.170, 0.253, 1.024
-0.162, 0.252, 1.019
-0.156, 0.246, 1.022
-0.154, 0.250, 1.012
-0.148, 0.244, 1.013
-0.149, 0.239, 1.024
-0.141, 0.237, 1.015
-0.135, 0.231, 1.016
-0.133, 0.235, 1.005
-0.127, 0.229, 1.008
-0.121, 0.223, 1.012
-0.120, 0.228, 1.002
-0.113, 0.222, 1.005
-0.107, 0.215, 1.006
-0.106, 0.220, 1.000
-0.100, 0.214, 1.002
-0.100, 0.209, 1.007
-0.093, 0.208, 1.002
-0.087, 0.202, 1.005
-0.086, 0.206, 0.995
-0.079, 0.200, 0.998
-0.073, 0.194, 1.000
-0.072, 0.199, 0.992
-0.066, 0.192, 0.992
-0.066, 0.187, 1.000
-0.059, 0.186, 0.993
-0.053, 0.180, 0.996
-0.053, 0.175, 1.006
-0.054, 0.170, 1.014
-0.054, 0.165, 1.025
-0.055, 0.160, 1.036
-0.063, 0.156, 1.056
-0.071, 0.151, 1.071
-0.078, 0.158, 1.070
-0.086, 0.159, 1.077
-0.094, 0.160, 1.086
-0.092, 0.165, 1.072
-0.091, 0.171, 1.062
-0.099, 0.178, 1.062
-0.070, 0.157, 1.063
-0.063, 0.150, 1.065
-0.056, 0.143, 1.067
-0.057, 0.138, 1.077
-0.055, 0.154, 1.045
-0.046, 0.174, 0.997
-0.046, 0.179, 0.989
-0.052, 0.185, 0.987
-0.186, 0.238, 1.078
-0.172, 0.224, 1.081
-0.157, 0.216, 1.075
-0.151, 0.210, 1.082
-0.144, 0.203, 1.083
-0.128, 0.195, 1.076
-0.114, 0.186, 1.071
RegionID:13
Center:0.305,0.215,1.063
Normal:0.312,-0.823,-0.474
NumPatches:127
0.159, 0.199, 0.994
0.166, 0.200, 0.997
0.173, 0.201, 1.002
0.171, 0.206, 0.992
0.180, 0.202, 1.005
0.182, 0.197, 1.014
0.189, 0.197, 1.017
0.199, 0.193, 1.031
0.197, 0.198, 1.021
0.206, 0.194, 1.035
0.216, 0.190, 1.049
0.214, 0.195, 1.039
0.225, 0.191, 1.055
0.226, 0.185, 1.064
0.236, 0.181, 1.078
0.234, 0.186, 1.069
0.245, 0.181, 1.083
0.253, 0.182, 1.089
0.264, 0.177, 1.102
0.261, 0.183, 1.092
0.272, 0.178, 1.107
0.275, 0.172, 1.118
0.286, 0.167, 1.132
0.283, 0.173, 1.120
0.295, 0.168, 1.138
0.307, 0.163, 1.156
0.304, 0.169, 1.143
0.316, 0.164, 1.160
0.325, 0.164, 1.163
0.337, 0.158, 1.180
0.333, 0.164, 1.166
0.347, 0.159, 1.185
0.361, 0.154, 1.207
0.356, 0.160, 1.190
0.371, 0.155, 1.213
0.380, 0.155, 1.218
0.377, 0.162, 1.207
0.387, 0.163, 1.212
0.396, 0.163, 1.215
0.406, 0.164, 1.221
0.401, 0.170, 1.205
0.411, 0.171, 1.213
0.406, 0.177, 1.198
0.417, 0.178, 1.207
0.428, 0.179, 1.214
0.441, 0.181, 1.228
0.431, 0.185, 1.201
0.442, 0.186, 1.209
0.435, 0.192, 1.191
0.431, 0.197, 1.178
0.441, 0.199, 1.186
0.452, 0.200, 1.193
0.445, 0.205, 1.176
0.456, 0.206, 1.184
0.469, 0.208, 1.196
0.461, 0.213, 1.176
0.455, 0.218, 1.161
0.439, 0.221, 1.140
0.430, 0.220, 1.135
0.417, 0.225, 1.122
0.404, 0.229, 1.104
0.391, 0.233, 1.089
0.387, 0.238, 1.079
0.374, 0.241, 1.062
0.363, 0.246, 1.050
0.354, 0.244, 1.045
0.342, 0.247, 1.029
0.332, 0.252, 1.019
0.324, 0.251, 1.016
0.321, 0.256, 1.008
0.310, 0.258, 0.992
0.299, 0.261, 0.977
0.289, 0.264, 0.966
0.284, 0.259, 0.971
0.277, 0.258, 0.968
0.270, 0.258, 0.966
0.268, 0.263, 0.960
0.265, 0.266, 0.949
0.256, 0.269, 0.939
0.249, 0.269, 0.936
0.241, 0.267, 0.932
0.236, 0.262, 0.936
0.232, 0.258, 0.942
0.227, 0.253, 0.949
0.222, 0.249, 0.956
0.217, 0.243, 0.959
0.211, 0.237, 0.961
0.206, 0.233, 0.968
0.201, 0.228, 0.975
0.195, 0.222, 0.979
0.188, 0.221, 0.975
0.182, 0.216, 0.979
0.177, 0.211, 0.985
0.179, 0.206, 0.995
0.175, 0.215, 0.976
0.181, 0.221, 0.972
0.194, 0.227, 0.972
0.208, 0.229, 0.979
0.204, 0.237, 0.959
0.210, 0.243, 0.956
0.215, 0.247, 0.951
0.229, 0.249, 0.958
0.234, 0.254, 0.951
0.229, 0.261, 0.933
0.235, 0.266, 0.929
0.247, 0.272, 0.928
0.254, 0.273, 0.932
0.263, 0.270, 0.941
0.272, 0.267, 0.951
0.269, 0.270, 0.943
0.279, 0.267, 0.954
0.282, 0.263, 0.963
0.286, 0.268, 0.957
0.277, 0.272, 0.947
0.297, 0.265, 0.970
0.307, 0.262, 0.982
0.318, 0.260, 0.997
0.339, 0.252, 1.021
0.350, 0.249, 1.034
0.372, 0.247, 1.055
0.383, 0.243, 1.068
0.399, 0.234, 1.093
0.413, 0.230, 1.111
0.426, 0.226, 1.125
0.449, 0.222, 1.146
0.465, 0.219, 1.167
0.471, 0.213, 1.181
RegionID:14
Center:0.007,0.191,1.073
Normal:0.823,-0.549,-0.144
NumPatches:30
0.000, 0.167, 1.130
-0.007, 0.163, 1.102
-0.014, 0.158, 1.074
-0.014, 0.163, 1.056
-0.007, 0.167, 1.086
-0.007, 0.172, 1.072
-0.007, 0.177, 1.057
-0.007, 0.181, 1.038
-0.007, 0.185, 1.022
0.000, 0.189, 1.043
0.000, 0.193, 1.029
0.007, 0.196, 1.048
0.007, 0.200, 1.032
0.014, 0.205, 1.056
0.014, 0.209, 1.042
0.022, 0.210, 1.082
0.022, 0.206, 1.100
0.015, 0.197, 1.092
0.007, 0.188, 1.081
0.008, 0.184, 1.100
0.000, 0.176, 1.095
0.000, 0.171, 1.110
0.008, 0.180, 1.119
0.015, 0.193, 1.110
0.023, 0.203, 1.121
0.022, 0.214, 1.069
0.021, 0.219, 1.055
0.021, 0.223, 1.040
0.029, 0.223, 1.078
0.028, 0.227, 1.061
RegionID:15
Center:-0.233,0.235,0.961
Normal:0.649,-0.756,-0.088
NumPatches:58
-0.256, 0.212, 0.989
-0.260, 0.209, 0.979
-0.268, 0.204, 0.983
-0.275, 0.198, 0.986
-0.278, 0.193, 0.996
-0.284, 0.187, 0.997
-0.281, 0.189, 1.007
-0.278, 0.191, 1.020
-0.273, 0.195, 1.004
-0.271, 0.200, 0.995
-0.269, 0.197, 1.014
-0.265, 0.199, 1.025
-0.262, 0.203, 1.012
-0.259, 0.207, 1.001
-0.264, 0.207, 0.970
-0.257, 0.213, 0.967
-0.253, 0.217, 0.954
-0.253, 0.215, 0.977
-0.249, 0.219, 0.963
-0.247, 0.223, 0.953
-0.245, 0.227, 0.945
-0.242, 0.225, 0.961
-0.240, 0.229, 0.951
-0.237, 0.232, 0.941
-0.233, 0.234, 0.948
-0.230, 0.238, 0.938
-0.228, 0.242, 0.930
-0.224, 0.244, 0.939
-0.222, 0.248, 0.930
-0.221, 0.247, 0.950
-0.223, 0.243, 0.960
-0.225, 0.240, 0.970
-0.232, 0.233, 0.970
-0.239, 0.227, 0.972
-0.235, 0.230, 0.983
-0.228, 0.236, 0.982
-0.219, 0.246, 0.971
-0.216, 0.250, 0.959
-0.218, 0.251, 0.940
-0.216, 0.254, 0.929
-0.211, 0.256, 0.937
-0.209, 0.260, 0.928
-0.207, 0.263, 0.918
-0.203, 0.265, 0.925
-0.201, 0.269, 0.916
-0.198, 0.268, 0.934
-0.201, 0.265, 0.947
-0.207, 0.258, 0.944
-0.209, 0.255, 0.954
-0.212, 0.252, 0.968
-0.203, 0.262, 0.956
-0.194, 0.271, 0.943
-0.196, 0.271, 0.923
-0.194, 0.274, 0.914
-0.191, 0.273, 0.931
-0.189, 0.276, 0.921
-0.187, 0.276, 0.940
-0.185, 0.279, 0.929
RegionID:16
Center:-0.326,0.295,0.930
Normal:-0.508,-0.292,-0.810
NumPatches:128
-0.457, 0.374, 0.984
-0.448, 0.372, 0.978
-0.441, 0.364, 0.976
-0.442, 0.359, 0.979
-0.435, 0.352, 0.979
-0.434, 0.358, 0.976
-0.428, 0.351, 0.976
-0.429, 0.346, 0.978
-0.421, 0.338, 0.977
-0.420, 0.344, 0.974
-0.413, 0.337, 0.972
-0.414, 0.331, 0.974
-0.406, 0.324, 0.971
-0.405, 0.329, 0.969
-0.397, 0.322, 0.965
-0.398, 0.316, 0.967
-0.399, 0.311, 0.971
-0.392, 0.303, 0.968
-0.391, 0.309, 0.965
-0.384, 0.302, 0.964
-0.385, 0.297, 0.967
-0.378, 0.290, 0.965
-0.377, 0.295, 0.963
-0.369, 0.288, 0.959
-0.370, 0.282, 0.962
-0.372, 0.277, 0.967
-0.374, 0.272, 0.970
-0.366, 0.265, 0.967
-0.365, 0.270, 0.964
-0.358, 0.263, 0.962
-0.358, 0.257, 0.964
-0.351, 0.250, 0.962
-0.350, 0.256, 0.960
-0.343, 0.249, 0.958
-0.344, 0.244, 0.960
-0.345, 0.238, 0.963
-0.338, 0.237, 0.960
-0.331, 0.230, 0.958
-0.330, 0.236, 0.956
-0.323, 0.229, 0.954
-0.324, 0.224, 0.956
-0.316, 0.217, 0.953
-0.316, 0.222, 0.951
-0.308, 0.215, 0.948
-0.309, 0.210, 0.951
-0.301, 0.209, 0.946
-0.300, 0.214, 0.943
-0.293, 0.213, 0.938
-0.291, 0.218, 0.934
-0.291, 0.224, 0.933
-0.284, 0.224, 0.930
-0.284, 0.229, 0.929
-0.283, 0.235, 0.928
-0.275, 0.234, 0.922
-0.274, 0.239, 0.918
-0.267, 0.238, 0.915
-0.266, 0.244, 0.912
-0.266, 0.249, 0.911
-0.265, 0.254, 0.908
-0.264, 0.259, 0.904
-0.257, 0.258, 0.899
-0.256, 0.264, 0.898
-0.256, 0.269, 0.897
-0.249, 0.268, 0.892
-0.241, 0.266, 0.887
-0.241, 0.271, 0.885
-0.234, 0.270, 0.881
-0.233, 0.275, 0.879
-0.240, 0.282, 0.881
-0.246, 0.289, 0.884
-0.253, 0.290, 0.887
-0.259, 0.296, 0.888
-0.259, 0.302, 0.887
-0.266, 0.308, 0.889
-0.272, 0.314, 0.890
-0.271, 0.319, 0.888
-0.278, 0.326, 0.890
-0.284, 0.333, 0.892
-0.291, 0.339, 0.893
-0.298, 0.341, 0.897
-0.305, 0.342, 0.901
-0.312, 0.343, 0.905
-0.320, 0.345, 0.909
-0.327, 0.347, 0.913
-0.335, 0.348, 0.916
-0.343, 0.344, 0.922
-0.350, 0.345, 0.925
-0.360, 0.342, 0.934
-0.361, 0.338, 0.938
-0.354, 0.337, 0.936
-0.347, 0.330, 0.933
-0.347, 0.324, 0.935
-0.339, 0.322, 0.929
-0.332, 0.321, 0.926
-0.331, 0.326, 0.923
-0.338, 0.333, 0.926
-0.346, 0.335, 0.932
-0.344, 0.340, 0.927
-0.330, 0.331, 0.920
-0.358, 0.347, 0.929
-0.365, 0.354, 0.931
-0.373, 0.355, 0.936
-0.382, 0.352, 0.944
-0.393, 0.350, 0.954
-0.401, 0.352, 0.960
-0.409, 0.353, 0.964
-0.416, 0.360, 0.964
-0.423, 0.367, 0.966
-0.432, 0.369, 0.971
-0.440, 0.370, 0.974
-0.415, 0.365, 0.961
-0.408, 0.358, 0.960
-0.396, 0.360, 0.948
-0.388, 0.358, 0.944
-0.381, 0.357, 0.940
-0.384, 0.347, 0.947
-0.357, 0.352, 0.926
-0.349, 0.350, 0.922
-0.342, 0.349, 0.919
-0.283, 0.338, 0.890
-0.277, 0.332, 0.889
-0.271, 0.325, 0.887
-0.265, 0.313, 0.887
-0.259, 0.307, 0.886
-0.253, 0.295, 0.885
-0.239, 0.287, 0.880
-0.233, 0.281, 0.877
-0.227, 0.270, 0.879
RegionID:17
Center:0.172,0.283,0.951
Normal:-0.659,0.220,-0.720
NumPatches:84
0.164, 0.254, 0.950
0.158, 0.248, 0.952
0.153, 0.257, 0.962
0.148, 0.258, 0.968
0.142, 0.253, 0.971
0.136, 0.247, 0.972
0.130, 0.241, 0.975
0.124, 0.242, 0.980
0.118, 0.244, 0.986
0.118, 0.250, 0.986
0.124, 0.249, 0.982
0.125, 0.256, 0.985
0.119, 0.266, 0.995
0.125, 0.264, 0.988
0.131, 0.262, 0.983
0.136, 0.254, 0.976
0.137, 0.261, 0.978
0.137, 0.268, 0.978
0.142, 0.260, 0.972
0.142, 0.266, 0.973
0.142, 0.273, 0.974
0.148, 0.272, 0.970
0.149, 0.279, 0.971
0.154, 0.277, 0.966
0.155, 0.284, 0.968
0.160, 0.283, 0.963
0.160, 0.290, 0.965
0.166, 0.288, 0.959
0.166, 0.294, 0.960
0.171, 0.293, 0.954
0.172, 0.300, 0.956
0.166, 0.308, 0.963
0.167, 0.316, 0.967
0.172, 0.307, 0.959
0.172, 0.314, 0.960
0.173, 0.321, 0.962
0.178, 0.305, 0.954
0.177, 0.298, 0.951
0.176, 0.291, 0.948
0.182, 0.290, 0.944
0.187, 0.281, 0.938
0.181, 0.276, 0.940
0.176, 0.271, 0.944
0.170, 0.266, 0.949
0.165, 0.260, 0.952
0.159, 0.255, 0.955
0.165, 0.267, 0.954
0.171, 0.273, 0.950
0.176, 0.277, 0.945
0.187, 0.275, 0.936
0.192, 0.280, 0.933
0.187, 0.288, 0.940
0.188, 0.295, 0.942
0.183, 0.304, 0.950
0.188, 0.302, 0.944
0.188, 0.308, 0.944
0.193, 0.307, 0.939
0.194, 0.313, 0.940
0.199, 0.312, 0.936
0.199, 0.319, 0.937
0.205, 0.317, 0.932
0.209, 0.308, 0.925
0.209, 0.301, 0.923
0.203, 0.296, 0.925
0.198, 0.292, 0.930
0.193, 0.287, 0.935
0.198, 0.285, 0.930
0.203, 0.289, 0.924
0.208, 0.295, 0.921
0.214, 0.300, 0.919
0.219, 0.305, 0.914
0.214, 0.313, 0.920
0.209, 0.315, 0.927
0.210, 0.321, 0.928
0.210, 0.328, 0.929
0.214, 0.319, 0.922
0.215, 0.326, 0.924
0.219, 0.318, 0.917
0.219, 0.311, 0.915
0.224, 0.304, 0.911
0.224, 0.310, 0.912
0.129, 0.234, 0.973
0.136, 0.240, 0.971
0.141, 0.239, 0.967
RegionID:18
Center:0.549,0.307,1.207
Normal:-0.093,-0.639,-0.764
NumPatches:25
0.515, 0.307, 1.212
0.523, 0.307, 1.211
0.532, 0.300, 1.214
0.531, 0.307, 1.210
0.529, 0.314, 1.206
0.527, 0.321, 1.201
0.536, 0.314, 1.205
0.538, 0.307, 1.208
0.540, 0.300, 1.213
0.545, 0.306, 1.207
0.544, 0.313, 1.203
0.534, 0.320, 1.200
0.553, 0.306, 1.206
0.556, 0.300, 1.213
0.558, 0.293, 1.218
0.564, 0.300, 1.213
0.572, 0.299, 1.212
0.569, 0.306, 1.206
0.558, 0.312, 1.200
0.550, 0.312, 1.200
0.549, 0.319, 1.196
0.566, 0.312, 1.200
0.564, 0.319, 1.196
0.580, 0.299, 1.212
0.582, 0.293, 1.217
RegionID:19
Center:-0.063,0.309,1.068
Normal:-0.487,-0.767,-0.417
NumPatches:36
-0.086, 0.311, 1.083
-0.079, 0.310, 1.081
-0.072, 0.305, 1.088
-0.071, 0.309, 1.079
-0.064, 0.303, 1.081
-0.065, 0.299, 1.091
-0.057, 0.297, 1.085
-0.050, 0.291, 1.088
-0.050, 0.295, 1.079
-0.050, 0.300, 1.070
-0.049, 0.305, 1.062
-0.056, 0.312, 1.062
-0.064, 0.308, 1.073
-0.064, 0.313, 1.068
-0.071, 0.320, 1.067
-0.078, 0.326, 1.064
-0.085, 0.322, 1.072
-0.093, 0.323, 1.075
-0.100, 0.324, 1.080
-0.108, 0.325, 1.084
-0.099, 0.328, 1.069
-0.098, 0.332, 1.059
-0.098, 0.337, 1.054
-0.091, 0.332, 1.058
-0.091, 0.336, 1.051
-0.049, 0.310, 1.056
-0.042, 0.308, 1.049
-0.035, 0.300, 1.047
-0.042, 0.297, 1.061
-0.042, 0.293, 1.071
-0.043, 0.288, 1.079
-0.035, 0.291, 1.065
-0.035, 0.295, 1.053
-0.028, 0.294, 1.048
-0.027, 0.299, 1.043
-0.021, 0.292, 1.043
RegionID:20
Center:0.073,0.377,1.047
Normal:-0.263,-0.065,-0.963
NumPatches:68
0.176, 0.387, 1.019
0.170, 0.387, 1.020
0.163, 0.382, 1.023
0.157, 0.376, 1.025
0.150, 0.369, 1.026
0.144, 0.363, 1.029
0.137, 0.357, 1.031
0.130, 0.358, 1.032
0.124, 0.359, 1.035
0.117, 0.359, 1.037
0.111, 0.360, 1.039
0.104, 0.354, 1.042
0.097, 0.355, 1.044
0.090, 0.355, 1.045
0.084, 0.356, 1.046
0.077, 0.349, 1.048
0.070, 0.350, 1.050
0.063, 0.351, 1.052
0.056, 0.351, 1.055
0.049, 0.345, 1.057
0.042, 0.346, 1.059
0.035, 0.346, 1.059
0.028, 0.354, 1.061
0.021, 0.361, 1.063
0.014, 0.362, 1.065
0.007, 0.369, 1.066
0.000, 0.377, 1.068
-0.007, 0.378, 1.070
-0.007, 0.385, 1.070
-0.007, 0.392, 1.069
-0.007, 0.399, 1.069
-0.007, 0.405, 1.068
0.000, 0.405, 1.066
0.007, 0.404, 1.065
0.014, 0.403, 1.062
0.021, 0.403, 1.060
0.028, 0.402, 1.058
0.035, 0.401, 1.056
0.042, 0.400, 1.055
0.049, 0.400, 1.053
0.056, 0.399, 1.051
0.063, 0.398, 1.049
0.070, 0.398, 1.048
0.077, 0.397, 1.047
0.083, 0.396, 1.044
0.090, 0.395, 1.041
0.097, 0.395, 1.039
0.104, 0.394, 1.038
0.110, 0.393, 1.036
0.117, 0.393, 1.035
0.124, 0.392, 1.033
0.130, 0.392, 1.032
0.137, 0.391, 1.030
0.144, 0.390, 1.028
0.150, 0.390, 1.026
0.157, 0.382, 1.025
0.150, 0.376, 1.026
0.144, 0.370, 1.028
0.137, 0.364, 1.030
0.157, 0.389, 1.024
0.163, 0.388, 1.022
0.007, 0.376, 1.066
0.014, 0.369, 1.064
0.028, 0.361, 1.061
0.035, 0.353, 1.059
0.049, 0.352, 1.057
0.077, 0.356, 1.048
0.104, 0.361, 1.042
RegionID:21
Center:-0.210,0.326,0.909
Normal:0.554,0.564,-0.613
NumPatches:29
-0.220, 0.349, 0.920
-0.223, 0.339, 0.910
-0.225, 0.328, 0.894
-0.232, 0.334, 0.896
-0.238, 0.340, 0.896
-0.234, 0.343, 0.904
-0.228, 0.337, 0.904
-0.229, 0.345, 0.910
-0.222, 0.331, 0.903
-0.216, 0.325, 0.904
-0.214, 0.317, 0.897
-0.208, 0.311, 0.897
-0.210, 0.319, 0.903
-0.203, 0.313, 0.902
-0.202, 0.305, 0.896
-0.198, 0.307, 0.903
-0.199, 0.314, 0.907
-0.200, 0.322, 0.912
-0.201, 0.331, 0.919
-0.207, 0.337, 0.920
-0.214, 0.344, 0.921
-0.218, 0.334, 0.911
-0.210, 0.347, 0.930
-0.195, 0.325, 0.919
-0.194, 0.317, 0.914
-0.193, 0.309, 0.908
-0.188, 0.311, 0.916
-0.189, 0.319, 0.921
-0.184, 0.314, 0.924
