NumRegions:20
RegionID:0
Center:0.051,-0.532,1.415
Normal:-0.117,-0.627,-0.770
NumPatches:78
0.084, -0.518, 1.400
0.075, -0.518, 1.400
0.065, -0.518, 1.401
0.056, -0.518, 1.401
0.047, -0.531, 1.410
0.038, -0.532, 1.413
0.029, -0.547, 1.429
0.019, -0.535, 1.422
0.010, -0.536, 1.425
0.000, -0.536, 1.424
-0.009, -0.536, 1.424
-0.019, -0.538, 1.429
-0.029, -0.554, 1.446
-0.038, -0.554, 1.447
-0.048, -0.555, 1.448
-0.057, -0.555, 1.450
-0.067, -0.556, 1.451
-0.077, -0.557, 1.453
-0.087, -0.559, 1.458
-0.086, -0.545, 1.448
-0.085, -0.531, 1.435
-0.094, -0.518, 1.426
-0.085, -0.517, 1.423
-0.076, -0.531, 1.435
-0.066, -0.531, 1.436
-0.057, -0.530, 1.432
-0.047, -0.528, 1.427
-0.047, -0.516, 1.421
-0.038, -0.526, 1.423
-0.028, -0.540, 1.435
-0.028, -0.525, 1.420
-0.028, -0.512, 1.410
-0.019, -0.524, 1.418
-0.009, -0.524, 1.417
0.000, -0.524, 1.416
0.010, -0.523, 1.415
0.019, -0.522, 1.412
0.029, -0.533, 1.417
0.028, -0.521, 1.408
0.038, -0.519, 1.403
0.047, -0.518, 1.400
0.047, -0.507, 1.395
0.048, -0.545, 1.423
0.057, -0.544, 1.420
0.066, -0.544, 1.420
0.076, -0.544, 1.419
0.085, -0.544, 1.419
0.085, -0.531, 1.410
0.095, -0.544, 1.419
0.094, -0.531, 1.410
0.104, -0.543, 1.417
0.103, -0.530, 1.409
0.113, -0.542, 1.414
0.112, -0.529, 1.406
0.122, -0.540, 1.411
0.121, -0.528, 1.403
0.131, -0.540, 1.410
0.131, -0.528, 1.402
0.141, -0.541, 1.413
0.140, -0.527, 1.401
0.150, -0.540, 1.410
0.149, -0.526, 1.397
0.158, -0.524, 1.393
0.168, -0.536, 1.400
0.167, -0.524, 1.391
0.177, -0.535, 1.397
0.176, -0.523, 1.389
0.185, -0.534, 1.394
0.184, -0.522, 1.386
0.195, -0.534, 1.393
0.193, -0.521, 1.383
0.204, -0.533, 1.391
0.202, -0.520, 1.382
0.213, -0.533, 1.390
0.211, -0.520, 1.382
0.222, -0.532, 1.390
0.220, -0.519, 1.379
0.065, -0.507, 1.396
RegionID:1
Center:0.469,-0.491,1.387
Normal:-0.093,-0.617,-0.781
NumPatches:45
0.487, -0.521, 1.408
0.481, -0.535, 1.420
0.476, -0.549, 1.432
0.467, -0.550, 1.435
0.455, -0.537, 1.425
0.448, -0.549, 1.434
0.436, -0.537, 1.425
0.428, -0.538, 1.430
0.425, -0.526, 1.421
0.422, -0.512, 1.410
0.418, -0.498, 1.396
0.416, -0.486, 1.390
0.414, -0.475, 1.383
0.411, -0.463, 1.374
0.420, -0.462, 1.373
0.428, -0.461, 1.369
0.436, -0.460, 1.368
0.445, -0.460, 1.367
0.453, -0.459, 1.364
0.462, -0.458, 1.362
0.470, -0.458, 1.360
0.479, -0.457, 1.359
0.487, -0.456, 1.356
0.494, -0.455, 1.351
0.502, -0.454, 1.350
0.512, -0.455, 1.351
0.522, -0.456, 1.355
0.534, -0.468, 1.362
0.529, -0.480, 1.372
0.520, -0.480, 1.373
0.515, -0.494, 1.385
0.507, -0.494, 1.386
0.497, -0.494, 1.386
0.488, -0.494, 1.386
0.483, -0.507, 1.397
0.477, -0.520, 1.407
0.480, -0.495, 1.389
0.512, -0.481, 1.375
0.537, -0.479, 1.369
0.543, -0.468, 1.363
0.532, -0.457, 1.357
0.541, -0.457, 1.357
0.445, -0.536, 1.424
0.464, -0.537, 1.425
0.484, -0.547, 1.428
RegionID:2
Center:-0.433,-0.271,1.307
Normal:-0.149,-0.604,-0.783
NumPatches:493
-0.672, -0.404, 1.426
-0.682, -0.414, 1.426
-0.688, -0.403, 1.420
-0.699, -0.413, 1.422
-0.710, -0.423, 1.426
-0.712, -0.434, 1.430
-0.725, -0.446, 1.437
-0.729, -0.458, 1.445
-0.722, -0.469, 1.451
-0.718, -0.457, 1.442
-0.714, -0.445, 1.435
-0.712, -0.469, 1.449
-0.707, -0.482, 1.460
-0.702, -0.469, 1.449
-0.697, -0.481, 1.458
-0.693, -0.469, 1.450
-0.683, -0.468, 1.448
-0.675, -0.480, 1.453
-0.678, -0.491, 1.460
-0.666, -0.480, 1.454
-0.672, -0.467, 1.446
-0.668, -0.456, 1.438
-0.666, -0.445, 1.434
-0.675, -0.434, 1.431
-0.683, -0.424, 1.429
-0.674, -0.424, 1.429
-0.665, -0.434, 1.431
-0.657, -0.445, 1.434
-0.653, -0.458, 1.446
-0.663, -0.468, 1.448
-0.657, -0.480, 1.455
-0.655, -0.469, 1.451
-0.649, -0.491, 1.458
-0.637, -0.480, 1.453
-0.635, -0.468, 1.449
-0.632, -0.457, 1.442
-0.625, -0.468, 1.449
-0.627, -0.479, 1.452
-0.618, -0.489, 1.454
-0.608, -0.489, 1.453
-0.606, -0.478, 1.449
-0.616, -0.469, 1.449
-0.622, -0.457, 1.442
-0.614, -0.458, 1.446
-0.612, -0.447, 1.442
-0.610, -0.436, 1.436
-0.599, -0.425, 1.431
-0.596, -0.478, 1.448
-0.589, -0.490, 1.456
-0.593, -0.503, 1.465
-0.583, -0.502, 1.463
-0.573, -0.502, 1.462
-0.563, -0.502, 1.462
-0.560, -0.490, 1.455
-0.559, -0.479, 1.452
-0.568, -0.469, 1.450
-0.576, -0.468, 1.446
-0.586, -0.478, 1.448
-0.585, -0.467, 1.445
-0.594, -0.457, 1.444
-0.584, -0.457, 1.443
-0.582, -0.446, 1.437
-0.580, -0.434, 1.431
-0.578, -0.423, 1.426
-0.574, -0.411, 1.418
-0.571, -0.400, 1.409
-0.569, -0.389, 1.406
-0.578, -0.380, 1.404
-0.588, -0.380, 1.406
-0.600, -0.391, 1.411
-0.610, -0.401, 1.414
-0.619, -0.401, 1.413
-0.627, -0.390, 1.410
-0.641, -0.403, 1.420
-0.652, -0.404, 1.424
-0.662, -0.404, 1.425
-0.649, -0.392, 1.416
-0.654, -0.381, 1.408
-0.663, -0.380, 1.407
-0.672, -0.380, 1.407
-0.686, -0.392, 1.416
-0.697, -0.402, 1.418
-0.708, -0.413, 1.422
-0.695, -0.392, 1.415
-0.682, -0.381, 1.408
-0.679, -0.369, 1.400
-0.676, -0.359, 1.395
-0.668, -0.359, 1.398
-0.666, -0.349, 1.393
-0.663, -0.338, 1.387
-0.661, -0.328, 1.382
-0.652, -0.328, 1.383
-0.650, -0.318, 1.379
-0.648, -0.308, 1.375
-0.646, -0.298, 1.371
-0.637, -0.298, 1.370
-0.634, -0.287, 1.364
-0.631, -0.277, 1.358
-0.629, -0.267, 1.353
-0.621, -0.267, 1.355
-0.618, -0.257, 1.348
-0.615, -0.247, 1.342
-0.606, -0.247, 1.342
-0.604, -0.238, 1.338
-0.602, -0.228, 1.334
-0.600, -0.218, 1.330
-0.597, -0.208, 1.323
-0.589, -0.209, 1.324
-0.587, -0.199, 1.320
-0.586, -0.190, 1.317
-0.577, -0.190, 1.317
-0.575, -0.181, 1.313
-0.573, -0.171, 1.307
-0.566, -0.181, 1.313
-0.568, -0.190, 1.316
-0.569, -0.199, 1.319
-0.560, -0.199, 1.319
-0.554, -0.209, 1.325
-0.555, -0.218, 1.328
-0.546, -0.218, 1.327
-0.538, -0.227, 1.328
-0.536, -0.217, 1.325
-0.529, -0.227, 1.328
-0.521, -0.227, 1.329
-0.512, -0.227, 1.330
-0.511, -0.218, 1.326
-0.502, -0.218, 1.326
-0.501, -0.208, 1.323
-0.491, -0.208, 1.321
-0.487, -0.198, 1.309
-0.477, -0.197, 1.307
-0.472, -0.187, 1.294
-0.476, -0.176, 1.279
-0.485, -0.177, 1.282
-0.496, -0.177, 1.287
-0.501, -0.168, 1.279
-0.516, -0.178, 1.295
-0.521, -0.168, 1.286
-0.537, -0.180, 1.304
-0.541, -0.190, 1.315
-0.552, -0.199, 1.319
-0.543, -0.199, 1.318
-0.526, -0.159, 1.277
-0.536, -0.159, 1.282
-0.547, -0.160, 1.287
-0.563, -0.171, 1.305
-0.557, -0.181, 1.312
-0.515, -0.158, 1.273
-0.511, -0.168, 1.282
-0.506, -0.158, 1.270
-0.495, -0.157, 1.264
-0.489, -0.147, 1.247
-0.479, -0.147, 1.244
-0.470, -0.146, 1.243
-0.465, -0.137, 1.230
-0.459, -0.127, 1.213
-0.450, -0.126, 1.209
-0.444, -0.117, 1.194
-0.435, -0.117, 1.191
-0.431, -0.108, 1.180
-0.426, -0.099, 1.167
-0.422, -0.108, 1.179
-0.426, -0.116, 1.190
-0.417, -0.116, 1.185
-0.407, -0.115, 1.179
-0.401, -0.106, 1.162
-0.407, -0.098, 1.157
-0.417, -0.098, 1.164
-0.404, -0.089, 1.147
-0.398, -0.098, 1.154
-0.395, -0.089, 1.146
-0.391, -0.081, 1.133
-0.387, -0.072, 1.120
-0.383, -0.065, 1.111
-0.380, -0.057, 1.102
-0.376, -0.049, 1.089
-0.373, -0.041, 1.080
-0.370, -0.034, 1.071
-0.365, -0.026, 1.058
-0.361, -0.034, 1.067
-0.357, -0.026, 1.055
-0.353, -0.019, 1.043
-0.353, -0.034, 1.064
-0.345, -0.033, 1.062
-0.338, -0.033, 1.059
-0.330, -0.033, 1.058
-0.325, -0.041, 1.064
-0.322, -0.033, 1.056
-0.317, -0.040, 1.061
-0.319, -0.048, 1.069
-0.311, -0.048, 1.066
-0.303, -0.048, 1.063
-0.296, -0.048, 1.062
-0.290, -0.055, 1.068
-0.289, -0.048, 1.060
-0.283, -0.055, 1.065
-0.275, -0.055, 1.062
-0.269, -0.062, 1.067
-0.267, -0.054, 1.059
-0.261, -0.062, 1.063
-0.256, -0.069, 1.071
-0.253, -0.062, 1.060
-0.248, -0.069, 1.067
-0.243, -0.077, 1.076
-0.240, -0.069, 1.064
-0.235, -0.076, 1.071
-0.230, -0.084, 1.081
-0.227, -0.076, 1.068
-0.221, -0.084, 1.077
-0.213, -0.084, 1.072
-0.208, -0.091, 1.080
-0.206, -0.083, 1.070
-0.200, -0.091, 1.077
-0.202, -0.099, 1.086
-0.194, -0.099, 1.085
-0.187, -0.099, 1.083
-0.181, -0.107, 1.090
-0.179, -0.099, 1.080
-0.173, -0.106, 1.087
-0.165, -0.106, 1.083
-0.159, -0.114, 1.089
-0.168, -0.123, 1.104
-0.170, -0.131, 1.115
-0.180, -0.141, 1.131
-0.190, -0.150, 1.146
-0.192, -0.159, 1.155
-0.202, -0.169, 1.172
-0.213, -0.179, 1.187
-0.224, -0.190, 1.205
-0.235, -0.201, 1.222
-0.247, -0.212, 1.242
-0.250, -0.223, 1.257
-0.262, -0.234, 1.272
-0.265, -0.246, 1.287
-0.278, -0.258, 1.308
-0.287, -0.259, 1.310
-0.301, -0.272, 1.334
-0.311, -0.273, 1.339
-0.323, -0.284, 1.351
-0.324, -0.294, 1.355
-0.334, -0.305, 1.361
-0.344, -0.305, 1.363
-0.352, -0.295, 1.360
-0.361, -0.295, 1.359
-0.369, -0.295, 1.357
-0.378, -0.295, 1.357
-0.386, -0.285, 1.354
-0.395, -0.285, 1.354
-0.404, -0.276, 1.352
-0.413, -0.276, 1.352
-0.422, -0.276, 1.352
-0.430, -0.266, 1.349
-0.439, -0.266, 1.350
-0.448, -0.267, 1.351
-0.457, -0.266, 1.349
-0.465, -0.266, 1.347
-0.463, -0.256, 1.343
-0.462, -0.247, 1.340
-0.461, -0.237, 1.336
-0.459, -0.227, 1.329
-0.451, -0.227, 1.331
-0.446, -0.217, 1.319
-0.437, -0.216, 1.318
-0.431, -0.205, 1.299
-0.421, -0.204, 1.295
-0.412, -0.204, 1.292
-0.405, -0.213, 1.298
-0.401, -0.202, 1.285
-0.394, -0.212, 1.291
-0.384, -0.211, 1.287
-0.375, -0.211, 1.283
-0.369, -0.221, 1.294
-0.375, -0.233, 1.313
-0.389, -0.245, 1.332
-0.401, -0.256, 1.343
-0.403, -0.266, 1.348
-0.395, -0.276, 1.352
-0.394, -0.266, 1.347
-0.385, -0.266, 1.348
-0.383, -0.256, 1.341
-0.379, -0.245, 1.328
-0.374, -0.256, 1.341
-0.367, -0.266, 1.347
-0.357, -0.265, 1.345
-0.359, -0.243, 1.320
-0.365, -0.232, 1.310
-0.355, -0.232, 1.306
-0.349, -0.242, 1.314
-0.339, -0.241, 1.309
-0.329, -0.240, 1.305
-0.323, -0.251, 1.314
-0.319, -0.239, 1.300
-0.313, -0.250, 1.310
-0.303, -0.249, 1.306
-0.297, -0.260, 1.317
-0.293, -0.248, 1.298
-0.399, -0.246, 1.338
-0.396, -0.235, 1.324
-0.365, -0.210, 1.278
-0.454, -0.247, 1.342
-0.420, -0.266, 1.348
-0.419, -0.256, 1.343
-0.377, -0.285, 1.354
-0.343, -0.295, 1.359
-0.336, -0.315, 1.368
-0.338, -0.326, 1.376
-0.339, -0.337, 1.380
-0.340, -0.346, 1.384
-0.332, -0.357, 1.390
-0.342, -0.368, 1.395
-0.343, -0.378, 1.397
-0.344, -0.388, 1.401
-0.355, -0.400, 1.409
-0.366, -0.410, 1.413
-0.377, -0.421, 1.419
-0.387, -0.432, 1.424
-0.389, -0.444, 1.431
-0.391, -0.455, 1.436
-0.402, -0.466, 1.441
-0.403, -0.477, 1.445
-0.415, -0.490, 1.456
-0.418, -0.503, 1.465
-0.428, -0.513, 1.467
-0.429, -0.524, 1.470
-0.442, -0.537, 1.480
-0.454, -0.550, 1.488
-0.464, -0.550, 1.487
-0.473, -0.549, 1.484
-0.481, -0.537, 1.477
-0.490, -0.536, 1.477
-0.500, -0.537, 1.477
-0.510, -0.537, 1.478
-0.517, -0.524, 1.471
-0.529, -0.536, 1.476
-0.540, -0.537, 1.478
-0.552, -0.550, 1.486
-0.547, -0.525, 1.472
-0.556, -0.514, 1.470
-0.553, -0.502, 1.463
-0.550, -0.489, 1.454
-0.540, -0.489, 1.454
-0.538, -0.478, 1.448
-0.537, -0.467, 1.445
-0.536, -0.457, 1.441
-0.545, -0.447, 1.441
-0.557, -0.459, 1.448
-0.558, -0.469, 1.450
-0.555, -0.447, 1.442
-0.561, -0.435, 1.432
-0.572, -0.446, 1.437
-0.574, -0.457, 1.442
-0.570, -0.434, 1.432
-0.568, -0.423, 1.425
-0.564, -0.411, 1.417
-0.555, -0.411, 1.416
-0.553, -0.400, 1.412
-0.544, -0.401, 1.414
-0.543, -0.390, 1.410
-0.535, -0.391, 1.413
-0.527, -0.402, 1.417
-0.528, -0.412, 1.419
-0.520, -0.423, 1.424
-0.533, -0.435, 1.434
-0.535, -0.446, 1.438
-0.525, -0.456, 1.439
-0.515, -0.455, 1.436
-0.505, -0.455, 1.435
-0.503, -0.443, 1.430
-0.512, -0.434, 1.429
-0.510, -0.422, 1.423
-0.518, -0.412, 1.419
-0.502, -0.433, 1.427
-0.525, -0.391, 1.412
-0.513, -0.380, 1.405
-0.520, -0.369, 1.400
-0.518, -0.358, 1.394
-0.516, -0.348, 1.388
-0.506, -0.347, 1.386
-0.498, -0.357, 1.388
-0.511, -0.369, 1.399
-0.504, -0.380, 1.405
-0.494, -0.380, 1.404
-0.491, -0.368, 1.396
-0.488, -0.357, 1.387
-0.496, -0.347, 1.384
-0.495, -0.337, 1.381
-0.503, -0.327, 1.379
-0.502, -0.317, 1.375
-0.500, -0.306, 1.369
-0.490, -0.306, 1.366
-0.488, -0.296, 1.362
-0.487, -0.286, 1.358
-0.478, -0.286, 1.358
-0.470, -0.296, 1.362
-0.469, -0.286, 1.358
-0.461, -0.296, 1.363
-0.453, -0.306, 1.366
-0.455, -0.316, 1.371
-0.456, -0.326, 1.375
-0.458, -0.336, 1.380
-0.469, -0.347, 1.384
-0.470, -0.357, 1.388
-0.482, -0.368, 1.397
-0.472, -0.368, 1.395
-0.459, -0.347, 1.384
-0.452, -0.296, 1.362
-0.494, -0.327, 1.379
-0.487, -0.346, 1.384
-0.547, -0.422, 1.421
-0.545, -0.513, 1.467
-0.537, -0.524, 1.470
-0.527, -0.524, 1.469
-0.508, -0.525, 1.473
-0.471, -0.537, 1.479
-0.453, -0.539, 1.483
-0.431, -0.535, 1.474
-0.419, -0.514, 1.468
-0.404, -0.488, 1.451
-0.392, -0.466, 1.440
-0.378, -0.432, 1.424
-0.368, -0.422, 1.420
-0.365, -0.400, 1.410
-0.345, -0.399, 1.407
-0.335, -0.388, 1.403
-0.333, -0.368, 1.394
-0.330, -0.346, 1.382
-0.320, -0.336, 1.377
-0.329, -0.326, 1.376
-0.319, -0.326, 1.375
-0.318, -0.316, 1.369
-0.325, -0.305, 1.360
-0.310, -0.326, 1.374
-0.309, -0.316, 1.370
-0.308, -0.305, 1.364
-0.307, -0.295, 1.360
-0.305, -0.284, 1.350
-0.298, -0.296, 1.360
-0.299, -0.306, 1.366
-0.300, -0.316, 1.370
-0.295, -0.284, 1.347
-0.285, -0.283, 1.342
-0.281, -0.270, 1.324
-0.268, -0.257, 1.304
-0.321, -0.274, 1.342
-0.253, -0.234, 1.271
-0.238, -0.211, 1.235
-0.226, -0.200, 1.217
-0.215, -0.189, 1.199
-0.204, -0.179, 1.185
-0.194, -0.168, 1.167
-0.182, -0.150, 1.142
-0.172, -0.140, 1.127
-0.160, -0.122, 1.099
-0.157, -0.106, 1.079
-0.391, -0.098, 1.155
-0.386, -0.106, 1.164
-0.398, -0.115, 1.176
-0.390, -0.115, 1.175
-0.382, -0.097, 1.152
-0.378, -0.089, 1.139
-0.374, -0.080, 1.128
-0.365, -0.080, 1.123
-0.360, -0.088, 1.129
-0.372, -0.097, 1.144
-0.368, -0.105, 1.155
-0.363, -0.096, 1.140
-0.360, -0.105, 1.154
-0.351, -0.105, 1.150
-0.348, -0.096, 1.140
-0.352, -0.088, 1.128
-0.356, -0.080, 1.118
-0.344, -0.088, 1.126
-0.340, -0.080, 1.115
-0.337, -0.071, 1.103
-0.328, -0.071, 1.099
-0.322, -0.079, 1.104
-0.335, -0.087, 1.122
-0.326, -0.087, 1.118
-0.320, -0.071, 1.096
-0.490, -0.167, 1.272
-0.466, -0.176, 1.275
-0.680, -0.404, 1.424
-0.645, -0.381, 1.409
-0.637, -0.391, 1.412
-0.643, -0.413, 1.425
-0.654, -0.424, 1.427
-0.645, -0.434, 1.430
-0.618, -0.390, 1.410
-0.612, -0.412, 1.418
-0.601, -0.401, 1.415
-0.591, -0.401, 1.414
-0.598, -0.380, 1.408
-0.568, -0.379, 1.403
RegionID:3
Center:-0.265,-0.560,1.645
Normal:0.391,0.813,-0.432
NumPatches:45
-0.283, -0.552, 1.641
-0.281, -0.559, 1.629
-0.289, -0.565, 1.615
-0.299, -0.563, 1.610
-0.301, -0.556, 1.620
-0.313, -0.547, 1.625
-0.323, -0.546, 1.622
-0.332, -0.544, 1.615
-0.325, -0.539, 1.634
-0.327, -0.531, 1.643
-0.329, -0.524, 1.654
-0.317, -0.533, 1.648
-0.319, -0.526, 1.659
-0.307, -0.535, 1.653
-0.306, -0.543, 1.645
-0.303, -0.549, 1.630
-0.297, -0.536, 1.658
-0.285, -0.546, 1.653
-0.286, -0.537, 1.661
-0.273, -0.555, 1.649
-0.262, -0.564, 1.644
-0.260, -0.571, 1.631
-0.252, -0.566, 1.650
-0.263, -0.557, 1.654
-0.264, -0.548, 1.661
-0.253, -0.558, 1.657
-0.241, -0.568, 1.653
-0.240, -0.576, 1.647
-0.239, -0.583, 1.635
-0.228, -0.584, 1.637
-0.216, -0.592, 1.630
-0.217, -0.584, 1.639
-0.219, -0.577, 1.650
-0.231, -0.569, 1.658
-0.243, -0.560, 1.665
-0.245, -0.554, 1.679
-0.221, -0.572, 1.666
-0.223, -0.566, 1.680
-0.211, -0.575, 1.674
-0.209, -0.580, 1.657
-0.197, -0.588, 1.649
-0.206, -0.594, 1.634
-0.195, -0.594, 1.637
-0.198, -0.582, 1.663
-0.280, -0.567, 1.621
RegionID:4
Center:0.178,-0.456,1.541
Normal:-0.107,-0.630,-0.769
NumPatches:24
0.151, -0.420, 1.517
0.142, -0.433, 1.526
0.143, -0.447, 1.539
0.145, -0.461, 1.552
0.146, -0.475, 1.565
0.146, -0.487, 1.572
0.157, -0.487, 1.570
0.167, -0.486, 1.567
0.177, -0.484, 1.562
0.186, -0.483, 1.557
0.197, -0.482, 1.555
0.207, -0.483, 1.557
0.218, -0.483, 1.557
0.217, -0.470, 1.550
0.215, -0.457, 1.539
0.213, -0.443, 1.526
0.202, -0.430, 1.516
0.192, -0.430, 1.516
0.182, -0.430, 1.516
0.172, -0.430, 1.517
0.162, -0.431, 1.520
0.152, -0.432, 1.524
0.142, -0.421, 1.519
0.212, -0.430, 1.516
RegionID:5
Center:-0.014,-0.456,1.570
Normal:-0.070,-0.616,-0.785
NumPatches:20
0.011, -0.482, 1.588
0.000, -0.482, 1.588
-0.010, -0.482, 1.589
-0.021, -0.483, 1.592
-0.031, -0.483, 1.592
-0.042, -0.469, 1.581
-0.041, -0.456, 1.572
-0.041, -0.443, 1.563
-0.041, -0.430, 1.552
-0.031, -0.429, 1.550
-0.020, -0.442, 1.558
-0.020, -0.429, 1.550
-0.010, -0.441, 1.556
0.000, -0.442, 1.557
0.000, -0.429, 1.551
0.011, -0.441, 1.557
0.011, -0.455, 1.566
0.011, -0.468, 1.577
0.021, -0.440, 1.552
-0.031, -0.470, 1.583
RegionID:6
Center:0.476,-0.384,1.387
Normal:-0.182,0.784,-0.594
NumPatches:68
0.425, -0.365, 1.421
0.415, -0.374, 1.417
0.412, -0.381, 1.410
0.410, -0.389, 1.403
0.417, -0.395, 1.394
0.415, -0.402, 1.386
0.419, -0.407, 1.371
0.426, -0.395, 1.392
0.421, -0.380, 1.407
0.423, -0.373, 1.414
0.416, -0.366, 1.423
0.431, -0.372, 1.411
0.441, -0.372, 1.411
0.448, -0.380, 1.404
0.450, -0.372, 1.412
0.457, -0.380, 1.404
0.460, -0.372, 1.411
0.462, -0.365, 1.418
0.470, -0.364, 1.415
0.477, -0.371, 1.406
0.466, -0.379, 1.402
0.462, -0.385, 1.392
0.450, -0.392, 1.381
0.439, -0.399, 1.375
0.436, -0.406, 1.368
0.443, -0.412, 1.359
0.445, -0.405, 1.366
0.447, -0.399, 1.373
0.459, -0.392, 1.382
0.471, -0.385, 1.390
0.479, -0.384, 1.386
0.482, -0.377, 1.394
0.485, -0.370, 1.404
0.478, -0.363, 1.412
0.494, -0.370, 1.402
0.499, -0.376, 1.391
0.487, -0.383, 1.384
0.484, -0.390, 1.375
0.482, -0.397, 1.368
0.471, -0.405, 1.363
0.460, -0.412, 1.357
0.451, -0.412, 1.357
0.469, -0.412, 1.356
0.479, -0.404, 1.361
0.502, -0.369, 1.400
0.505, -0.362, 1.408
0.508, -0.355, 1.417
0.517, -0.354, 1.413
0.522, -0.361, 1.404
0.510, -0.368, 1.396
0.508, -0.376, 1.389
0.506, -0.383, 1.384
0.503, -0.390, 1.375
0.507, -0.395, 1.361
0.515, -0.395, 1.360
0.518, -0.388, 1.367
0.520, -0.380, 1.374
0.526, -0.387, 1.365
0.523, -0.394, 1.358
0.529, -0.400, 1.348
0.531, -0.393, 1.355
0.534, -0.386, 1.363
0.538, -0.380, 1.373
0.519, -0.368, 1.395
0.528, -0.367, 1.393
0.531, -0.360, 1.402
0.525, -0.353, 1.410
0.536, -0.367, 1.391
RegionID:7
Center:-0.481,-0.038,0.959
Normal:-0.301,-0.619,-0.725
NumPatches:45
-0.472, 0.014, 0.911
-0.475, 0.008, 0.917
-0.479, 0.002, 0.924
-0.482, -0.005, 0.931
-0.485, -0.011, 0.937
-0.489, -0.017, 0.944
-0.493, -0.024, 0.953
-0.497, -0.030, 0.960
-0.501, -0.037, 0.968
-0.505, -0.044, 0.975
-0.508, -0.050, 0.981
-0.512, -0.057, 0.990
-0.517, -0.065, 0.998
-0.507, -0.064, 0.993
-0.499, -0.064, 0.988
-0.495, -0.057, 0.982
-0.491, -0.050, 0.972
-0.487, -0.043, 0.964
-0.478, -0.043, 0.961
-0.476, -0.050, 0.968
-0.488, -0.057, 0.981
-0.481, -0.057, 0.978
-0.471, -0.056, 0.973
-0.467, -0.050, 0.964
-0.471, -0.043, 0.959
-0.469, -0.036, 0.955
-0.474, -0.030, 0.952
-0.470, -0.023, 0.943
-0.474, -0.017, 0.939
-0.470, -0.011, 0.932
-0.475, -0.005, 0.929
-0.471, 0.001, 0.921
-0.467, -0.005, 0.926
-0.466, -0.017, 0.936
-0.465, -0.030, 0.947
-0.464, -0.043, 0.956
-0.459, -0.049, 0.960
-0.463, -0.056, 0.968
-0.466, -0.063, 0.975
-0.477, -0.070, 0.985
-0.484, -0.070, 0.986
-0.469, -0.070, 0.982
-0.461, -0.070, 0.977
-0.457, -0.063, 0.970
-0.452, -0.069, 0.972
RegionID:8
Center:-0.260,0.046,1.095
Normal:0.366,0.578,-0.729
NumPatches:182
-0.387, 0.036, 1.024
-0.383, 0.043, 1.031
-0.391, 0.050, 1.033
-0.396, 0.049, 1.028
-0.401, 0.049, 1.023
-0.403, 0.056, 1.029
-0.405, 0.063, 1.034
-0.412, 0.070, 1.035
-0.414, 0.078, 1.040
-0.417, 0.085, 1.046
-0.410, 0.085, 1.047
-0.402, 0.078, 1.043
-0.406, 0.071, 1.038
-0.400, 0.071, 1.040
-0.395, 0.071, 1.043
-0.390, 0.071, 1.049
-0.391, 0.079, 1.053
-0.398, 0.085, 1.052
-0.404, 0.085, 1.049
-0.400, 0.093, 1.056
-0.407, 0.100, 1.057
-0.409, 0.107, 1.061
-0.401, 0.100, 1.061
-0.403, 0.108, 1.066
-0.405, 0.115, 1.072
-0.400, 0.116, 1.076
-0.402, 0.124, 1.080
-0.403, 0.131, 1.085
-0.397, 0.132, 1.087
-0.398, 0.139, 1.091
-0.393, 0.140, 1.097
-0.396, 0.148, 1.104
-0.391, 0.149, 1.110
-0.385, 0.150, 1.115
-0.379, 0.150, 1.119
-0.373, 0.151, 1.122
-0.367, 0.151, 1.127
-0.370, 0.160, 1.136
-0.361, 0.152, 1.132
-0.353, 0.144, 1.131
-0.354, 0.153, 1.136
-0.347, 0.145, 1.135
-0.338, 0.137, 1.131
-0.340, 0.145, 1.139
-0.331, 0.137, 1.134
-0.324, 0.137, 1.136
-0.316, 0.130, 1.133
-0.318, 0.138, 1.141
-0.310, 0.130, 1.140
-0.308, 0.122, 1.132
-0.302, 0.123, 1.138
-0.296, 0.123, 1.145
-0.290, 0.124, 1.151
-0.282, 0.116, 1.147
-0.284, 0.125, 1.156
-0.275, 0.116, 1.150
-0.272, 0.108, 1.140
-0.271, 0.100, 1.133
-0.270, 0.092, 1.128
-0.268, 0.084, 1.123
-0.262, 0.084, 1.127
-0.255, 0.084, 1.129
-0.256, 0.092, 1.134
-0.264, 0.100, 1.135
-0.265, 0.108, 1.143
-0.257, 0.100, 1.141
-0.259, 0.109, 1.150
-0.252, 0.101, 1.149
-0.243, 0.093, 1.145
-0.248, 0.084, 1.131
-0.241, 0.085, 1.134
-0.237, 0.093, 1.150
-0.245, 0.101, 1.154
-0.238, 0.102, 1.158
-0.230, 0.094, 1.155
-0.223, 0.094, 1.158
-0.216, 0.094, 1.161
-0.208, 0.086, 1.159
-0.209, 0.095, 1.168
-0.201, 0.087, 1.165
-0.193, 0.079, 1.161
-0.194, 0.087, 1.170
-0.186, 0.079, 1.166
-0.177, 0.071, 1.162
-0.179, 0.080, 1.171
-0.170, 0.072, 1.166
-0.169, 0.063, 1.155
-0.162, 0.064, 1.163
-0.154, 0.056, 1.160
-0.155, 0.064, 1.169
-0.147, 0.056, 1.164
-0.139, 0.056, 1.167
-0.131, 0.048, 1.163
-0.132, 0.056, 1.172
-0.124, 0.048, 1.169
-0.117, 0.049, 1.176
-0.118, 0.057, 1.186
-0.110, 0.049, 1.183
-0.109, 0.041, 1.172
-0.100, 0.033, 1.167
-0.100, 0.025, 1.157
-0.099, 0.017, 1.152
-0.106, 0.009, 1.139
-0.105, 0.002, 1.132
-0.112, -0.006, 1.126
-0.112, -0.013, 1.122
-0.111, -0.020, 1.117
-0.118, -0.028, 1.108
-0.117, -0.035, 1.106
-0.123, -0.042, 1.095
-0.123, -0.049, 1.089
-0.122, -0.056, 1.085
-0.122, -0.063, 1.080
-0.128, -0.069, 1.073
-0.135, -0.069, 1.069
-0.141, -0.069, 1.066
-0.148, -0.062, 1.066
-0.156, -0.055, 1.067
-0.162, -0.055, 1.065
-0.170, -0.048, 1.066
-0.176, -0.048, 1.063
-0.183, -0.047, 1.060
-0.190, -0.040, 1.061
-0.197, -0.033, 1.061
-0.203, -0.033, 1.057
-0.210, -0.033, 1.056
-0.218, -0.026, 1.059
-0.224, -0.026, 1.056
-0.232, -0.019, 1.058
-0.239, -0.012, 1.059
-0.245, -0.012, 1.055
-0.251, -0.019, 1.049
-0.258, -0.012, 1.050
-0.265, -0.012, 1.049
-0.271, -0.012, 1.049
-0.280, -0.005, 1.053
-0.286, -0.005, 1.051
-0.293, 0.002, 1.051
-0.300, 0.009, 1.051
-0.306, 0.009, 1.049
-0.314, 0.016, 1.050
-0.318, 0.009, 1.040
-0.325, 0.016, 1.042
-0.331, 0.015, 1.039
-0.337, 0.022, 1.038
-0.343, 0.022, 1.035
-0.349, 0.022, 1.032
-0.355, 0.022, 1.030
-0.363, 0.029, 1.032
-0.369, 0.029, 1.030
-0.376, 0.036, 1.031
-0.377, 0.043, 1.034
-0.385, 0.050, 1.036
-0.371, 0.036, 1.034
-0.357, 0.029, 1.033
-0.332, 0.022, 1.041
-0.319, 0.016, 1.046
-0.307, 0.016, 1.052
-0.294, 0.009, 1.053
-0.287, 0.002, 1.054
-0.273, -0.005, 1.053
-0.251, -0.012, 1.052
-0.233, -0.012, 1.062
-0.225, -0.019, 1.061
-0.211, -0.026, 1.060
-0.191, -0.034, 1.067
-0.184, -0.041, 1.065
-0.163, -0.048, 1.069
-0.149, -0.055, 1.071
-0.142, -0.062, 1.071
-0.121, -0.070, 1.076
-0.117, -0.042, 1.100
-0.111, -0.028, 1.112
-0.105, -0.006, 1.128
-0.099, 0.009, 1.144
-0.093, 0.033, 1.174
-0.102, 0.041, 1.180
-0.396, 0.101, 1.066
-0.389, 0.094, 1.066
-0.393, 0.086, 1.057
-0.387, 0.086, 1.061
-0.390, 0.101, 1.070
RegionID:9
Center:0.363,0.040,1.281
Normal:-0.566,-0.478,-0.672
NumPatches:89
0.359, 0.085, 1.256
0.352, 0.086, 1.261
0.345, 0.086, 1.265
0.338, 0.086, 1.270
0.331, 0.087, 1.275
0.325, 0.079, 1.285
0.318, 0.079, 1.294
0.310, 0.088, 1.297
0.309, 0.096, 1.290
0.317, 0.088, 1.288
0.323, 0.087, 1.280
0.326, 0.071, 1.292
0.328, 0.062, 1.298
0.336, 0.054, 1.295
0.337, 0.045, 1.299
0.330, 0.037, 1.307
0.339, 0.028, 1.306
0.340, 0.020, 1.313
0.342, 0.011, 1.320
0.350, 0.002, 1.317
0.345, -0.007, 1.329
0.352, -0.007, 1.322
0.359, -0.007, 1.316
0.366, -0.007, 1.311
0.373, -0.007, 1.304
0.371, 0.002, 1.299
0.371, 0.011, 1.297
0.378, 0.011, 1.292
0.377, 0.019, 1.288
0.368, 0.028, 1.289
0.362, 0.028, 1.295
0.360, 0.036, 1.288
0.358, 0.045, 1.281
0.350, 0.053, 1.283
0.342, 0.053, 1.287
0.341, 0.062, 1.281
0.333, 0.070, 1.283
0.340, 0.070, 1.277
0.347, 0.070, 1.275
0.356, 0.061, 1.276
0.357, 0.053, 1.278
0.364, 0.044, 1.275
0.363, 0.053, 1.272
0.371, 0.044, 1.270
0.373, 0.036, 1.276
0.375, 0.028, 1.283
0.383, 0.019, 1.281
0.385, 0.011, 1.286
0.386, 0.002, 1.290
0.380, -0.007, 1.301
0.382, -0.015, 1.307
0.390, -0.015, 1.303
0.388, -0.006, 1.297
0.397, -0.015, 1.297
0.402, -0.015, 1.288
0.400, -0.006, 1.282
0.399, 0.002, 1.279
0.391, 0.011, 1.280
0.397, 0.011, 1.272
0.395, 0.019, 1.263
0.404, 0.010, 1.266
0.406, 0.002, 1.273
0.402, 0.019, 1.259
0.401, 0.027, 1.256
0.392, 0.035, 1.256
0.392, 0.044, 1.254
0.385, 0.052, 1.259
0.377, 0.061, 1.261
0.371, 0.053, 1.267
0.368, 0.069, 1.259
0.361, 0.069, 1.263
0.355, 0.069, 1.270
0.360, 0.077, 1.259
0.367, 0.077, 1.254
0.373, 0.076, 1.246
0.371, 0.084, 1.239
0.370, 0.092, 1.236
0.379, 0.076, 1.239
0.386, 0.076, 1.236
0.385, 0.084, 1.232
0.393, 0.076, 1.232
0.395, 0.068, 1.237
0.389, 0.060, 1.246
0.391, 0.083, 1.227
0.409, 0.019, 1.255
0.379, 0.036, 1.269
0.349, 0.011, 1.313
0.337, 0.037, 1.301
0.336, 0.094, 1.265
RegionID:10
Center:0.072,0.158,1.324
Normal:-0.106,-0.599,-0.793
NumPatches:37
-0.017, 0.169, 1.327
-0.017, 0.161, 1.331
-0.009, 0.169, 1.326
0.000, 0.169, 1.326
0.009, 0.169, 1.327
0.018, 0.161, 1.331
0.027, 0.153, 1.334
0.027, 0.169, 1.325
0.035, 0.169, 1.323
0.044, 0.161, 1.327
0.044, 0.169, 1.321
0.053, 0.168, 1.319
0.062, 0.168, 1.318
0.061, 0.176, 1.312
0.061, 0.184, 1.306
0.070, 0.184, 1.304
0.079, 0.176, 1.309
0.070, 0.168, 1.316
0.079, 0.160, 1.321
0.079, 0.168, 1.316
0.088, 0.152, 1.325
0.097, 0.143, 1.330
0.107, 0.135, 1.339
0.107, 0.127, 1.344
0.117, 0.118, 1.348
0.116, 0.127, 1.343
0.116, 0.135, 1.338
0.125, 0.127, 1.342
0.134, 0.118, 1.347
0.133, 0.134, 1.329
0.141, 0.143, 1.323
0.106, 0.151, 1.324
0.097, 0.160, 1.320
0.096, 0.168, 1.316
0.105, 0.176, 1.310
0.113, 0.176, 1.309
0.078, 0.184, 1.303
RegionID:11
Center:-0.187,0.188,1.006
Normal:-0.550,-0.716,-0.431
NumPatches:95
-0.167, 0.148, 1.047
-0.157, 0.152, 1.029
-0.164, 0.158, 1.027
-0.172, 0.160, 1.035
-0.180, 0.161, 1.045
-0.187, 0.168, 1.042
-0.197, 0.163, 1.059
-0.203, 0.170, 1.056
-0.193, 0.174, 1.038
-0.199, 0.180, 1.034
-0.207, 0.181, 1.042
-0.216, 0.183, 1.051
-0.223, 0.190, 1.050
-0.235, 0.187, 1.072
-0.242, 0.194, 1.071
-0.239, 0.198, 1.058
-0.245, 0.205, 1.055
-0.256, 0.201, 1.072
-0.268, 0.197, 1.092
-0.263, 0.208, 1.070
-0.251, 0.211, 1.051
-0.258, 0.218, 1.049
-0.267, 0.219, 1.058
-0.276, 0.221, 1.066
-0.285, 0.222, 1.073
-0.282, 0.228, 1.064
-0.280, 0.232, 1.053
-0.276, 0.236, 1.040
-0.267, 0.235, 1.032
-0.264, 0.239, 1.021
-0.261, 0.242, 1.008
-0.253, 0.241, 1.002
-0.250, 0.245, 0.992
-0.248, 0.249, 0.983
-0.242, 0.244, 0.987
-0.234, 0.242, 0.980
-0.228, 0.236, 0.981
-0.226, 0.240, 0.972
-0.220, 0.234, 0.974
-0.222, 0.230, 0.982
-0.214, 0.228, 0.975
-0.207, 0.222, 0.977
-0.205, 0.226, 0.967
-0.200, 0.220, 0.970
-0.201, 0.216, 0.979
-0.193, 0.214, 0.972
-0.186, 0.213, 0.967
-0.180, 0.207, 0.967
-0.179, 0.212, 0.962
-0.172, 0.205, 0.960
-0.166, 0.199, 0.962
-0.164, 0.204, 0.953
-0.158, 0.198, 0.954
-0.160, 0.193, 0.965
-0.154, 0.187, 0.966
-0.152, 0.192, 0.956
-0.146, 0.186, 0.957
-0.140, 0.180, 0.961
-0.138, 0.184, 0.949
-0.133, 0.178, 0.952
-0.125, 0.177, 0.944
-0.120, 0.172, 0.949
-0.118, 0.176, 0.938
-0.112, 0.170, 0.942
-0.114, 0.166, 0.952
-0.115, 0.161, 0.962
-0.116, 0.156, 0.970
-0.117, 0.151, 0.981
-0.118, 0.146, 0.992
-0.120, 0.141, 1.002
-0.113, 0.135, 1.002
-0.122, 0.130, 1.022
-0.131, 0.126, 1.038
-0.139, 0.127, 1.048
-0.147, 0.128, 1.059
-0.155, 0.129, 1.065
-0.154, 0.135, 1.055
-0.152, 0.140, 1.042
-0.150, 0.145, 1.030
-0.149, 0.150, 1.019
-0.155, 0.157, 1.018
-0.123, 0.125, 1.030
-0.114, 0.129, 1.013
-0.112, 0.140, 0.993
-0.110, 0.150, 0.974
-0.109, 0.155, 0.964
-0.248, 0.215, 1.040
-0.242, 0.209, 1.042
-0.236, 0.203, 1.046
-0.230, 0.196, 1.048
-0.221, 0.195, 1.039
-0.214, 0.188, 1.040
-0.191, 0.179, 1.026
-0.184, 0.172, 1.029
-0.178, 0.166, 1.032
RegionID:12
Center:0.240,0.208,1.013
Normal:0.323,-0.782,-0.534
NumPatches:159
0.132, 0.179, 0.990
0.137, 0.184, 0.983
0.129, 0.189, 0.973
0.123, 0.188, 0.971
0.116, 0.188, 0.970
0.108, 0.192, 0.957
0.101, 0.191, 0.953
0.094, 0.196, 0.945
0.101, 0.196, 0.947
0.107, 0.196, 0.947
0.106, 0.201, 0.941
0.099, 0.206, 0.932
0.106, 0.206, 0.934
0.105, 0.211, 0.927
0.111, 0.211, 0.931
0.111, 0.216, 0.925
0.117, 0.217, 0.926
0.123, 0.217, 0.928
0.122, 0.221, 0.920
0.122, 0.226, 0.914
0.128, 0.227, 0.917
0.135, 0.228, 0.922
0.134, 0.232, 0.914
0.140, 0.233, 0.918
0.139, 0.237, 0.909
0.138, 0.241, 0.902
0.144, 0.241, 0.905
0.144, 0.246, 0.899
0.143, 0.250, 0.893
0.149, 0.251, 0.895
0.155, 0.252, 0.898
0.162, 0.252, 0.900
0.160, 0.256, 0.893
0.168, 0.253, 0.903
0.167, 0.257, 0.896
0.166, 0.261, 0.889
0.172, 0.262, 0.894
0.180, 0.259, 0.903
0.175, 0.254, 0.906
0.181, 0.255, 0.908
0.179, 0.263, 0.898
0.185, 0.264, 0.899
0.192, 0.265, 0.901
0.198, 0.265, 0.905
0.205, 0.266, 0.907
0.212, 0.267, 0.909
0.218, 0.267, 0.911
0.227, 0.265, 0.923
0.229, 0.261, 0.931
0.224, 0.256, 0.935
0.217, 0.255, 0.932
0.211, 0.249, 0.933
0.213, 0.245, 0.941
0.215, 0.241, 0.951
0.217, 0.237, 0.959
0.218, 0.232, 0.966
0.220, 0.228, 0.973
0.227, 0.228, 0.977
0.234, 0.229, 0.979
0.233, 0.234, 0.973
0.224, 0.238, 0.963
0.231, 0.238, 0.965
0.228, 0.242, 0.955
0.220, 0.246, 0.944
0.226, 0.246, 0.946
0.225, 0.251, 0.939
0.209, 0.253, 0.926
0.237, 0.257, 0.940
0.235, 0.261, 0.932
0.244, 0.258, 0.943
0.246, 0.254, 0.950
0.254, 0.255, 0.954
0.263, 0.251, 0.965
0.261, 0.256, 0.958
0.270, 0.252, 0.967
0.272, 0.247, 0.975
0.281, 0.243, 0.985
0.280, 0.248, 0.978
0.289, 0.244, 0.987
0.299, 0.241, 1.001
0.296, 0.245, 0.991
0.307, 0.242, 1.005
0.310, 0.237, 1.012
0.319, 0.232, 1.022
0.317, 0.237, 1.014
0.328, 0.233, 1.027
0.330, 0.228, 1.035
0.341, 0.224, 1.047
0.338, 0.229, 1.039
0.350, 0.225, 1.053
0.353, 0.220, 1.063
0.365, 0.216, 1.078
0.363, 0.222, 1.070
0.373, 0.217, 1.080
0.385, 0.212, 1.094
0.382, 0.218, 1.085
0.394, 0.213, 1.099
0.397, 0.207, 1.107
0.401, 0.202, 1.118
0.396, 0.196, 1.125
0.391, 0.190, 1.133
0.386, 0.183, 1.138
0.380, 0.176, 1.144
0.371, 0.176, 1.140
0.365, 0.169, 1.143
0.359, 0.162, 1.149
0.354, 0.156, 1.159
0.349, 0.149, 1.166
0.339, 0.148, 1.160
0.334, 0.141, 1.168
0.324, 0.141, 1.162
0.316, 0.140, 1.158
0.307, 0.140, 1.154
0.298, 0.139, 1.150
0.287, 0.145, 1.136
0.278, 0.144, 1.129
0.267, 0.150, 1.114
0.259, 0.150, 1.114
0.248, 0.155, 1.099
0.240, 0.154, 1.093
0.230, 0.159, 1.079
0.222, 0.159, 1.075
0.211, 0.163, 1.056
0.203, 0.162, 1.051
0.194, 0.168, 1.044
0.187, 0.168, 1.042
0.178, 0.172, 1.029
0.169, 0.177, 1.016
0.161, 0.176, 1.011
0.153, 0.180, 0.998
0.144, 0.185, 0.987
0.136, 0.189, 0.975
0.151, 0.186, 0.990
0.160, 0.181, 1.001
0.176, 0.177, 1.019
0.186, 0.173, 1.034
0.201, 0.168, 1.045
0.219, 0.164, 1.063
0.238, 0.160, 1.084
0.257, 0.156, 1.104
0.275, 0.150, 1.117
0.296, 0.146, 1.142
0.330, 0.147, 1.155
0.345, 0.155, 1.154
0.351, 0.162, 1.148
0.348, 0.168, 1.138
0.345, 0.174, 1.127
0.354, 0.175, 1.133
0.351, 0.181, 1.123
0.360, 0.181, 1.129
0.368, 0.182, 1.131
0.377, 0.182, 1.134
0.382, 0.189, 1.128
0.402, 0.191, 1.140
0.407, 0.197, 1.133
0.411, 0.203, 1.124
0.406, 0.208, 1.111
0.225, 0.269, 0.915
0.115, 0.193, 0.962
RegionID:13
Center:-0.054,0.181,1.025
Normal:0.836,-0.511,-0.200
NumPatches:46
-0.050, 0.161, 1.091
-0.057, 0.152, 1.081
-0.064, 0.145, 1.077
-0.071, 0.137, 1.070
-0.076, 0.140, 1.043
-0.081, 0.137, 1.023
-0.080, 0.142, 1.010
-0.079, 0.147, 0.999
-0.079, 0.153, 0.990
-0.078, 0.158, 0.982
-0.077, 0.163, 0.975
-0.077, 0.168, 0.966
-0.071, 0.171, 0.980
-0.071, 0.176, 0.972
-0.065, 0.178, 0.985
-0.065, 0.183, 0.978
-0.059, 0.186, 0.993
-0.059, 0.191, 0.985
-0.058, 0.195, 0.974
-0.052, 0.198, 0.989
-0.052, 0.203, 0.978
-0.046, 0.206, 0.995
-0.046, 0.211, 0.985
-0.040, 0.214, 0.998
-0.039, 0.218, 0.988
-0.033, 0.221, 1.004
-0.033, 0.226, 0.993
-0.027, 0.227, 1.028
-0.027, 0.222, 1.036
-0.028, 0.217, 1.047
-0.034, 0.208, 1.036
-0.035, 0.203, 1.047
-0.035, 0.198, 1.058
-0.035, 0.193, 1.067
-0.036, 0.188, 1.078
-0.043, 0.180, 1.073
-0.049, 0.172, 1.067
-0.050, 0.166, 1.079
-0.057, 0.158, 1.070
-0.063, 0.150, 1.065
-0.070, 0.142, 1.061
-0.043, 0.175, 1.086
-0.036, 0.183, 1.093
-0.028, 0.213, 1.060
-0.027, 0.231, 1.018
-0.026, 0.235, 1.004
RegionID:14
Center:-0.298,0.223,0.918
Normal:0.657,-0.735,-0.170
NumPatches:65
-0.340, 0.172, 0.985
-0.343, 0.170, 0.975
-0.347, 0.168, 0.967
-0.343, 0.173, 0.958
-0.344, 0.176, 0.942
-0.351, 0.170, 0.943
-0.354, 0.166, 0.952
-0.341, 0.181, 0.933
-0.340, 0.178, 0.949
-0.338, 0.183, 0.942
-0.335, 0.187, 0.933
-0.331, 0.189, 0.941
-0.328, 0.193, 0.931
-0.325, 0.197, 0.923
-0.322, 0.202, 0.915
-0.319, 0.206, 0.908
-0.316, 0.208, 0.915
-0.314, 0.212, 0.909
-0.312, 0.209, 0.922
-0.315, 0.205, 0.931
-0.318, 0.201, 0.939
-0.321, 0.196, 0.948
-0.324, 0.192, 0.958
-0.327, 0.187, 0.965
-0.333, 0.181, 0.966
-0.337, 0.179, 0.958
-0.330, 0.182, 0.974
-0.308, 0.211, 0.929
-0.309, 0.214, 0.914
-0.306, 0.218, 0.905
-0.304, 0.222, 0.897
-0.301, 0.226, 0.889
-0.299, 0.230, 0.884
-0.295, 0.231, 0.889
-0.293, 0.236, 0.884
-0.291, 0.240, 0.877
-0.287, 0.242, 0.883
-0.285, 0.245, 0.875
-0.282, 0.249, 0.869
-0.279, 0.251, 0.874
-0.277, 0.255, 0.868
-0.273, 0.257, 0.875
-0.271, 0.261, 0.870
-0.268, 0.258, 0.879
-0.265, 0.260, 0.886
-0.263, 0.264, 0.880
-0.261, 0.262, 0.893
-0.259, 0.266, 0.886
-0.257, 0.264, 0.900
-0.260, 0.261, 0.909
-0.265, 0.255, 0.909
-0.268, 0.251, 0.917
-0.269, 0.246, 0.923
-0.276, 0.241, 0.924
-0.279, 0.237, 0.934
-0.285, 0.231, 0.935
-0.288, 0.227, 0.942
-0.294, 0.220, 0.942
-0.301, 0.214, 0.944
-0.304, 0.212, 0.935
-0.297, 0.216, 0.951
-0.290, 0.222, 0.951
-0.282, 0.233, 0.943
-0.272, 0.243, 0.932
-0.262, 0.257, 0.917
RegionID:15
Center:-0.393,0.279,0.897
Normal:-0.521,-0.264,-0.812
NumPatches:98
-0.358, 0.204, 0.899
-0.367, 0.200, 0.906
-0.376, 0.196, 0.915
-0.385, 0.197, 0.921
-0.392, 0.203, 0.923
-0.399, 0.210, 0.926
-0.398, 0.216, 0.922
-0.405, 0.222, 0.925
-0.404, 0.228, 0.922
-0.411, 0.234, 0.923
-0.419, 0.236, 0.929
-0.428, 0.237, 0.935
-0.435, 0.244, 0.937
-0.442, 0.251, 0.938
-0.441, 0.256, 0.936
-0.440, 0.262, 0.934
-0.448, 0.269, 0.937
-0.455, 0.276, 0.939
-0.462, 0.282, 0.941
-0.461, 0.288, 0.938
-0.468, 0.295, 0.941
-0.476, 0.302, 0.943
-0.483, 0.309, 0.945
-0.490, 0.315, 0.946
-0.489, 0.321, 0.943
-0.488, 0.327, 0.943
-0.488, 0.333, 0.942
-0.487, 0.338, 0.941
-0.485, 0.343, 0.937
-0.483, 0.348, 0.933
-0.481, 0.353, 0.929
-0.472, 0.351, 0.924
-0.464, 0.349, 0.919
-0.455, 0.347, 0.915
-0.448, 0.346, 0.911
-0.439, 0.344, 0.907
-0.431, 0.342, 0.901
-0.422, 0.340, 0.896
-0.414, 0.338, 0.891
-0.405, 0.336, 0.885
-0.397, 0.334, 0.880
-0.390, 0.333, 0.878
-0.383, 0.332, 0.874
-0.375, 0.330, 0.868
-0.366, 0.328, 0.863
-0.360, 0.321, 0.861
-0.362, 0.317, 0.865
-0.363, 0.312, 0.868
-0.357, 0.306, 0.867
-0.356, 0.311, 0.865
-0.349, 0.305, 0.863
-0.342, 0.303, 0.857
-0.334, 0.296, 0.854
-0.334, 0.301, 0.852
-0.327, 0.295, 0.850
-0.328, 0.290, 0.852
-0.322, 0.283, 0.850
-0.321, 0.288, 0.848
-0.315, 0.282, 0.847
-0.315, 0.277, 0.849
-0.309, 0.271, 0.846
-0.309, 0.266, 0.848
-0.310, 0.261, 0.849
-0.311, 0.256, 0.852
-0.319, 0.252, 0.859
-0.320, 0.247, 0.862
-0.321, 0.242, 0.865
-0.322, 0.237, 0.867
-0.330, 0.233, 0.872
-0.338, 0.229, 0.879
-0.347, 0.225, 0.887
-0.356, 0.221, 0.893
-0.356, 0.215, 0.894
-0.357, 0.209, 0.896
-0.366, 0.205, 0.903
-0.348, 0.220, 0.889
-0.339, 0.224, 0.881
-0.331, 0.228, 0.875
-0.323, 0.232, 0.870
-0.312, 0.251, 0.855
-0.303, 0.259, 0.846
-0.309, 0.276, 0.845
-0.359, 0.326, 0.859
-0.481, 0.314, 0.941
-0.474, 0.307, 0.939
-0.466, 0.300, 0.937
-0.460, 0.293, 0.936
-0.454, 0.281, 0.937
-0.446, 0.274, 0.932
-0.438, 0.267, 0.930
-0.434, 0.249, 0.933
-0.427, 0.243, 0.932
-0.402, 0.233, 0.918
-0.397, 0.221, 0.920
-0.390, 0.208, 0.917
-0.383, 0.202, 0.915
-0.378, 0.191, 0.919
-0.368, 0.194, 0.909
RegionID:16
Center:0.104,0.286,0.912
Normal:-0.673,0.221,-0.705
NumPatches:90
0.114, 0.270, 0.898
0.108, 0.264, 0.901
0.103, 0.266, 0.907
0.097, 0.261, 0.910
0.091, 0.256, 0.914
0.085, 0.251, 0.917
0.080, 0.246, 0.921
0.074, 0.242, 0.928
0.069, 0.237, 0.935
0.062, 0.232, 0.938
0.056, 0.233, 0.941
0.051, 0.240, 0.947
0.051, 0.247, 0.949
0.051, 0.254, 0.952
0.051, 0.261, 0.954
0.057, 0.260, 0.949
0.057, 0.267, 0.952
0.063, 0.265, 0.945
0.063, 0.272, 0.948
0.069, 0.263, 0.937
0.069, 0.269, 0.938
0.069, 0.276, 0.940
0.075, 0.274, 0.933
0.075, 0.281, 0.936
0.080, 0.272, 0.927
0.080, 0.266, 0.927
0.074, 0.261, 0.932
0.080, 0.253, 0.924
0.074, 0.248, 0.928
0.068, 0.243, 0.934
0.063, 0.238, 0.939
0.057, 0.239, 0.942
0.080, 0.260, 0.927
0.080, 0.279, 0.929
0.081, 0.286, 0.933
0.086, 0.284, 0.927
0.087, 0.291, 0.930
0.087, 0.298, 0.932
0.092, 0.289, 0.924
0.092, 0.296, 0.926
0.093, 0.303, 0.928
0.098, 0.308, 0.925
0.104, 0.306, 0.919
0.104, 0.313, 0.921
0.109, 0.304, 0.912
0.109, 0.298, 0.911
0.104, 0.293, 0.917
0.098, 0.288, 0.919
0.103, 0.286, 0.913
0.109, 0.291, 0.908
0.114, 0.282, 0.900
0.114, 0.276, 0.899
0.108, 0.271, 0.903
0.119, 0.281, 0.896
0.119, 0.287, 0.897
0.125, 0.286, 0.892
0.125, 0.292, 0.895
0.130, 0.291, 0.890
0.135, 0.289, 0.885
0.140, 0.287, 0.879
0.140, 0.293, 0.879
0.145, 0.291, 0.874
0.145, 0.297, 0.874
0.150, 0.296, 0.870
0.151, 0.302, 0.872
0.151, 0.309, 0.874
0.146, 0.317, 0.881
0.141, 0.319, 0.887
0.136, 0.321, 0.892
0.131, 0.322, 0.896
0.126, 0.325, 0.902
0.121, 0.320, 0.906
0.115, 0.316, 0.911
0.110, 0.311, 0.915
0.110, 0.318, 0.918
0.115, 0.323, 0.914
0.121, 0.327, 0.910
0.126, 0.332, 0.905
0.131, 0.329, 0.898
0.132, 0.336, 0.901
0.137, 0.334, 0.896
0.138, 0.341, 0.899
0.142, 0.339, 0.892
0.147, 0.330, 0.885
0.142, 0.326, 0.889
0.147, 0.324, 0.884
0.152, 0.315, 0.876
0.091, 0.249, 0.912
0.097, 0.255, 0.908
0.097, 0.268, 0.913
RegionID:17
Center:-0.138,0.297,1.033
Normal:-0.471,-0.767,-0.436
NumPatches:38
-0.163, 0.320, 1.021
-0.171, 0.316, 1.030
-0.177, 0.321, 1.024
-0.170, 0.321, 1.024
-0.164, 0.315, 1.028
-0.172, 0.311, 1.038
-0.166, 0.306, 1.042
-0.165, 0.311, 1.035
-0.159, 0.305, 1.040
-0.160, 0.301, 1.048
-0.154, 0.296, 1.055
-0.153, 0.300, 1.046
-0.146, 0.294, 1.049
-0.147, 0.289, 1.058
-0.139, 0.288, 1.051
-0.138, 0.292, 1.043
-0.145, 0.299, 1.043
-0.144, 0.304, 1.035
-0.143, 0.308, 1.025
-0.149, 0.313, 1.021
-0.156, 0.315, 1.025
-0.141, 0.311, 1.015
-0.132, 0.286, 1.046
-0.133, 0.281, 1.053
-0.125, 0.280, 1.047
-0.117, 0.278, 1.042
-0.110, 0.276, 1.035
-0.109, 0.281, 1.029
-0.108, 0.286, 1.020
-0.114, 0.291, 1.015
-0.122, 0.293, 1.022
-0.131, 0.291, 1.039
-0.130, 0.296, 1.033
-0.129, 0.300, 1.021
-0.107, 0.290, 1.011
-0.101, 0.284, 1.014
-0.102, 0.279, 1.021
-0.094, 0.282, 1.008
RegionID:18
Center:-0.000,0.364,1.013
Normal:-0.293,-0.015,-0.956
NumPatches:65
0.092, 0.374, 0.985
0.085, 0.368, 0.987
0.079, 0.362, 0.988
0.073, 0.357, 0.991
0.066, 0.351, 0.993
0.060, 0.345, 0.996
0.053, 0.345, 0.997
0.047, 0.346, 0.998
0.040, 0.340, 1.002
0.034, 0.341, 1.004
0.027, 0.342, 1.006
0.020, 0.342, 1.007
0.014, 0.336, 1.008
0.007, 0.336, 1.010
0.000, 0.337, 1.012
-0.007, 0.338, 1.015
-0.013, 0.332, 1.018
-0.020, 0.333, 1.020
-0.027, 0.334, 1.022
-0.034, 0.341, 1.023
-0.041, 0.342, 1.025
-0.048, 0.342, 1.027
-0.054, 0.350, 1.029
-0.061, 0.358, 1.032
-0.068, 0.358, 1.034
-0.076, 0.366, 1.036
-0.076, 0.373, 1.037
-0.075, 0.380, 1.036
-0.075, 0.386, 1.036
-0.075, 0.393, 1.036
-0.068, 0.392, 1.033
-0.061, 0.391, 1.031
-0.054, 0.390, 1.028
-0.047, 0.390, 1.026
-0.041, 0.389, 1.024
-0.034, 0.388, 1.023
-0.027, 0.388, 1.021
-0.020, 0.387, 1.019
-0.013, 0.386, 1.017
-0.007, 0.385, 1.015
0.000, 0.385, 1.013
0.007, 0.384, 1.011
0.014, 0.383, 1.008
0.020, 0.382, 1.006
0.027, 0.381, 1.004
0.033, 0.380, 1.002
0.040, 0.379, 0.999
0.047, 0.379, 0.998
0.053, 0.378, 0.997
0.060, 0.378, 0.995
0.066, 0.377, 0.993
0.072, 0.376, 0.989
0.079, 0.368, 0.987
0.073, 0.363, 0.990
0.066, 0.357, 0.993
0.060, 0.351, 0.995
0.079, 0.375, 0.988
0.085, 0.375, 0.987
-0.069, 0.365, 1.035
-0.055, 0.357, 1.030
-0.048, 0.349, 1.027
-0.027, 0.341, 1.022
-0.013, 0.339, 1.018
0.014, 0.343, 1.008
0.040, 0.347, 1.000
RegionID:19
Center:-0.283,0.312,0.873
Normal:0.542,0.636,-0.549
NumPatches:30
-0.285, 0.334, 0.894
-0.289, 0.332, 0.889
-0.290, 0.321, 0.875
-0.294, 0.318, 0.869
-0.298, 0.317, 0.864
-0.305, 0.323, 0.866
-0.310, 0.328, 0.865
-0.306, 0.330, 0.870
-0.300, 0.325, 0.870
-0.302, 0.333, 0.876
-0.297, 0.327, 0.876
-0.293, 0.329, 0.882
-0.288, 0.312, 0.867
-0.285, 0.304, 0.860
-0.279, 0.297, 0.858
-0.277, 0.290, 0.852
-0.274, 0.292, 0.859
-0.270, 0.294, 0.865
-0.266, 0.296, 0.870
-0.268, 0.305, 0.879
-0.274, 0.311, 0.880
-0.278, 0.308, 0.873
-0.281, 0.306, 0.865
-0.281, 0.317, 0.881
-0.283, 0.326, 0.889
-0.271, 0.313, 0.886
-0.265, 0.307, 0.886
-0.262, 0.298, 0.876
-0.260, 0.290, 0.869
-0.258, 0.301, 0.884
