NumRegions:18
RegionID:0
Center:-0.521,-0.280,1.168
Normal:-0.178,-0.602,-0.778
NumPatches:271
-0.646, -0.350, 1.265
-0.655, -0.359, 1.265
-0.656, -0.368, 1.267
-0.658, -0.377, 1.271
-0.661, -0.387, 1.276
-0.663, -0.397, 1.281
-0.665, -0.407, 1.284
-0.665, -0.416, 1.285
-0.667, -0.425, 1.288
-0.670, -0.435, 1.293
-0.672, -0.445, 1.297
-0.674, -0.456, 1.302
-0.676, -0.466, 1.306
-0.678, -0.475, 1.308
-0.679, -0.485, 1.312
-0.681, -0.495, 1.316
-0.684, -0.506, 1.320
-0.669, -0.475, 1.308
-0.660, -0.484, 1.309
-0.660, -0.493, 1.309
-0.662, -0.502, 1.311
-0.652, -0.484, 1.309
-0.660, -0.475, 1.308
-0.658, -0.465, 1.305
-0.649, -0.465, 1.303
-0.641, -0.474, 1.306
-0.644, -0.484, 1.310
-0.646, -0.495, 1.314
-0.646, -0.504, 1.316
-0.639, -0.464, 1.302
-0.630, -0.464, 1.300
-0.623, -0.473, 1.303
-0.624, -0.483, 1.306
-0.626, -0.493, 1.310
-0.628, -0.503, 1.314
-0.618, -0.502, 1.312
-0.609, -0.502, 1.310
-0.600, -0.502, 1.309
-0.598, -0.491, 1.305
-0.590, -0.492, 1.308
-0.584, -0.503, 1.314
-0.582, -0.492, 1.308
-0.572, -0.491, 1.305
-0.564, -0.500, 1.306
-0.562, -0.490, 1.302
-0.555, -0.500, 1.306
-0.546, -0.500, 1.305
-0.536, -0.499, 1.303
-0.528, -0.500, 1.304
-0.520, -0.500, 1.306
-0.519, -0.490, 1.303
-0.517, -0.480, 1.299
-0.516, -0.470, 1.295
-0.515, -0.461, 1.294
-0.514, -0.452, 1.292
-0.513, -0.442, 1.288
-0.504, -0.442, 1.288
-0.496, -0.442, 1.288
-0.494, -0.432, 1.283
-0.492, -0.422, 1.278
-0.491, -0.413, 1.276
-0.482, -0.412, 1.275
-0.482, -0.403, 1.273
-0.480, -0.394, 1.270
-0.479, -0.384, 1.266
-0.486, -0.375, 1.263
-0.495, -0.375, 1.264
-0.504, -0.375, 1.265
-0.512, -0.375, 1.264
-0.519, -0.375, 1.262
-0.526, -0.365, 1.259
-0.536, -0.366, 1.262
-0.544, -0.357, 1.260
-0.550, -0.348, 1.256
-0.549, -0.339, 1.253
-0.556, -0.330, 1.250
-0.566, -0.339, 1.255
-0.575, -0.339, 1.255
-0.583, -0.339, 1.255
-0.591, -0.339, 1.254
-0.600, -0.339, 1.255
-0.608, -0.331, 1.254
-0.617, -0.331, 1.255
-0.627, -0.340, 1.259
-0.630, -0.350, 1.265
-0.623, -0.359, 1.267
-0.633, -0.369, 1.271
-0.643, -0.378, 1.275
-0.651, -0.378, 1.273
-0.645, -0.388, 1.277
-0.646, -0.397, 1.280
-0.637, -0.397, 1.279
-0.628, -0.396, 1.278
-0.625, -0.386, 1.272
-0.624, -0.377, 1.271
-0.624, -0.369, 1.270
-0.642, -0.369, 1.272
-0.620, -0.350, 1.262
-0.625, -0.331, 1.256
-0.624, -0.322, 1.253
-0.616, -0.322, 1.253
-0.606, -0.313, 1.250
-0.612, -0.304, 1.246
-0.621, -0.304, 1.248
-0.602, -0.303, 1.242
-0.595, -0.291, 1.228
-0.598, -0.281, 1.218
-0.608, -0.282, 1.222
-0.618, -0.282, 1.224
-0.633, -0.294, 1.239
-0.642, -0.294, 1.239
-0.638, -0.284, 1.232
-0.632, -0.273, 1.220
-0.627, -0.263, 1.211
-0.620, -0.252, 1.197
-0.610, -0.240, 1.179
-0.603, -0.230, 1.165
-0.596, -0.220, 1.152
-0.589, -0.209, 1.138
-0.584, -0.200, 1.128
-0.580, -0.191, 1.119
-0.576, -0.200, 1.128
-0.581, -0.209, 1.137
-0.572, -0.209, 1.133
-0.562, -0.208, 1.128
-0.557, -0.198, 1.118
-0.562, -0.190, 1.115
-0.572, -0.191, 1.119
-0.568, -0.182, 1.110
-0.568, -0.173, 1.097
-0.560, -0.173, 1.096
-0.554, -0.163, 1.083
-0.558, -0.155, 1.077
-0.551, -0.146, 1.063
-0.546, -0.138, 1.054
-0.542, -0.130, 1.047
-0.538, -0.122, 1.038
-0.528, -0.122, 1.034
-0.522, -0.114, 1.021
-0.526, -0.106, 1.017
-0.522, -0.099, 1.008
-0.518, -0.091, 1.001
-0.514, -0.084, 0.992
-0.509, -0.077, 0.984
-0.502, -0.076, 0.981
-0.498, -0.084, 0.987
-0.494, -0.076, 0.979
-0.491, -0.083, 0.986
-0.483, -0.083, 0.984
-0.475, -0.083, 0.981
-0.470, -0.090, 0.984
-0.467, -0.083, 0.978
-0.463, -0.090, 0.983
-0.468, -0.097, 0.993
-0.460, -0.097, 0.991
-0.456, -0.104, 0.995
-0.453, -0.097, 0.988
-0.449, -0.104, 0.994
-0.443, -0.104, 0.995
-0.438, -0.111, 0.999
-0.436, -0.104, 0.994
-0.431, -0.111, 0.998
-0.426, -0.118, 1.003
-0.423, -0.111, 0.995
-0.419, -0.118, 1.001
-0.410, -0.117, 0.997
-0.407, -0.110, 0.988
-0.400, -0.110, 0.987
-0.395, -0.117, 0.992
-0.399, -0.125, 1.002
-0.391, -0.124, 0.998
-0.383, -0.124, 0.995
-0.378, -0.131, 1.000
-0.375, -0.123, 0.992
-0.371, -0.131, 0.998
-0.364, -0.131, 0.997
-0.360, -0.138, 1.004
-0.363, -0.146, 1.012
-0.366, -0.154, 1.022
-0.370, -0.163, 1.032
-0.373, -0.171, 1.041
-0.376, -0.179, 1.049
-0.379, -0.188, 1.059
-0.391, -0.197, 1.071
-0.395, -0.206, 1.082
-0.399, -0.216, 1.093
-0.403, -0.225, 1.105
-0.406, -0.234, 1.112
-0.410, -0.244, 1.123
-0.415, -0.255, 1.138
-0.420, -0.265, 1.149
-0.433, -0.276, 1.163
-0.437, -0.287, 1.177
-0.441, -0.297, 1.186
-0.445, -0.308, 1.198
-0.460, -0.320, 1.215
-0.470, -0.322, 1.221
-0.480, -0.323, 1.226
-0.486, -0.313, 1.219
-0.495, -0.314, 1.221
-0.503, -0.314, 1.223
-0.508, -0.304, 1.214
-0.523, -0.317, 1.231
-0.532, -0.317, 1.234
-0.547, -0.329, 1.247
-0.552, -0.319, 1.241
-0.565, -0.330, 1.252
-0.572, -0.321, 1.248
-0.581, -0.321, 1.250
-0.589, -0.321, 1.249
-0.599, -0.330, 1.252
-0.598, -0.321, 1.250
-0.596, -0.312, 1.248
-0.592, -0.302, 1.238
-0.584, -0.290, 1.222
-0.589, -0.280, 1.214
-0.574, -0.289, 1.217
-0.571, -0.300, 1.229
-0.587, -0.312, 1.245
-0.577, -0.311, 1.243
-0.560, -0.298, 1.222
-0.564, -0.288, 1.213
-0.550, -0.297, 1.217
-0.545, -0.307, 1.226
-0.562, -0.320, 1.245
-0.540, -0.296, 1.215
-0.536, -0.306, 1.224
-0.527, -0.306, 1.222
-0.518, -0.305, 1.219
-0.499, -0.303, 1.212
-0.476, -0.312, 1.215
-0.465, -0.332, 1.229
-0.481, -0.346, 1.250
-0.493, -0.357, 1.260
-0.503, -0.366, 1.262
-0.494, -0.366, 1.262
-0.485, -0.357, 1.259
-0.475, -0.356, 1.256
-0.466, -0.355, 1.253
-0.500, -0.348, 1.256
-0.451, -0.320, 1.212
-0.424, -0.275, 1.161
-0.384, -0.197, 1.070
-0.357, -0.131, 0.997
-0.392, -0.109, 0.985
-0.517, -0.106, 1.012
-0.549, -0.155, 1.073
-0.551, -0.172, 1.092
-0.547, -0.180, 1.099
-0.552, -0.189, 1.108
-0.542, -0.172, 1.089
-0.627, -0.283, 1.227
-0.542, -0.348, 1.257
-0.535, -0.357, 1.259
-0.518, -0.365, 1.259
-0.477, -0.375, 1.262
-0.508, -0.480, 1.297
-0.621, -0.463, 1.300
-0.660, -0.435, 1.292
-0.659, -0.425, 1.289
-0.658, -0.416, 1.287
-0.649, -0.416, 1.287
-0.642, -0.426, 1.290
-0.652, -0.435, 1.292
-0.644, -0.435, 1.293
-0.634, -0.435, 1.291
-0.625, -0.434, 1.290
-0.622, -0.424, 1.284
-0.631, -0.415, 1.284
-0.641, -0.416, 1.286
-0.621, -0.415, 1.282
RegionID:1
Center:0.323,-0.449,1.196
Normal:-0.079,-0.539,-0.838
NumPatches:43
0.376, -0.428, 1.177
0.370, -0.438, 1.185
0.361, -0.428, 1.180
0.355, -0.439, 1.186
0.347, -0.439, 1.188
0.340, -0.440, 1.189
0.332, -0.440, 1.191
0.325, -0.441, 1.192
0.317, -0.441, 1.192
0.309, -0.440, 1.191
0.301, -0.441, 1.192
0.293, -0.441, 1.193
0.287, -0.451, 1.198
0.279, -0.451, 1.199
0.274, -0.464, 1.210
0.266, -0.464, 1.212
0.258, -0.465, 1.215
0.251, -0.466, 1.217
0.250, -0.456, 1.211
0.257, -0.455, 1.209
0.264, -0.454, 1.205
0.272, -0.452, 1.202
0.278, -0.441, 1.193
0.286, -0.441, 1.193
0.289, -0.462, 1.207
0.297, -0.462, 1.206
0.304, -0.461, 1.204
0.312, -0.461, 1.203
0.320, -0.461, 1.204
0.328, -0.461, 1.204
0.336, -0.461, 1.202
0.343, -0.460, 1.201
0.351, -0.460, 1.200
0.358, -0.459, 1.199
0.366, -0.459, 1.198
0.374, -0.459, 1.198
0.372, -0.448, 1.191
0.382, -0.459, 1.197
0.380, -0.449, 1.191
0.353, -0.428, 1.179
0.359, -0.419, 1.175
0.368, -0.428, 1.179
0.367, -0.419, 1.174
RegionID:2
Center:-0.173,-0.501,1.426
Normal:-0.155,-0.510,-0.846
NumPatches:19
-0.197, -0.476, 1.414
-0.189, -0.488, 1.422
-0.190, -0.500, 1.429
-0.190, -0.512, 1.435
-0.182, -0.523, 1.441
-0.183, -0.536, 1.450
-0.173, -0.536, 1.448
-0.172, -0.523, 1.439
-0.181, -0.511, 1.433
-0.162, -0.522, 1.436
-0.161, -0.510, 1.431
-0.161, -0.499, 1.425
-0.169, -0.487, 1.419
-0.179, -0.488, 1.420
-0.178, -0.477, 1.416
-0.168, -0.475, 1.412
-0.160, -0.486, 1.417
-0.150, -0.484, 1.411
-0.149, -0.472, 1.401
RegionID:3
Center:0.014,-0.478,1.385
Normal:-0.095,-0.536,-0.839
NumPatches:26
0.046, -0.485, 1.386
0.037, -0.497, 1.393
0.028, -0.509, 1.401
0.019, -0.510, 1.403
0.010, -0.511, 1.407
0.000, -0.513, 1.411
-0.009, -0.513, 1.414
0.000, -0.499, 1.399
-0.009, -0.487, 1.393
-0.018, -0.476, 1.387
-0.027, -0.465, 1.380
-0.018, -0.464, 1.378
-0.018, -0.452, 1.371
-0.009, -0.452, 1.371
0.000, -0.452, 1.371
0.009, -0.452, 1.371
0.018, -0.452, 1.369
0.027, -0.451, 1.366
0.037, -0.450, 1.364
0.046, -0.461, 1.370
0.046, -0.473, 1.377
0.037, -0.486, 1.389
0.046, -0.450, 1.364
-0.009, -0.476, 1.385
0.000, -0.487, 1.391
0.037, -0.508, 1.398
RegionID:4
Center:0.293,-0.375,1.236
Normal:-0.275,0.821,-0.500
NumPatches:72
0.330, -0.375, 1.209
0.320, -0.382, 1.205
0.312, -0.389, 1.202
0.305, -0.390, 1.207
0.296, -0.397, 1.202
0.288, -0.397, 1.203
0.279, -0.403, 1.198
0.271, -0.404, 1.200
0.264, -0.405, 1.203
0.256, -0.406, 1.205
0.249, -0.407, 1.209
0.241, -0.408, 1.211
0.234, -0.408, 1.212
0.235, -0.402, 1.219
0.237, -0.397, 1.228
0.239, -0.392, 1.238
0.240, -0.386, 1.246
0.242, -0.380, 1.254
0.244, -0.375, 1.264
0.246, -0.370, 1.274
0.253, -0.369, 1.270
0.261, -0.368, 1.266
0.262, -0.361, 1.273
0.270, -0.360, 1.269
0.278, -0.359, 1.267
0.286, -0.358, 1.264
0.291, -0.364, 1.253
0.289, -0.369, 1.243
0.287, -0.375, 1.235
0.286, -0.381, 1.229
0.294, -0.381, 1.227
0.301, -0.380, 1.225
0.303, -0.374, 1.232
0.297, -0.368, 1.241
0.304, -0.367, 1.238
0.307, -0.362, 1.248
0.302, -0.358, 1.261
0.294, -0.358, 1.262
0.295, -0.352, 1.270
0.303, -0.351, 1.268
0.310, -0.357, 1.259
0.311, -0.351, 1.266
0.319, -0.350, 1.264
0.327, -0.349, 1.261
0.334, -0.348, 1.258
0.342, -0.348, 1.255
0.350, -0.347, 1.252
0.354, -0.351, 1.239
0.345, -0.359, 1.236
0.335, -0.364, 1.228
0.327, -0.366, 1.231
0.320, -0.367, 1.236
0.311, -0.374, 1.231
0.309, -0.379, 1.222
0.307, -0.385, 1.214
0.297, -0.391, 1.208
0.316, -0.378, 1.219
0.323, -0.376, 1.214
0.332, -0.369, 1.217
0.313, -0.367, 1.237
0.337, -0.359, 1.238
0.349, -0.363, 1.223
0.352, -0.358, 1.233
0.359, -0.356, 1.228
0.366, -0.355, 1.224
0.374, -0.355, 1.224
0.357, -0.346, 1.248
0.359, -0.340, 1.257
0.353, -0.334, 1.266
0.367, -0.339, 1.254
0.281, -0.398, 1.206
0.327, -0.387, 1.198
RegionID:5
Center:-0.432,0.000,1.041
Normal:0.271,0.699,-0.662
NumPatches:272
-0.490, 0.008, 1.026
-0.494, 0.002, 1.020
-0.497, -0.005, 1.012
-0.500, -0.012, 1.004
-0.508, -0.005, 1.007
-0.513, -0.005, 1.004
-0.517, -0.012, 0.998
-0.514, -0.018, 0.993
-0.512, -0.025, 0.988
-0.509, -0.031, 0.984
-0.502, -0.031, 0.983
-0.493, -0.037, 0.976
-0.496, -0.031, 0.983
-0.487, -0.037, 0.979
-0.480, -0.044, 0.978
-0.483, -0.037, 0.982
-0.477, -0.038, 0.985
-0.470, -0.044, 0.982
-0.472, -0.038, 0.987
-0.464, -0.044, 0.984
-0.456, -0.050, 0.980
-0.459, -0.044, 0.987
-0.451, -0.051, 0.984
-0.445, -0.051, 0.985
-0.437, -0.057, 0.982
-0.438, -0.051, 0.986
-0.431, -0.057, 0.983
-0.425, -0.057, 0.985
-0.427, -0.051, 0.989
-0.422, -0.051, 0.992
-0.425, -0.045, 0.999
-0.419, -0.045, 1.003
-0.413, -0.045, 1.003
-0.404, -0.051, 0.999
-0.408, -0.058, 0.992
-0.411, -0.064, 0.984
-0.417, -0.064, 0.982
-0.414, -0.057, 0.989
-0.402, -0.058, 0.994
-0.397, -0.058, 0.996
-0.389, -0.064, 0.993
-0.391, -0.058, 0.998
-0.383, -0.064, 0.995
-0.381, -0.071, 0.991
-0.374, -0.077, 0.988
-0.375, -0.071, 0.992
-0.368, -0.077, 0.990
-0.360, -0.083, 0.987
-0.362, -0.077, 0.992
-0.354, -0.084, 0.989
-0.353, -0.090, 0.984
-0.347, -0.090, 0.985
-0.341, -0.090, 0.987
-0.343, -0.084, 0.994
-0.345, -0.078, 1.001
-0.340, -0.078, 1.003
-0.341, -0.072, 1.008
-0.343, -0.065, 1.012
-0.337, -0.066, 1.016
-0.339, -0.059, 1.021
-0.346, -0.053, 1.022
-0.347, -0.046, 1.025
-0.348, -0.039, 1.029
-0.351, -0.033, 1.036
-0.359, -0.026, 1.040
-0.365, -0.026, 1.038
-0.367, -0.019, 1.044
-0.369, -0.012, 1.048
-0.377, -0.005, 1.052
-0.383, -0.005, 1.050
-0.386, 0.002, 1.057
-0.388, 0.009, 1.064
-0.383, 0.009, 1.069
-0.375, 0.002, 1.066
-0.372, -0.005, 1.056
-0.362, -0.012, 1.049
-0.354, -0.019, 1.046
-0.353, -0.026, 1.042
-0.356, -0.012, 1.050
-0.358, -0.005, 1.058
-0.361, 0.002, 1.068
-0.371, 0.009, 1.074
-0.377, 0.009, 1.072
-0.364, 0.009, 1.077
-0.352, -0.005, 1.062
-0.344, -0.012, 1.058
-0.342, -0.019, 1.053
-0.341, -0.026, 1.049
-0.340, -0.033, 1.046
-0.338, -0.040, 1.039
-0.336, -0.046, 1.032
-0.340, -0.053, 1.024
-0.333, -0.059, 1.022
-0.334, -0.053, 1.027
-0.329, -0.046, 1.033
-0.346, -0.005, 1.065
-0.340, -0.005, 1.068
-0.332, -0.012, 1.064
-0.329, -0.019, 1.055
-0.334, -0.005, 1.072
-0.328, -0.005, 1.074
-0.330, 0.002, 1.081
-0.324, 0.002, 1.085
-0.318, 0.002, 1.089
-0.321, 0.009, 1.099
-0.314, 0.009, 1.101
-0.318, 0.017, 1.113
-0.327, 0.024, 1.121
-0.334, 0.024, 1.117
-0.340, 0.024, 1.114
-0.349, 0.032, 1.118
-0.355, 0.031, 1.113
-0.360, 0.031, 1.107
-0.366, 0.031, 1.103
-0.372, 0.031, 1.100
-0.379, 0.031, 1.098
-0.389, 0.038, 1.105
-0.395, 0.038, 1.102
-0.404, 0.046, 1.107
-0.409, 0.046, 1.101
-0.416, 0.046, 1.100
-0.422, 0.045, 1.097
-0.428, 0.045, 1.093
-0.440, 0.053, 1.104
-0.441, 0.045, 1.089
-0.446, 0.045, 1.084
-0.447, 0.037, 1.069
-0.448, 0.030, 1.056
-0.453, 0.023, 1.051
-0.460, 0.023, 1.049
-0.461, 0.015, 1.036
-0.466, 0.015, 1.033
-0.469, 0.008, 1.024
-0.475, 0.002, 1.022
-0.481, 0.002, 1.021
-0.488, 0.002, 1.020
-0.490, -0.005, 1.012
-0.486, -0.012, 1.004
-0.490, -0.018, 0.998
-0.497, -0.018, 0.998
-0.484, -0.018, 0.999
-0.480, -0.012, 1.004
-0.474, -0.012, 1.006
-0.469, -0.012, 1.008
-0.472, -0.005, 1.016
-0.468, 0.002, 1.022
-0.462, 0.002, 1.023
-0.454, -0.005, 1.021
-0.456, 0.002, 1.026
-0.458, 0.009, 1.030
-0.452, 0.009, 1.032
-0.444, 0.002, 1.030
-0.449, -0.005, 1.024
-0.443, -0.005, 1.026
-0.447, 0.009, 1.036
-0.450, 0.016, 1.044
-0.444, 0.016, 1.045
-0.437, 0.016, 1.045
-0.439, 0.023, 1.050
-0.443, 0.030, 1.058
-0.437, 0.030, 1.062
-0.428, 0.023, 1.057
-0.431, 0.016, 1.047
-0.425, 0.016, 1.050
-0.432, 0.030, 1.067
-0.437, 0.038, 1.079
-0.497, 0.008, 1.025
-0.503, 0.008, 1.023
-0.506, 0.002, 1.017
-0.514, 0.008, 1.020
-0.516, 0.002, 1.010
-0.519, -0.005, 1.003
-0.522, 0.002, 1.008
-0.525, 0.008, 1.014
-0.527, 0.015, 1.019
-0.530, 0.022, 1.024
-0.526, 0.022, 1.029
-0.529, 0.029, 1.035
-0.536, 0.036, 1.035
-0.539, 0.043, 1.041
-0.542, 0.050, 1.048
-0.546, 0.058, 1.054
-0.549, 0.065, 1.060
-0.543, 0.065, 1.062
-0.534, 0.058, 1.059
-0.531, 0.051, 1.053
-0.525, 0.051, 1.055
-0.519, 0.051, 1.057
-0.522, 0.058, 1.063
-0.530, 0.065, 1.065
-0.537, 0.065, 1.064
-0.540, 0.073, 1.071
-0.552, 0.081, 1.080
-0.558, 0.080, 1.078
-0.562, 0.088, 1.085
-0.566, 0.096, 1.093
-0.557, 0.088, 1.089
-0.561, 0.096, 1.097
-0.551, 0.089, 1.091
-0.546, 0.081, 1.082
-0.544, 0.089, 1.093
-0.534, 0.081, 1.088
-0.529, 0.073, 1.076
-0.525, 0.065, 1.068
-0.519, 0.066, 1.072
-0.514, 0.066, 1.075
-0.520, 0.074, 1.088
-0.530, 0.082, 1.093
-0.538, 0.089, 1.095
-0.533, 0.089, 1.099
-0.524, 0.082, 1.097
-0.526, 0.089, 1.101
-0.518, 0.082, 1.099
-0.509, 0.074, 1.094
-0.512, 0.082, 1.102
-0.502, 0.075, 1.096
-0.496, 0.075, 1.098
-0.490, 0.075, 1.101
-0.481, 0.067, 1.097
-0.484, 0.075, 1.105
-0.475, 0.067, 1.100
-0.471, 0.060, 1.091
-0.472, 0.052, 1.077
-0.468, 0.044, 1.067
-0.471, 0.037, 1.058
-0.477, 0.037, 1.056
-0.479, 0.029, 1.046
-0.482, 0.022, 1.038
-0.493, 0.029, 1.046
-0.497, 0.022, 1.040
-0.494, 0.015, 1.033
-0.499, 0.029, 1.045
-0.508, 0.036, 1.048
-0.510, 0.029, 1.039
-0.514, 0.022, 1.031
-0.520, 0.022, 1.031
-0.517, 0.029, 1.038
-0.526, 0.036, 1.042
-0.531, 0.036, 1.039
-0.519, 0.036, 1.043
-0.513, 0.036, 1.045
-0.507, 0.022, 1.032
-0.505, 0.015, 1.027
-0.509, 0.008, 1.021
-0.502, 0.037, 1.050
-0.496, 0.037, 1.051
-0.490, 0.037, 1.054
-0.483, 0.037, 1.055
-0.472, 0.015, 1.030
-0.475, 0.022, 1.038
-0.468, 0.030, 1.053
-0.465, 0.023, 1.046
-0.462, 0.030, 1.055
-0.464, 0.037, 1.060
-0.459, 0.037, 1.063
-0.459, 0.045, 1.079
-0.467, 0.052, 1.083
-0.462, 0.052, 1.087
-0.452, 0.045, 1.081
-0.455, 0.052, 1.089
-0.458, 0.060, 1.096
-0.450, 0.053, 1.093
-0.445, 0.053, 1.100
-0.520, 0.008, 1.016
-0.503, -0.005, 1.011
-0.433, 0.053, 1.106
-0.419, 0.053, 1.108
-0.399, 0.046, 1.113
-0.382, 0.039, 1.107
-0.342, 0.032, 1.122
-0.321, 0.024, 1.124
-0.406, -0.045, 1.003
RegionID:6
Center:0.144,0.048,1.178
Normal:-0.572,-0.449,-0.687
NumPatches:80
0.115, 0.002, 1.233
0.114, 0.010, 1.226
0.114, 0.018, 1.220
0.113, 0.026, 1.216
0.121, 0.034, 1.208
0.113, 0.042, 1.211
0.120, 0.042, 1.204
0.120, 0.050, 1.197
0.111, 0.057, 1.196
0.111, 0.065, 1.193
0.111, 0.073, 1.189
0.110, 0.081, 1.185
0.103, 0.089, 1.187
0.096, 0.081, 1.195
0.088, 0.089, 1.199
0.088, 0.097, 1.195
0.080, 0.105, 1.196
0.087, 0.105, 1.190
0.094, 0.104, 1.183
0.102, 0.103, 1.177
0.109, 0.103, 1.171
0.116, 0.102, 1.165
0.124, 0.102, 1.161
0.131, 0.094, 1.161
0.131, 0.102, 1.156
0.138, 0.094, 1.154
0.146, 0.086, 1.153
0.145, 0.093, 1.148
0.153, 0.086, 1.148
0.160, 0.078, 1.145
0.160, 0.070, 1.149
0.161, 0.063, 1.153
0.168, 0.063, 1.146
0.175, 0.055, 1.147
0.175, 0.062, 1.142
0.174, 0.070, 1.137
0.173, 0.077, 1.133
0.173, 0.084, 1.129
0.172, 0.091, 1.126
0.165, 0.099, 1.128
0.158, 0.092, 1.134
0.151, 0.100, 1.135
0.158, 0.099, 1.130
0.159, 0.085, 1.140
0.181, 0.077, 1.131
0.183, 0.055, 1.144
0.183, 0.048, 1.147
0.183, 0.040, 1.150
0.184, 0.032, 1.153
0.185, 0.025, 1.157
0.179, 0.017, 1.169
0.180, 0.010, 1.175
0.173, 0.002, 1.182
0.167, -0.006, 1.196
0.160, -0.014, 1.204
0.153, -0.014, 1.210
0.146, -0.014, 1.217
0.138, -0.014, 1.223
0.130, -0.006, 1.225
0.130, 0.002, 1.219
0.129, 0.010, 1.213
0.129, 0.018, 1.209
0.128, 0.026, 1.205
0.128, 0.034, 1.202
0.138, -0.006, 1.218
0.168, -0.014, 1.201
0.166, 0.002, 1.189
0.181, -0.006, 1.180
0.180, 0.002, 1.177
0.187, 0.002, 1.175
0.195, -0.006, 1.174
0.196, -0.014, 1.179
0.194, 0.002, 1.169
0.186, 0.017, 1.163
0.095, 0.089, 1.193
0.096, 0.073, 1.198
0.096, 0.066, 1.201
0.096, 0.058, 1.207
0.110, 0.088, 1.180
0.119, 0.057, 1.192
RegionID:7
Center:0.240,0.056,1.178
Normal:0.758,-0.007,-0.652
NumPatches:38
0.223, 0.124, 1.155
0.213, 0.116, 1.146
0.223, 0.109, 1.156
0.214, 0.101, 1.147
0.223, 0.094, 1.157
0.223, 0.086, 1.155
0.223, 0.078, 1.155
0.233, 0.072, 1.170
0.233, 0.064, 1.167
0.233, 0.056, 1.168
0.233, 0.048, 1.170
0.223, 0.040, 1.159
0.233, 0.033, 1.170
0.233, 0.041, 1.170
0.244, 0.033, 1.184
0.244, 0.025, 1.184
0.243, 0.018, 1.181
0.243, 0.010, 1.180
0.243, 0.002, 1.181
0.254, 0.002, 1.194
0.254, 0.010, 1.192
0.254, 0.018, 1.192
0.264, 0.018, 1.205
0.264, 0.026, 1.205
0.264, 0.034, 1.205
0.254, 0.042, 1.195
0.254, 0.049, 1.194
0.243, 0.057, 1.179
0.243, 0.065, 1.180
0.244, 0.072, 1.182
0.234, 0.080, 1.171
0.234, 0.087, 1.172
0.243, 0.080, 1.181
0.254, 0.073, 1.194
0.254, 0.057, 1.192
0.264, 0.042, 1.204
0.223, 0.102, 1.158
0.223, 0.117, 1.154
RegionID:8
Center:-0.130,0.113,1.261
Normal:-0.107,-0.499,-0.860
NumPatches:75
-0.192, 0.119, 1.261
-0.184, 0.127, 1.258
-0.191, 0.135, 1.255
-0.183, 0.135, 1.255
-0.175, 0.127, 1.260
-0.175, 0.135, 1.255
-0.174, 0.143, 1.249
-0.165, 0.143, 1.248
-0.158, 0.135, 1.254
-0.167, 0.127, 1.260
-0.168, 0.120, 1.265
-0.177, 0.112, 1.270
-0.177, 0.103, 1.273
-0.169, 0.095, 1.275
-0.169, 0.103, 1.273
-0.168, 0.111, 1.269
-0.160, 0.111, 1.267
-0.151, 0.111, 1.267
-0.151, 0.119, 1.263
-0.159, 0.127, 1.260
-0.143, 0.111, 1.268
-0.142, 0.119, 1.264
-0.134, 0.111, 1.266
-0.126, 0.111, 1.265
-0.125, 0.119, 1.261
-0.125, 0.127, 1.257
-0.116, 0.127, 1.253
-0.116, 0.134, 1.247
-0.115, 0.142, 1.239
-0.114, 0.149, 1.231
-0.106, 0.149, 1.229
-0.098, 0.149, 1.230
-0.090, 0.142, 1.240
-0.099, 0.134, 1.246
-0.108, 0.127, 1.253
-0.109, 0.119, 1.261
-0.109, 0.111, 1.265
-0.101, 0.103, 1.267
-0.110, 0.095, 1.272
-0.118, 0.087, 1.276
-0.127, 0.087, 1.277
-0.135, 0.087, 1.277
-0.144, 0.079, 1.280
-0.153, 0.070, 1.281
-0.161, 0.070, 1.278
-0.161, 0.078, 1.278
-0.161, 0.087, 1.277
-0.161, 0.095, 1.276
-0.153, 0.062, 1.281
-0.153, 0.053, 1.281
-0.144, 0.070, 1.282
-0.144, 0.087, 1.278
-0.110, 0.087, 1.275
-0.101, 0.095, 1.271
-0.093, 0.087, 1.276
-0.093, 0.095, 1.270
-0.092, 0.103, 1.267
-0.100, 0.111, 1.264
-0.084, 0.095, 1.268
-0.084, 0.087, 1.273
-0.099, 0.126, 1.251
-0.107, 0.134, 1.246
-0.091, 0.134, 1.245
-0.082, 0.134, 1.244
-0.082, 0.142, 1.238
-0.074, 0.134, 1.242
-0.066, 0.133, 1.238
-0.065, 0.141, 1.231
-0.073, 0.149, 1.230
-0.081, 0.156, 1.223
-0.073, 0.156, 1.222
-0.065, 0.148, 1.226
-0.057, 0.133, 1.236
-0.157, 0.143, 1.248
-0.156, 0.150, 1.242
RegionID:9
Center:-0.020,0.102,1.247
Normal:-0.141,-0.592,-0.794
NumPatches:45
-0.067, 0.086, 1.266
-0.058, 0.094, 1.261
-0.050, 0.086, 1.266
-0.050, 0.094, 1.259
-0.050, 0.102, 1.250
-0.058, 0.109, 1.246
-0.058, 0.117, 1.243
-0.049, 0.117, 1.242
-0.041, 0.109, 1.244
-0.041, 0.101, 1.249
-0.033, 0.094, 1.255
-0.042, 0.086, 1.265
-0.033, 0.078, 1.266
-0.042, 0.070, 1.275
-0.033, 0.086, 1.262
-0.025, 0.078, 1.264
-0.025, 0.069, 1.268
-0.016, 0.077, 1.261
-0.016, 0.085, 1.258
-0.025, 0.094, 1.254
-0.033, 0.101, 1.249
-0.033, 0.109, 1.243
-0.041, 0.117, 1.240
-0.033, 0.117, 1.238
-0.024, 0.117, 1.236
-0.016, 0.117, 1.236
-0.016, 0.124, 1.229
-0.016, 0.132, 1.222
-0.008, 0.124, 1.229
-0.008, 0.117, 1.235
0.000, 0.109, 1.237
0.000, 0.116, 1.232
0.000, 0.124, 1.228
0.008, 0.116, 1.229
0.008, 0.109, 1.235
0.009, 0.101, 1.242
0.009, 0.093, 1.248
0.017, 0.093, 1.249
0.025, 0.093, 1.249
0.033, 0.101, 1.240
0.025, 0.108, 1.233
0.017, 0.108, 1.234
0.017, 0.116, 1.228
0.025, 0.116, 1.228
-0.016, 0.094, 1.254
RegionID:10
Center:-0.308,0.173,0.960
Normal:0.866,-0.392,-0.310
NumPatches:124
-0.335, 0.178, 0.886
-0.332, 0.173, 0.893
-0.333, 0.168, 0.896
-0.335, 0.163, 0.900
-0.333, 0.159, 0.912
-0.334, 0.153, 0.914
-0.335, 0.148, 0.917
-0.334, 0.143, 0.931
-0.335, 0.138, 0.935
-0.332, 0.133, 0.945
-0.331, 0.139, 0.942
-0.330, 0.145, 0.939
-0.328, 0.150, 0.934
-0.329, 0.154, 0.919
-0.326, 0.155, 0.926
-0.325, 0.161, 0.923
-0.328, 0.165, 0.915
-0.332, 0.164, 0.909
-0.328, 0.171, 0.914
-0.326, 0.176, 0.909
-0.327, 0.180, 0.896
-0.327, 0.185, 0.895
-0.324, 0.172, 0.920
-0.324, 0.167, 0.922
-0.322, 0.168, 0.932
-0.319, 0.170, 0.942
-0.317, 0.176, 0.937
-0.319, 0.179, 0.923
-0.323, 0.178, 0.917
-0.322, 0.184, 0.915
-0.318, 0.191, 0.920
-0.314, 0.186, 0.928
-0.315, 0.181, 0.931
-0.312, 0.183, 0.941
-0.310, 0.179, 0.953
-0.315, 0.172, 0.950
-0.312, 0.167, 0.959
-0.311, 0.173, 0.957
-0.307, 0.168, 0.965
-0.305, 0.164, 0.978
-0.307, 0.158, 0.984
-0.304, 0.160, 0.996
-0.300, 0.162, 1.005
-0.296, 0.157, 1.015
-0.297, 0.150, 1.017
-0.302, 0.143, 1.012
-0.308, 0.135, 1.008
-0.312, 0.135, 1.002
-0.318, 0.127, 0.998
-0.324, 0.120, 0.996
-0.327, 0.119, 0.985
-0.329, 0.118, 0.971
-0.327, 0.123, 0.967
-0.329, 0.128, 0.954
-0.329, 0.134, 0.952
-0.326, 0.129, 0.963
-0.323, 0.127, 0.992
-0.317, 0.134, 0.995
-0.306, 0.141, 1.003
-0.299, 0.144, 1.023
-0.296, 0.139, 1.038
-0.294, 0.145, 1.032
-0.293, 0.151, 1.025
-0.289, 0.153, 1.036
-0.286, 0.155, 1.050
-0.283, 0.161, 1.041
-0.296, 0.163, 1.012
-0.294, 0.169, 1.008
-0.296, 0.173, 0.993
-0.300, 0.171, 0.983
-0.304, 0.169, 0.973
-0.302, 0.175, 0.969
-0.306, 0.180, 0.960
-0.308, 0.184, 0.948
-0.307, 0.189, 0.944
-0.309, 0.193, 0.933
-0.313, 0.192, 0.926
-0.313, 0.198, 0.924
-0.315, 0.202, 0.914
-0.310, 0.208, 0.916
-0.309, 0.213, 0.913
-0.306, 0.210, 0.922
-0.308, 0.204, 0.927
-0.308, 0.199, 0.929
-0.306, 0.195, 0.940
-0.305, 0.215, 0.919
-0.301, 0.216, 0.926
-0.300, 0.222, 0.923
-0.299, 0.227, 0.920
-0.296, 0.224, 0.931
-0.297, 0.218, 0.933
-0.295, 0.215, 0.946
-0.296, 0.209, 0.949
-0.298, 0.204, 0.954
-0.294, 0.206, 0.963
-0.290, 0.201, 0.971
-0.291, 0.196, 0.975
-0.289, 0.192, 0.989
-0.290, 0.186, 0.993
-0.291, 0.180, 0.997
-0.293, 0.175, 1.003
-0.291, 0.171, 1.019
-0.292, 0.164, 1.022
-0.290, 0.177, 1.015
-0.288, 0.182, 1.009
-0.287, 0.197, 0.984
-0.283, 0.199, 0.993
-0.279, 0.208, 1.002
-0.281, 0.211, 0.985
-0.280, 0.217, 0.983
-0.284, 0.221, 0.973
-0.289, 0.213, 0.967
-0.291, 0.217, 0.954
-0.293, 0.220, 0.940
-0.287, 0.226, 0.941
-0.289, 0.207, 0.968
-0.280, 0.223, 0.982
-0.280, 0.229, 0.981
-0.279, 0.214, 1.000
-0.295, 0.229, 0.927
-0.294, 0.234, 0.924
-0.290, 0.236, 0.930
-0.289, 0.241, 0.926
-0.301, 0.181, 0.966
RegionID:11
Center:-0.439,0.171,0.955
Normal:-0.515,-0.703,-0.490
NumPatches:76
-0.458, 0.209, 0.920
-0.468, 0.211, 0.928
-0.480, 0.213, 0.939
-0.497, 0.211, 0.959
-0.502, 0.207, 0.969
-0.507, 0.203, 0.979
-0.514, 0.199, 0.993
-0.520, 0.195, 1.005
-0.527, 0.191, 1.017
-0.515, 0.189, 1.008
-0.511, 0.183, 1.013
-0.505, 0.188, 1.001
-0.500, 0.182, 1.005
-0.495, 0.175, 1.007
-0.490, 0.180, 0.997
-0.485, 0.174, 1.000
-0.474, 0.172, 0.991
-0.467, 0.166, 0.990
-0.463, 0.171, 0.981
-0.456, 0.164, 0.982
-0.452, 0.159, 0.986
-0.469, 0.156, 1.009
-0.463, 0.149, 1.011
-0.458, 0.143, 1.015
-0.454, 0.137, 1.020
-0.444, 0.136, 1.012
-0.426, 0.139, 0.987
-0.432, 0.146, 0.987
-0.443, 0.147, 0.995
-0.447, 0.153, 0.989
-0.442, 0.157, 0.979
-0.447, 0.163, 0.976
-0.437, 0.151, 0.982
-0.422, 0.144, 0.978
-0.416, 0.138, 0.979
-0.421, 0.133, 0.990
-0.426, 0.128, 1.004
-0.415, 0.127, 0.993
-0.401, 0.131, 0.975
-0.407, 0.137, 0.973
-0.397, 0.136, 0.964
-0.391, 0.130, 0.965
-0.395, 0.125, 0.977
-0.386, 0.124, 0.969
-0.380, 0.128, 0.955
-0.386, 0.134, 0.953
-0.381, 0.139, 0.940
-0.386, 0.145, 0.938
-0.381, 0.149, 0.925
-0.376, 0.153, 0.913
-0.381, 0.158, 0.910
-0.377, 0.163, 0.901
-0.382, 0.168, 0.898
-0.386, 0.174, 0.896
-0.396, 0.175, 0.904
-0.401, 0.181, 0.902
-0.411, 0.183, 0.911
-0.421, 0.184, 0.919
-0.425, 0.189, 0.914
-0.435, 0.191, 0.922
-0.440, 0.197, 0.921
-0.450, 0.198, 0.928
-0.455, 0.204, 0.925
-0.464, 0.206, 0.932
-0.446, 0.203, 0.920
-0.430, 0.195, 0.912
-0.415, 0.188, 0.907
-0.392, 0.179, 0.894
-0.377, 0.172, 0.888
-0.374, 0.167, 0.894
-0.372, 0.157, 0.905
-0.376, 0.143, 0.929
-0.375, 0.133, 0.942
-0.376, 0.123, 0.961
-0.491, 0.215, 0.948
-0.484, 0.219, 0.935
RegionID:12
Center:-0.024,0.234,0.935
Normal:0.345,-0.684,-0.643
NumPatches:239
-0.103, 0.309, 0.814
-0.098, 0.306, 0.820
-0.104, 0.301, 0.822
-0.104, 0.297, 0.826
-0.105, 0.293, 0.830
-0.110, 0.288, 0.831
-0.116, 0.283, 0.834
-0.122, 0.278, 0.835
-0.127, 0.278, 0.833
-0.122, 0.274, 0.838
-0.128, 0.268, 0.838
-0.134, 0.264, 0.841
-0.140, 0.259, 0.844
-0.146, 0.254, 0.847
-0.147, 0.250, 0.852
-0.148, 0.246, 0.857
-0.154, 0.241, 0.859
-0.155, 0.236, 0.863
-0.160, 0.231, 0.864
-0.166, 0.225, 0.865
-0.173, 0.220, 0.867
-0.173, 0.215, 0.871
-0.174, 0.211, 0.876
-0.169, 0.211, 0.879
-0.164, 0.212, 0.881
-0.159, 0.207, 0.887
-0.158, 0.212, 0.883
-0.153, 0.208, 0.889
-0.149, 0.204, 0.899
-0.148, 0.209, 0.892
-0.143, 0.205, 0.901
-0.139, 0.200, 0.909
-0.138, 0.205, 0.902
-0.133, 0.201, 0.913
-0.127, 0.202, 0.915
-0.122, 0.197, 0.920
-0.121, 0.202, 0.916
-0.116, 0.197, 0.922
-0.110, 0.198, 0.925
-0.105, 0.198, 0.928
-0.099, 0.199, 0.930
-0.093, 0.195, 0.939
-0.093, 0.200, 0.933
-0.087, 0.195, 0.942
-0.088, 0.190, 0.946
-0.082, 0.190, 0.949
-0.076, 0.185, 0.956
-0.076, 0.191, 0.951
-0.070, 0.186, 0.961
-0.064, 0.181, 0.968
-0.064, 0.187, 0.963
-0.058, 0.182, 0.971
-0.052, 0.182, 0.974
-0.045, 0.178, 0.983
-0.045, 0.183, 0.977
-0.039, 0.178, 0.984
-0.033, 0.178, 0.987
-0.026, 0.173, 0.996
-0.026, 0.179, 0.989
-0.020, 0.174, 0.999
-0.013, 0.169, 1.008
-0.013, 0.174, 1.002
-0.007, 0.169, 1.011
0.000, 0.170, 1.016
0.007, 0.165, 1.026
0.007, 0.171, 1.020
0.014, 0.166, 1.030
0.021, 0.166, 1.034
0.028, 0.161, 1.041
0.028, 0.167, 1.037
0.035, 0.161, 1.046
0.042, 0.156, 1.055
0.042, 0.162, 1.050
0.049, 0.156, 1.058
0.057, 0.150, 1.068
0.057, 0.157, 1.061
0.064, 0.151, 1.072
0.072, 0.152, 1.076
0.079, 0.152, 1.079
0.079, 0.158, 1.073
0.078, 0.164, 1.066
0.085, 0.165, 1.070
0.085, 0.171, 1.063
0.092, 0.171, 1.065
0.099, 0.172, 1.067
0.108, 0.166, 1.079
0.107, 0.172, 1.071
0.106, 0.178, 1.063
0.105, 0.184, 1.055
0.113, 0.184, 1.059
0.112, 0.190, 1.053
0.120, 0.191, 1.057
0.119, 0.197, 1.050
0.118, 0.202, 1.043
0.125, 0.203, 1.047
0.124, 0.208, 1.038
0.132, 0.209, 1.042
0.131, 0.215, 1.035
0.130, 0.220, 1.031
0.138, 0.221, 1.034
0.137, 0.226, 1.027
0.144, 0.227, 1.030
0.151, 0.228, 1.034
0.150, 0.234, 1.028
0.142, 0.238, 1.018
0.134, 0.242, 1.007
0.126, 0.247, 0.998
0.119, 0.252, 0.993
0.112, 0.251, 0.989
0.105, 0.250, 0.986
0.098, 0.255, 0.978
0.090, 0.259, 0.969
0.084, 0.258, 0.967
0.077, 0.258, 0.965
0.070, 0.262, 0.958
0.064, 0.261, 0.953
0.057, 0.255, 0.954
0.051, 0.249, 0.958
0.045, 0.249, 0.956
0.038, 0.253, 0.949
0.032, 0.253, 0.946
0.025, 0.252, 0.943
0.019, 0.251, 0.940
0.013, 0.255, 0.932
0.006, 0.255, 0.931
0.000, 0.254, 0.929
-0.006, 0.253, 0.925
-0.006, 0.258, 0.919
-0.006, 0.262, 0.913
0.000, 0.263, 0.918
0.000, 0.268, 0.912
0.000, 0.272, 0.907
0.006, 0.273, 0.909
0.006, 0.277, 0.904
0.006, 0.282, 0.899
0.000, 0.286, 0.894
-0.006, 0.285, 0.892
-0.012, 0.289, 0.886
-0.017, 0.289, 0.884
-0.023, 0.292, 0.877
-0.029, 0.291, 0.873
-0.034, 0.290, 0.869
-0.040, 0.293, 0.863
-0.045, 0.296, 0.855
-0.051, 0.300, 0.848
-0.056, 0.299, 0.846
-0.061, 0.303, 0.841
-0.066, 0.306, 0.834
-0.071, 0.310, 0.830
-0.076, 0.313, 0.824
-0.082, 0.307, 0.824
-0.087, 0.302, 0.825
-0.093, 0.298, 0.828
-0.099, 0.298, 0.828
-0.098, 0.302, 0.824
-0.093, 0.307, 0.822
-0.087, 0.307, 0.823
-0.082, 0.312, 0.821
-0.088, 0.295, 0.834
-0.089, 0.291, 0.839
-0.084, 0.292, 0.842
-0.078, 0.292, 0.844
-0.078, 0.296, 0.839
-0.083, 0.299, 0.831
-0.088, 0.298, 0.828
-0.077, 0.300, 0.834
-0.071, 0.314, 0.827
-0.066, 0.310, 0.832
-0.061, 0.307, 0.838
-0.056, 0.304, 0.844
-0.045, 0.301, 0.851
-0.040, 0.298, 0.860
-0.034, 0.294, 0.865
-0.017, 0.293, 0.879
-0.006, 0.290, 0.888
0.006, 0.286, 0.895
0.012, 0.282, 0.900
0.012, 0.278, 0.905
0.018, 0.283, 0.902
0.012, 0.270, 0.919
0.006, 0.265, 0.922
0.006, 0.260, 0.927
0.012, 0.265, 0.925
0.019, 0.270, 0.921
0.025, 0.276, 0.919
0.031, 0.276, 0.921
0.037, 0.277, 0.923
0.043, 0.272, 0.928
0.037, 0.266, 0.929
0.031, 0.261, 0.932
0.025, 0.260, 0.929
0.019, 0.255, 0.934
0.038, 0.259, 0.945
0.044, 0.254, 0.951
0.058, 0.250, 0.961
0.057, 0.260, 0.950
0.050, 0.265, 0.945
0.057, 0.265, 0.947
0.077, 0.263, 0.960
0.097, 0.259, 0.972
0.105, 0.256, 0.982
0.126, 0.253, 0.996
0.133, 0.247, 1.001
0.141, 0.243, 1.011
0.150, 0.239, 1.023
0.158, 0.235, 1.033
0.160, 0.223, 1.044
0.153, 0.217, 1.047
0.147, 0.210, 1.049
0.115, 0.173, 1.075
0.122, 0.174, 1.080
0.129, 0.180, 1.075
-0.167, 0.220, 0.869
-0.161, 0.226, 0.867
-0.155, 0.231, 0.866
-0.148, 0.241, 0.861
-0.141, 0.255, 0.850
-0.135, 0.260, 0.847
-0.130, 0.261, 0.850
-0.125, 0.257, 0.856
-0.125, 0.252, 0.860
-0.126, 0.248, 0.865
-0.121, 0.249, 0.868
-0.115, 0.250, 0.870
-0.115, 0.254, 0.867
-0.120, 0.258, 0.859
-0.124, 0.261, 0.852
-0.124, 0.265, 0.846
-0.123, 0.269, 0.841
-0.114, 0.259, 0.863
-0.109, 0.259, 0.864
-0.104, 0.255, 0.869
-0.110, 0.250, 0.872
-0.104, 0.251, 0.874
-0.103, 0.260, 0.865
-0.133, 0.268, 0.836
-0.121, 0.283, 0.832
-0.116, 0.288, 0.830
-0.105, 0.289, 0.834
RegionID:13
Center:0.301,0.218,1.133
Normal:-0.101,-0.513,-0.853
NumPatches:54
0.335, 0.184, 1.146
0.328, 0.184, 1.147
0.320, 0.185, 1.147
0.327, 0.191, 1.143
0.318, 0.199, 1.140
0.310, 0.206, 1.139
0.304, 0.199, 1.144
0.298, 0.192, 1.149
0.292, 0.186, 1.156
0.285, 0.179, 1.160
0.278, 0.172, 1.163
0.276, 0.186, 1.155
0.284, 0.186, 1.156
0.291, 0.193, 1.150
0.290, 0.200, 1.147
0.281, 0.206, 1.143
0.274, 0.199, 1.143
0.273, 0.206, 1.141
0.280, 0.214, 1.140
0.289, 0.206, 1.143
0.288, 0.213, 1.140
0.295, 0.213, 1.139
0.294, 0.220, 1.135
0.293, 0.227, 1.132
0.292, 0.234, 1.127
0.283, 0.240, 1.122
0.282, 0.246, 1.117
0.281, 0.253, 1.113
0.280, 0.259, 1.109
0.279, 0.266, 1.105
0.287, 0.259, 1.109
0.288, 0.253, 1.112
0.289, 0.246, 1.116
0.291, 0.240, 1.121
0.299, 0.233, 1.125
0.298, 0.240, 1.120
0.306, 0.233, 1.124
0.315, 0.226, 1.127
0.308, 0.219, 1.131
0.302, 0.213, 1.137
0.303, 0.206, 1.141
0.297, 0.199, 1.146
0.301, 0.220, 1.133
0.316, 0.212, 1.131
0.315, 0.219, 1.129
0.323, 0.219, 1.129
0.322, 0.226, 1.127
0.314, 0.233, 1.124
0.329, 0.226, 1.126
0.328, 0.233, 1.123
0.335, 0.232, 1.122
0.343, 0.232, 1.121
0.342, 0.239, 1.118
0.295, 0.259, 1.109
RegionID:14
Center:-0.412,0.291,0.990
Normal:-0.360,-0.780,-0.511
NumPatches:22
-0.387, 0.291, 0.971
-0.395, 0.293, 0.976
-0.403, 0.294, 0.980
-0.411, 0.295, 0.983
-0.415, 0.300, 0.977
-0.427, 0.297, 0.990
-0.431, 0.293, 0.998
-0.434, 0.288, 1.005
-0.429, 0.283, 1.010
-0.426, 0.288, 1.004
-0.422, 0.283, 1.009
-0.425, 0.278, 1.017
-0.414, 0.282, 1.007
-0.406, 0.281, 1.002
-0.401, 0.284, 0.991
-0.393, 0.283, 0.986
-0.389, 0.287, 0.978
-0.381, 0.285, 0.972
-0.423, 0.301, 0.980
-0.427, 0.306, 0.976
-0.420, 0.305, 0.974
-0.408, 0.299, 0.975
RegionID:15
Center:-0.179,0.295,0.868
Normal:-0.744,0.237,-0.625
NumPatches:45
-0.137, 0.314, 0.826
-0.143, 0.316, 0.831
-0.151, 0.315, 0.843
-0.158, 0.312, 0.853
-0.165, 0.308, 0.855
-0.172, 0.311, 0.864
-0.180, 0.308, 0.873
-0.188, 0.306, 0.883
-0.196, 0.304, 0.895
-0.195, 0.297, 0.890
-0.194, 0.289, 0.884
-0.200, 0.284, 0.888
-0.200, 0.277, 0.885
-0.207, 0.274, 0.892
-0.206, 0.267, 0.889
-0.206, 0.260, 0.887
-0.205, 0.254, 0.885
-0.198, 0.257, 0.876
-0.198, 0.263, 0.878
-0.199, 0.270, 0.881
-0.191, 0.261, 0.871
-0.191, 0.268, 0.872
-0.192, 0.274, 0.876
-0.193, 0.281, 0.879
-0.184, 0.272, 0.867
-0.184, 0.278, 0.868
-0.185, 0.284, 0.870
-0.177, 0.281, 0.860
-0.177, 0.287, 0.861
-0.186, 0.298, 0.878
-0.178, 0.294, 0.864
-0.179, 0.301, 0.868
-0.170, 0.291, 0.856
-0.171, 0.298, 0.859
-0.164, 0.295, 0.851
-0.164, 0.301, 0.853
-0.158, 0.305, 0.848
-0.181, 0.316, 0.879
-0.173, 0.318, 0.868
-0.173, 0.325, 0.872
-0.166, 0.321, 0.861
-0.166, 0.327, 0.862
-0.159, 0.320, 0.857
-0.159, 0.326, 0.857
-0.151, 0.321, 0.844
RegionID:16
Center:0.225,0.352,1.065
Normal:-0.123,-0.504,-0.855
NumPatches:86
0.156, 0.356, 1.068
0.164, 0.350, 1.072
0.172, 0.344, 1.076
0.172, 0.338, 1.079
0.180, 0.332, 1.081
0.179, 0.338, 1.079
0.187, 0.338, 1.079
0.186, 0.344, 1.077
0.185, 0.350, 1.072
0.178, 0.356, 1.069
0.171, 0.350, 1.073
0.171, 0.356, 1.070
0.170, 0.362, 1.066
0.185, 0.356, 1.068
0.192, 0.356, 1.068
0.191, 0.362, 1.064
0.199, 0.356, 1.067
0.207, 0.350, 1.072
0.200, 0.344, 1.076
0.193, 0.344, 1.076
0.208, 0.337, 1.077
0.201, 0.331, 1.079
0.194, 0.325, 1.082
0.187, 0.325, 1.083
0.194, 0.331, 1.079
0.208, 0.331, 1.080
0.215, 0.331, 1.080
0.222, 0.331, 1.078
0.230, 0.324, 1.081
0.229, 0.330, 1.077
0.236, 0.330, 1.077
0.236, 0.336, 1.074
0.235, 0.342, 1.069
0.227, 0.348, 1.066
0.220, 0.349, 1.068
0.213, 0.355, 1.066
0.206, 0.356, 1.068
0.205, 0.362, 1.065
0.205, 0.368, 1.061
0.204, 0.373, 1.056
0.203, 0.379, 1.052
0.202, 0.384, 1.049
0.209, 0.384, 1.047
0.216, 0.384, 1.047
0.223, 0.384, 1.048
0.230, 0.384, 1.048
0.237, 0.378, 1.051
0.236, 0.389, 1.042
0.228, 0.395, 1.040
0.235, 0.395, 1.040
0.242, 0.388, 1.041
0.248, 0.387, 1.038
0.256, 0.381, 1.039
0.257, 0.375, 1.044
0.255, 0.386, 1.036
0.219, 0.355, 1.064
0.226, 0.360, 1.060
0.225, 0.367, 1.058
0.224, 0.372, 1.053
0.233, 0.360, 1.060
0.233, 0.354, 1.062
0.234, 0.348, 1.065
0.240, 0.360, 1.060
0.243, 0.330, 1.077
0.251, 0.324, 1.079
0.250, 0.330, 1.075
0.256, 0.335, 1.069
0.262, 0.341, 1.065
0.269, 0.347, 1.063
0.260, 0.353, 1.058
0.253, 0.359, 1.056
0.259, 0.358, 1.054
0.258, 0.364, 1.050
0.277, 0.341, 1.067
0.276, 0.347, 1.064
0.274, 0.353, 1.058
0.284, 0.335, 1.068
0.290, 0.341, 1.064
0.289, 0.347, 1.061
0.288, 0.352, 1.057
0.296, 0.346, 1.060
0.303, 0.339, 1.059
0.303, 0.333, 1.061
0.298, 0.327, 1.067
0.304, 0.327, 1.065
0.207, 0.344, 1.075
RegionID:17
Center:-0.292,0.356,0.979
Normal:-0.343,0.078,-0.936
NumPatches:45
-0.235, 0.344, 0.957
-0.242, 0.345, 0.959
-0.249, 0.346, 0.961
-0.256, 0.347, 0.965
-0.263, 0.342, 0.968
-0.271, 0.343, 0.971
-0.277, 0.337, 0.972
-0.284, 0.331, 0.973
-0.292, 0.332, 0.976
-0.299, 0.333, 0.979
-0.307, 0.334, 0.984
-0.314, 0.335, 0.986
-0.321, 0.336, 0.988
-0.329, 0.344, 0.992
-0.337, 0.345, 0.994
-0.337, 0.352, 0.996
-0.337, 0.359, 0.997
-0.345, 0.367, 1.001
-0.345, 0.373, 1.000
-0.353, 0.381, 1.004
-0.345, 0.380, 1.000
-0.337, 0.378, 0.996
-0.330, 0.377, 0.993
-0.322, 0.376, 0.990
-0.315, 0.375, 0.988
-0.308, 0.375, 0.987
-0.300, 0.374, 0.984
-0.293, 0.372, 0.981
-0.286, 0.372, 0.978
-0.279, 0.371, 0.977
-0.272, 0.370, 0.975
-0.264, 0.369, 0.972
-0.257, 0.367, 0.967
-0.250, 0.366, 0.964
-0.242, 0.365, 0.960
-0.235, 0.357, 0.958
-0.235, 0.351, 0.958
-0.228, 0.357, 0.956
-0.235, 0.364, 0.958
-0.228, 0.363, 0.955
-0.337, 0.365, 0.997
-0.322, 0.343, 0.990
-0.284, 0.337, 0.974
-0.278, 0.344, 0.973
-0.264, 0.349, 0.970
