NumRegions:14
RegionID:0
Center:-0.009,-0.611,1.741
Normal:-0.349,-0.654,-0.672
NumPatches:112
-0.137, -0.523, 1.723
-0.151, -0.542, 1.748
-0.152, -0.559, 1.764
-0.154, -0.577, 1.785
-0.155, -0.595, 1.803
-0.157, -0.612, 1.819
-0.144, -0.609, 1.809
-0.131, -0.605, 1.797
-0.119, -0.618, 1.801
-0.121, -0.639, 1.825
-0.109, -0.653, 1.831
-0.124, -0.678, 1.867
-0.112, -0.693, 1.874
-0.097, -0.667, 1.836
-0.097, -0.650, 1.823
-0.108, -0.634, 1.810
-0.106, -0.613, 1.787
-0.118, -0.600, 1.783
-0.106, -0.598, 1.775
-0.094, -0.595, 1.768
-0.081, -0.592, 1.758
-0.070, -0.608, 1.771
-0.083, -0.630, 1.801
-0.095, -0.631, 1.803
-0.084, -0.648, 1.818
-0.085, -0.664, 1.830
-0.086, -0.685, 1.851
-0.087, -0.704, 1.871
-0.072, -0.661, 1.819
-0.060, -0.677, 1.831
-0.061, -0.696, 1.848
-0.048, -0.675, 1.824
-0.060, -0.656, 1.805
-0.047, -0.653, 1.797
-0.047, -0.634, 1.779
-0.059, -0.623, 1.780
-0.071, -0.628, 1.794
-0.047, -0.620, 1.772
-0.036, -0.671, 1.815
-0.036, -0.689, 1.831
-0.024, -0.685, 1.820
-0.012, -0.698, 1.823
-0.012, -0.682, 1.811
0.000, -0.678, 1.801
0.012, -0.694, 1.813
0.012, -0.675, 1.793
0.024, -0.691, 1.805
0.024, -0.673, 1.788
0.024, -0.654, 1.767
0.024, -0.633, 1.744
0.023, -0.615, 1.725
0.035, -0.612, 1.716
0.046, -0.628, 1.729
0.047, -0.649, 1.755
0.036, -0.671, 1.783
0.036, -0.689, 1.799
0.048, -0.685, 1.787
0.047, -0.667, 1.771
0.058, -0.643, 1.740
0.070, -0.657, 1.744
0.070, -0.672, 1.753
0.081, -0.655, 1.740
0.069, -0.639, 1.729
0.093, -0.669, 1.746
0.092, -0.652, 1.732
0.104, -0.664, 1.733
0.115, -0.659, 1.719
0.114, -0.642, 1.705
0.124, -0.640, 1.699
0.137, -0.655, 1.710
0.135, -0.636, 1.690
0.145, -0.633, 1.681
0.143, -0.613, 1.657
0.142, -0.597, 1.644
0.141, -0.582, 1.634
0.131, -0.572, 1.634
0.120, -0.574, 1.640
0.110, -0.577, 1.649
0.099, -0.580, 1.657
0.089, -0.581, 1.661
0.078, -0.583, 1.667
0.067, -0.586, 1.676
0.056, -0.590, 1.685
0.046, -0.608, 1.704
0.045, -0.576, 1.678
0.034, -0.579, 1.686
0.023, -0.583, 1.697
0.012, -0.568, 1.689
0.000, -0.556, 1.683
-0.011, -0.559, 1.693
-0.022, -0.561, 1.700
-0.033, -0.548, 1.694
-0.045, -0.551, 1.703
-0.056, -0.553, 1.710
-0.068, -0.556, 1.719
-0.080, -0.558, 1.726
-0.091, -0.544, 1.716
-0.103, -0.547, 1.728
-0.114, -0.532, 1.715
-0.126, -0.536, 1.727
-0.138, -0.539, 1.738
-0.149, -0.527, 1.736
-0.102, -0.530, 1.709
-0.079, -0.540, 1.704
-0.056, -0.536, 1.693
-0.022, -0.545, 1.687
0.011, -0.553, 1.674
0.023, -0.566, 1.682
0.056, -0.574, 1.673
0.141, -0.569, 1.626
0.151, -0.580, 1.626
-0.069, -0.590, 1.751
RegionID:1
Center:-0.365,-0.597,1.787
Normal:0.115,-0.691,-0.713
NumPatches:96
-0.400, -0.533, 1.720
-0.411, -0.533, 1.720
-0.425, -0.549, 1.733
-0.433, -0.532, 1.716
-0.443, -0.531, 1.712
-0.454, -0.531, 1.711
-0.467, -0.544, 1.718
-0.477, -0.542, 1.712
-0.488, -0.542, 1.711
-0.499, -0.542, 1.710
-0.515, -0.557, 1.723
-0.525, -0.556, 1.721
-0.521, -0.541, 1.707
-0.510, -0.541, 1.708
-0.520, -0.574, 1.740
-0.513, -0.592, 1.757
-0.509, -0.575, 1.742
-0.503, -0.593, 1.762
-0.506, -0.609, 1.775
-0.510, -0.626, 1.789
-0.517, -0.646, 1.811
-0.511, -0.666, 1.834
-0.506, -0.647, 1.814
-0.499, -0.666, 1.835
-0.488, -0.668, 1.838
-0.477, -0.669, 1.842
-0.465, -0.669, 1.843
-0.452, -0.669, 1.842
-0.441, -0.670, 1.844
-0.429, -0.671, 1.849
-0.418, -0.673, 1.853
-0.406, -0.674, 1.856
-0.394, -0.675, 1.858
-0.384, -0.678, 1.867
-0.373, -0.680, 1.872
-0.359, -0.679, 1.868
-0.347, -0.679, 1.870
-0.335, -0.680, 1.872
-0.332, -0.662, 1.856
-0.320, -0.662, 1.857
-0.311, -0.681, 1.876
-0.315, -0.701, 1.897
-0.308, -0.663, 1.859
-0.296, -0.662, 1.858
-0.283, -0.663, 1.858
-0.272, -0.665, 1.865
-0.260, -0.666, 1.868
-0.248, -0.667, 1.870
-0.236, -0.668, 1.875
-0.225, -0.671, 1.881
-0.222, -0.652, 1.863
-0.232, -0.633, 1.844
-0.230, -0.614, 1.824
-0.239, -0.595, 1.804
-0.238, -0.580, 1.795
-0.236, -0.563, 1.777
-0.233, -0.545, 1.758
-0.231, -0.529, 1.743
-0.240, -0.513, 1.727
-0.251, -0.511, 1.723
-0.262, -0.511, 1.720
-0.274, -0.511, 1.720
-0.287, -0.526, 1.732
-0.299, -0.526, 1.732
-0.311, -0.539, 1.738
-0.323, -0.539, 1.737
-0.334, -0.538, 1.736
-0.345, -0.538, 1.734
-0.356, -0.537, 1.733
-0.367, -0.537, 1.730
-0.382, -0.552, 1.742
-0.394, -0.565, 1.748
-0.409, -0.582, 1.763
-0.416, -0.564, 1.743
-0.428, -0.563, 1.742
-0.405, -0.563, 1.742
-0.402, -0.548, 1.729
-0.389, -0.534, 1.723
-0.378, -0.536, 1.727
-0.414, -0.601, 1.785
-0.403, -0.602, 1.787
-0.392, -0.603, 1.792
-0.389, -0.586, 1.775
-0.385, -0.568, 1.757
-0.330, -0.521, 1.717
-0.310, -0.524, 1.728
-0.285, -0.510, 1.718
-0.229, -0.514, 1.730
-0.222, -0.547, 1.763
-0.212, -0.563, 1.776
-0.209, -0.531, 1.751
-0.228, -0.596, 1.807
-0.216, -0.598, 1.811
-0.221, -0.634, 1.848
-0.464, -0.529, 1.705
-0.422, -0.533, 1.720
RegionID:2
Center:0.299,-0.385,1.344
Normal:-0.325,-0.551,-0.768
NumPatches:269
0.220, -0.465, 1.437
0.227, -0.450, 1.420
0.217, -0.439, 1.416
0.207, -0.429, 1.412
0.205, -0.416, 1.403
0.196, -0.407, 1.401
0.186, -0.397, 1.399
0.176, -0.386, 1.395
0.167, -0.376, 1.393
0.157, -0.367, 1.390
0.157, -0.356, 1.384
0.156, -0.345, 1.379
0.147, -0.337, 1.384
0.147, -0.327, 1.380
0.147, -0.318, 1.379
0.147, -0.309, 1.378
0.156, -0.308, 1.376
0.164, -0.307, 1.371
0.172, -0.306, 1.365
0.181, -0.314, 1.363
0.181, -0.305, 1.361
0.181, -0.295, 1.359
0.190, -0.314, 1.360
0.198, -0.322, 1.356
0.190, -0.332, 1.361
0.182, -0.333, 1.365
0.173, -0.334, 1.369
0.164, -0.344, 1.372
0.156, -0.336, 1.377
0.164, -0.334, 1.372
0.165, -0.354, 1.377
0.173, -0.352, 1.370
0.182, -0.361, 1.370
0.175, -0.375, 1.387
0.185, -0.385, 1.389
0.183, -0.373, 1.379
0.194, -0.394, 1.391
0.204, -0.405, 1.395
0.182, -0.351, 1.366
0.190, -0.350, 1.363
0.199, -0.349, 1.359
0.199, -0.340, 1.357
0.198, -0.330, 1.356
0.206, -0.329, 1.350
0.215, -0.337, 1.346
0.215, -0.346, 1.347
0.216, -0.356, 1.351
0.224, -0.355, 1.347
0.232, -0.354, 1.343
0.232, -0.345, 1.341
0.223, -0.336, 1.342
0.215, -0.328, 1.345
0.231, -0.335, 1.338
0.231, -0.326, 1.337
0.240, -0.343, 1.336
0.241, -0.353, 1.340
0.241, -0.363, 1.343
0.242, -0.374, 1.350
0.244, -0.386, 1.360
0.252, -0.384, 1.354
0.261, -0.383, 1.352
0.260, -0.373, 1.347
0.250, -0.363, 1.341
0.258, -0.362, 1.339
0.256, -0.350, 1.327
0.264, -0.348, 1.322
0.262, -0.338, 1.315
0.271, -0.347, 1.316
0.270, -0.337, 1.309
0.279, -0.346, 1.311
0.286, -0.344, 1.306
0.294, -0.343, 1.299
0.292, -0.332, 1.292
0.284, -0.324, 1.292
0.276, -0.325, 1.297
0.275, -0.316, 1.295
0.268, -0.309, 1.302
0.261, -0.302, 1.310
0.254, -0.303, 1.316
0.246, -0.305, 1.321
0.238, -0.306, 1.327
0.230, -0.298, 1.331
0.238, -0.297, 1.326
0.246, -0.296, 1.321
0.254, -0.295, 1.316
0.261, -0.293, 1.310
0.262, -0.285, 1.312
0.268, -0.292, 1.303
0.269, -0.284, 1.307
0.276, -0.290, 1.295
0.275, -0.298, 1.293
0.275, -0.307, 1.293
0.277, -0.282, 1.300
0.278, -0.275, 1.306
0.285, -0.274, 1.301
0.292, -0.280, 1.291
0.293, -0.273, 1.297
0.300, -0.272, 1.291
0.306, -0.278, 1.278
0.307, -0.271, 1.285
0.313, -0.277, 1.274
0.321, -0.276, 1.270
0.291, -0.322, 1.288
0.290, -0.313, 1.284
0.290, -0.304, 1.282
0.298, -0.321, 1.282
0.307, -0.330, 1.282
0.308, -0.339, 1.286
0.317, -0.348, 1.288
0.315, -0.338, 1.282
0.325, -0.348, 1.286
0.333, -0.347, 1.284
0.340, -0.346, 1.281
0.348, -0.345, 1.276
0.346, -0.335, 1.269
0.344, -0.325, 1.263
0.352, -0.324, 1.261
0.351, -0.315, 1.257
0.342, -0.306, 1.256
0.334, -0.298, 1.257
0.327, -0.291, 1.262
0.335, -0.290, 1.258
0.342, -0.297, 1.254
0.342, -0.289, 1.255
0.350, -0.297, 1.253
0.350, -0.306, 1.254
0.359, -0.314, 1.255
0.358, -0.306, 1.253
0.358, -0.297, 1.253
0.350, -0.289, 1.254
0.367, -0.314, 1.254
0.367, -0.323, 1.257
0.369, -0.333, 1.262
0.363, -0.343, 1.269
0.358, -0.355, 1.282
0.360, -0.366, 1.290
0.363, -0.378, 1.301
0.368, -0.391, 1.317
0.371, -0.403, 1.328
0.366, -0.416, 1.341
0.358, -0.417, 1.345
0.351, -0.428, 1.353
0.341, -0.418, 1.349
0.333, -0.420, 1.353
0.330, -0.408, 1.343
0.327, -0.395, 1.331
0.335, -0.394, 1.326
0.346, -0.405, 1.334
0.349, -0.417, 1.346
0.343, -0.393, 1.325
0.352, -0.439, 1.358
0.364, -0.451, 1.368
0.366, -0.464, 1.377
0.369, -0.476, 1.388
0.363, -0.490, 1.401
0.356, -0.493, 1.408
0.348, -0.495, 1.414
0.342, -0.510, 1.430
0.330, -0.497, 1.420
0.328, -0.484, 1.409
0.316, -0.471, 1.398
0.309, -0.484, 1.410
0.299, -0.474, 1.407
0.294, -0.490, 1.426
0.285, -0.491, 1.429
0.276, -0.491, 1.431
0.267, -0.493, 1.436
0.259, -0.496, 1.444
0.249, -0.484, 1.438
0.247, -0.472, 1.429
0.237, -0.461, 1.425
0.235, -0.449, 1.416
0.225, -0.437, 1.410
0.215, -0.427, 1.407
0.245, -0.459, 1.418
0.257, -0.483, 1.433
0.292, -0.477, 1.416
0.307, -0.472, 1.401
0.325, -0.471, 1.399
0.323, -0.458, 1.388
0.331, -0.456, 1.383
0.341, -0.466, 1.386
0.336, -0.482, 1.404
0.339, -0.496, 1.418
0.344, -0.480, 1.399
0.339, -0.454, 1.376
0.371, -0.489, 1.396
0.377, -0.475, 1.384
0.375, -0.463, 1.376
0.385, -0.474, 1.380
0.388, -0.487, 1.391
0.396, -0.485, 1.387
0.404, -0.483, 1.381
0.412, -0.482, 1.377
0.409, -0.470, 1.369
0.399, -0.459, 1.363
0.391, -0.461, 1.368
0.383, -0.462, 1.374
0.381, -0.451, 1.366
0.370, -0.439, 1.356
0.361, -0.439, 1.357
0.367, -0.427, 1.348
0.378, -0.438, 1.354
0.385, -0.436, 1.347
0.382, -0.424, 1.338
0.373, -0.414, 1.336
0.380, -0.412, 1.330
0.390, -0.422, 1.333
0.392, -0.433, 1.340
0.395, -0.445, 1.350
0.400, -0.433, 1.338
0.398, -0.421, 1.330
0.395, -0.409, 1.320
0.399, -0.396, 1.305
0.386, -0.384, 1.292
0.410, -0.407, 1.312
0.407, -0.396, 1.304
0.405, -0.385, 1.297
0.413, -0.375, 1.294
0.401, -0.364, 1.285
0.399, -0.354, 1.277
0.396, -0.343, 1.268
0.386, -0.333, 1.262
0.379, -0.342, 1.266
0.370, -0.342, 1.267
0.376, -0.323, 1.258
0.385, -0.324, 1.260
0.385, -0.315, 1.258
0.395, -0.325, 1.263
0.395, -0.333, 1.264
0.405, -0.335, 1.269
0.418, -0.347, 1.284
0.419, -0.357, 1.288
0.411, -0.365, 1.289
0.423, -0.377, 1.299
0.425, -0.388, 1.306
0.421, -0.366, 1.292
0.417, -0.338, 1.280
0.415, -0.328, 1.276
0.405, -0.318, 1.269
0.394, -0.308, 1.262
0.405, -0.310, 1.270
0.406, -0.302, 1.274
0.415, -0.311, 1.275
0.415, -0.319, 1.273
0.427, -0.331, 1.286
0.426, -0.321, 1.282
0.426, -0.313, 1.282
0.416, -0.303, 1.279
0.439, -0.342, 1.295
0.421, -0.418, 1.320
0.416, -0.431, 1.333
0.408, -0.432, 1.336
0.418, -0.442, 1.339
0.421, -0.453, 1.347
0.417, -0.468, 1.364
0.424, -0.466, 1.359
0.426, -0.441, 1.336
0.424, -0.430, 1.329
0.434, -0.440, 1.334
0.436, -0.450, 1.338
0.432, -0.429, 1.328
0.430, -0.418, 1.321
0.428, -0.408, 1.315
0.355, -0.344, 1.273
0.306, -0.320, 1.279
0.199, -0.313, 1.358
0.199, -0.304, 1.359
0.207, -0.303, 1.355
RegionID:3
Center:-0.116,-0.196,1.340
Normal:-0.122,-0.687,-0.717
NumPatches:96
-0.141, -0.097, 1.247
-0.149, -0.097, 1.249
-0.158, -0.098, 1.251
-0.166, -0.098, 1.255
-0.176, -0.107, 1.264
-0.185, -0.107, 1.267
-0.195, -0.117, 1.278
-0.204, -0.117, 1.280
-0.212, -0.117, 1.280
-0.222, -0.126, 1.289
-0.231, -0.126, 1.291
-0.230, -0.117, 1.282
-0.221, -0.117, 1.280
-0.224, -0.136, 1.301
-0.217, -0.145, 1.309
-0.216, -0.136, 1.300
-0.208, -0.145, 1.308
-0.200, -0.155, 1.314
-0.202, -0.165, 1.324
-0.193, -0.165, 1.323
-0.185, -0.174, 1.331
-0.184, -0.164, 1.320
-0.177, -0.174, 1.332
-0.178, -0.184, 1.340
-0.170, -0.194, 1.347
-0.169, -0.184, 1.339
-0.161, -0.194, 1.347
-0.162, -0.205, 1.355
-0.154, -0.215, 1.364
-0.152, -0.204, 1.353
-0.145, -0.215, 1.363
-0.146, -0.226, 1.376
-0.137, -0.226, 1.373
-0.128, -0.235, 1.378
-0.127, -0.225, 1.369
-0.118, -0.235, 1.376
-0.119, -0.246, 1.386
-0.121, -0.258, 1.400
-0.112, -0.268, 1.406
-0.111, -0.257, 1.397
-0.102, -0.268, 1.403
-0.094, -0.279, 1.413
-0.093, -0.267, 1.401
-0.084, -0.279, 1.412
-0.085, -0.291, 1.424
-0.076, -0.302, 1.434
-0.076, -0.314, 1.445
-0.066, -0.302, 1.432
-0.075, -0.291, 1.424
-0.057, -0.301, 1.431
-0.047, -0.301, 1.431
-0.038, -0.301, 1.429
-0.028, -0.300, 1.423
-0.019, -0.299, 1.419
-0.009, -0.299, 1.418
0.000, -0.299, 1.418
0.000, -0.287, 1.408
-0.009, -0.276, 1.398
-0.018, -0.265, 1.391
-0.027, -0.254, 1.380
-0.036, -0.243, 1.371
-0.045, -0.233, 1.363
-0.054, -0.222, 1.352
-0.063, -0.223, 1.357
-0.071, -0.213, 1.349
-0.071, -0.202, 1.340
-0.079, -0.192, 1.330
-0.087, -0.182, 1.321
-0.087, -0.172, 1.310
-0.095, -0.162, 1.303
-0.104, -0.162, 1.304
-0.112, -0.153, 1.298
-0.120, -0.143, 1.290
-0.128, -0.134, 1.286
-0.135, -0.125, 1.276
-0.134, -0.115, 1.266
-0.142, -0.106, 1.256
-0.133, -0.106, 1.255
-0.127, -0.125, 1.274
-0.119, -0.134, 1.283
-0.111, -0.143, 1.289
-0.103, -0.153, 1.296
-0.086, -0.162, 1.302
-0.079, -0.182, 1.320
-0.070, -0.192, 1.331
-0.062, -0.212, 1.347
-0.045, -0.222, 1.350
-0.036, -0.233, 1.362
-0.027, -0.243, 1.370
-0.018, -0.254, 1.380
-0.009, -0.265, 1.388
0.000, -0.276, 1.396
0.010, -0.287, 1.407
-0.199, -0.145, 1.304
-0.194, -0.107, 1.270
-0.175, -0.098, 1.257
RegionID:4
Center:-0.869,-0.126,1.702
Normal:-0.070,-0.189,-0.980
NumPatches:24
-0.854, -0.076, 1.692
-0.867, -0.087, 1.695
-0.879, -0.099, 1.697
-0.879, -0.110, 1.698
-0.880, -0.121, 1.700
-0.883, -0.133, 1.704
-0.884, -0.144, 1.708
-0.885, -0.156, 1.709
-0.885, -0.167, 1.710
-0.888, -0.179, 1.714
-0.888, -0.191, 1.716
-0.889, -0.202, 1.717
-0.873, -0.156, 1.708
-0.862, -0.156, 1.708
-0.861, -0.144, 1.707
-0.859, -0.133, 1.703
-0.857, -0.121, 1.698
-0.846, -0.121, 1.699
-0.844, -0.110, 1.696
-0.855, -0.098, 1.695
-0.855, -0.087, 1.694
-0.865, -0.076, 1.692
-0.878, -0.087, 1.695
-0.843, -0.098, 1.694
RegionID:5
Center:0.125,0.016,1.174
Normal:-0.108,-0.676,-0.729
NumPatches:200
0.127, 0.136, 1.062
0.120, 0.136, 1.064
0.113, 0.143, 1.062
0.106, 0.143, 1.063
0.099, 0.143, 1.062
0.092, 0.142, 1.061
0.085, 0.136, 1.066
0.079, 0.130, 1.077
0.072, 0.124, 1.084
0.073, 0.117, 1.090
0.066, 0.111, 1.097
0.066, 0.104, 1.101
0.066, 0.097, 1.108
0.067, 0.090, 1.114
0.060, 0.084, 1.120
0.060, 0.076, 1.125
0.053, 0.069, 1.133
0.053, 0.062, 1.142
0.046, 0.055, 1.152
0.046, 0.048, 1.158
0.047, 0.041, 1.165
0.047, 0.033, 1.171
0.047, 0.025, 1.178
0.048, 0.018, 1.187
0.056, 0.010, 1.192
0.056, 0.002, 1.198
0.064, -0.006, 1.202
0.065, -0.014, 1.210
0.073, -0.022, 1.217
0.072, -0.014, 1.208
0.081, -0.022, 1.214
0.081, -0.030, 1.223
0.082, -0.039, 1.230
0.082, -0.047, 1.237
0.091, -0.056, 1.245
0.091, -0.047, 1.237
0.099, -0.056, 1.245
0.100, -0.064, 1.252
0.101, -0.073, 1.259
0.101, -0.082, 1.267
0.110, -0.091, 1.276
0.111, -0.100, 1.284
0.120, -0.100, 1.283
0.119, -0.091, 1.276
0.109, -0.082, 1.265
0.127, -0.091, 1.276
0.136, -0.091, 1.274
0.144, -0.091, 1.271
0.153, -0.100, 1.276
0.152, -0.090, 1.267
0.161, -0.099, 1.274
0.162, -0.109, 1.285
0.171, -0.109, 1.287
0.180, -0.109, 1.287
0.178, -0.099, 1.273
0.177, -0.090, 1.264
0.185, -0.090, 1.263
0.183, -0.081, 1.253
0.192, -0.081, 1.255
0.200, -0.081, 1.255
0.210, -0.090, 1.261
0.203, -0.099, 1.271
0.194, -0.099, 1.270
0.188, -0.109, 1.288
0.207, -0.110, 1.295
0.212, -0.099, 1.273
0.208, -0.081, 1.252
0.207, -0.072, 1.245
0.215, -0.072, 1.241
0.223, -0.072, 1.240
0.221, -0.063, 1.232
0.212, -0.055, 1.227
0.211, -0.047, 1.219
0.210, -0.038, 1.214
0.201, -0.030, 1.206
0.199, -0.022, 1.198
0.190, -0.014, 1.191
0.181, -0.006, 1.183
0.172, 0.002, 1.176
0.164, 0.010, 1.172
0.155, 0.017, 1.167
0.154, 0.025, 1.160
0.153, 0.032, 1.153
0.161, 0.032, 1.151
0.170, 0.025, 1.159
0.163, 0.017, 1.168
0.171, 0.010, 1.169
0.179, 0.002, 1.173
0.189, -0.006, 1.183
0.198, -0.014, 1.190
0.186, 0.010, 1.166
0.178, 0.017, 1.164
0.177, 0.025, 1.156
0.168, 0.032, 1.149
0.168, 0.040, 1.145
0.159, 0.047, 1.142
0.159, 0.055, 1.137
0.150, 0.062, 1.130
0.144, 0.055, 1.136
0.137, 0.047, 1.142
0.129, 0.047, 1.143
0.122, 0.047, 1.145
0.114, 0.047, 1.146
0.107, 0.048, 1.147
0.099, 0.048, 1.147
0.092, 0.040, 1.155
0.085, 0.033, 1.160
0.077, 0.033, 1.161
0.070, 0.033, 1.164
0.063, 0.025, 1.177
0.055, 0.018, 1.185
0.063, 0.010, 1.190
0.064, 0.002, 1.195
0.072, 0.002, 1.193
0.079, 0.002, 1.193
0.079, 0.010, 1.188
0.071, 0.018, 1.184
0.063, 0.018, 1.185
0.079, 0.018, 1.179
0.086, 0.018, 1.177
0.094, 0.018, 1.176
0.102, 0.018, 1.175
0.101, 0.025, 1.168
0.093, 0.033, 1.159
0.100, 0.033, 1.159
0.062, 0.033, 1.168
0.069, 0.040, 1.158
0.062, 0.048, 1.156
0.054, 0.048, 1.156
0.054, 0.055, 1.151
0.061, 0.062, 1.138
0.060, 0.069, 1.131
0.068, 0.062, 1.135
0.076, 0.062, 1.136
0.083, 0.062, 1.136
0.091, 0.055, 1.142
0.085, 0.048, 1.154
0.077, 0.048, 1.155
0.069, 0.048, 1.155
0.092, 0.048, 1.149
0.099, 0.055, 1.141
0.091, 0.062, 1.135
0.098, 0.062, 1.135
0.098, 0.069, 1.128
0.097, 0.076, 1.124
0.090, 0.084, 1.121
0.082, 0.083, 1.119
0.081, 0.090, 1.112
0.081, 0.097, 1.105
0.088, 0.097, 1.104
0.096, 0.090, 1.113
0.097, 0.084, 1.120
0.104, 0.083, 1.118
0.112, 0.076, 1.121
0.112, 0.069, 1.125
0.106, 0.062, 1.136
0.114, 0.055, 1.141
0.120, 0.062, 1.129
0.128, 0.055, 1.135
0.135, 0.062, 1.130
0.127, 0.069, 1.124
0.119, 0.076, 1.119
0.111, 0.083, 1.115
0.126, 0.076, 1.118
0.135, 0.069, 1.124
0.134, 0.076, 1.117
0.133, 0.083, 1.110
0.132, 0.090, 1.105
0.140, 0.090, 1.106
0.139, 0.097, 1.100
0.138, 0.103, 1.094
0.130, 0.110, 1.089
0.130, 0.117, 1.083
0.129, 0.123, 1.077
0.128, 0.129, 1.069
0.137, 0.110, 1.087
0.148, 0.083, 1.110
0.141, 0.076, 1.115
0.149, 0.069, 1.120
0.143, 0.062, 1.130
0.148, 0.076, 1.115
0.157, 0.069, 1.120
0.158, 0.062, 1.129
0.156, 0.076, 1.115
0.096, 0.097, 1.104
0.144, 0.047, 1.141
0.167, 0.047, 1.141
0.176, 0.032, 1.149
0.208, -0.030, 1.205
0.220, -0.055, 1.224
0.231, -0.072, 1.239
0.067, 0.083, 1.119
0.073, 0.111, 1.096
0.072, 0.130, 1.077
0.086, 0.130, 1.075
0.078, 0.143, 1.061
0.085, 0.142, 1.061
0.105, 0.149, 1.056
0.113, 0.149, 1.057
0.120, 0.142, 1.060
RegionID:6
Center:-0.201,-0.030,1.308
Normal:-0.524,0.666,-0.532
NumPatches:46
-0.153, -0.015, 1.283
-0.161, -0.023, 1.280
-0.169, -0.032, 1.275
-0.177, -0.040, 1.274
-0.185, -0.049, 1.271
-0.193, -0.057, 1.268
-0.204, -0.057, 1.278
-0.213, -0.058, 1.287
-0.221, -0.066, 1.284
-0.231, -0.066, 1.292
-0.242, -0.067, 1.303
-0.253, -0.068, 1.313
-0.261, -0.076, 1.311
-0.264, -0.068, 1.325
-0.255, -0.059, 1.327
-0.244, -0.059, 1.316
-0.247, -0.051, 1.330
-0.249, -0.042, 1.342
-0.239, -0.042, 1.333
-0.241, -0.033, 1.345
-0.230, -0.033, 1.334
-0.233, -0.025, 1.349
-0.235, -0.016, 1.362
-0.224, -0.016, 1.351
-0.213, -0.016, 1.340
-0.203, -0.015, 1.331
-0.205, -0.007, 1.344
-0.207, 0.002, 1.356
-0.196, 0.002, 1.345
-0.198, 0.011, 1.359
-0.188, 0.011, 1.348
-0.177, 0.011, 1.337
-0.167, 0.011, 1.326
-0.155, 0.002, 1.303
-0.154, -0.006, 1.291
-0.162, -0.015, 1.289
-0.171, -0.024, 1.287
-0.179, -0.032, 1.284
-0.187, -0.040, 1.282
-0.195, -0.049, 1.279
-0.157, 0.011, 1.317
-0.223, -0.058, 1.293
-0.158, -0.040, 1.255
-0.157, -0.048, 1.246
-0.148, -0.047, 1.244
-0.149, -0.039, 1.250
RegionID:7
Center:0.344,0.130,1.037
Normal:-0.118,-0.668,-0.735
NumPatches:316
0.289, 0.219, 0.966
0.283, 0.220, 0.967
0.276, 0.220, 0.967
0.269, 0.225, 0.963
0.261, 0.230, 0.958
0.255, 0.230, 0.958
0.248, 0.230, 0.958
0.244, 0.226, 0.965
0.238, 0.220, 0.969
0.240, 0.215, 0.974
0.235, 0.210, 0.981
0.230, 0.205, 0.987
0.224, 0.199, 0.993
0.220, 0.194, 1.001
0.214, 0.189, 1.006
0.208, 0.183, 1.011
0.203, 0.177, 1.016
0.197, 0.171, 1.023
0.191, 0.165, 1.027
0.186, 0.160, 1.035
0.187, 0.154, 1.043
0.195, 0.147, 1.046
0.194, 0.154, 1.041
0.193, 0.159, 1.034
0.198, 0.165, 1.027
0.201, 0.147, 1.044
0.209, 0.141, 1.048
0.208, 0.147, 1.043
0.216, 0.141, 1.047
0.217, 0.135, 1.054
0.225, 0.128, 1.058
0.232, 0.128, 1.055
0.230, 0.134, 1.049
0.222, 0.140, 1.045
0.229, 0.140, 1.043
0.238, 0.127, 1.054
0.247, 0.121, 1.060
0.245, 0.127, 1.053
0.253, 0.121, 1.059
0.261, 0.114, 1.062
0.260, 0.121, 1.058
0.268, 0.114, 1.062
0.270, 0.108, 1.069
0.277, 0.108, 1.067
0.284, 0.101, 1.070
0.283, 0.108, 1.066
0.291, 0.101, 1.069
0.300, 0.094, 1.073
0.298, 0.101, 1.068
0.307, 0.094, 1.074
0.315, 0.087, 1.077
0.314, 0.094, 1.074
0.322, 0.087, 1.077
0.323, 0.081, 1.082
0.331, 0.081, 1.082
0.340, 0.074, 1.088
0.338, 0.081, 1.081
0.347, 0.074, 1.086
0.355, 0.067, 1.092
0.354, 0.074, 1.086
0.362, 0.067, 1.091
0.372, 0.060, 1.096
0.369, 0.067, 1.089
0.378, 0.060, 1.094
0.380, 0.053, 1.101
0.387, 0.053, 1.100
0.397, 0.046, 1.106
0.394, 0.053, 1.098
0.404, 0.046, 1.105
0.410, 0.046, 1.103
0.419, 0.038, 1.105
0.417, 0.046, 1.100
0.426, 0.038, 1.106
0.429, 0.031, 1.113
0.439, 0.024, 1.119
0.437, 0.031, 1.113
0.446, 0.024, 1.118
0.443, 0.031, 1.112
0.441, 0.039, 1.107
0.439, 0.046, 1.101
0.436, 0.053, 1.094
0.426, 0.059, 1.086
0.420, 0.060, 1.090
0.413, 0.060, 1.092
0.406, 0.060, 1.091
0.399, 0.060, 1.091
0.397, 0.067, 1.086
0.394, 0.073, 1.078
0.401, 0.073, 1.078
0.399, 0.080, 1.071
0.405, 0.080, 1.070
0.416, 0.073, 1.079
0.412, 0.067, 1.087
0.412, 0.080, 1.070
0.419, 0.080, 1.070
0.428, 0.073, 1.074
0.423, 0.066, 1.080
0.432, 0.059, 1.085
0.443, 0.053, 1.093
0.440, 0.059, 1.085
0.437, 0.066, 1.079
0.435, 0.073, 1.074
0.426, 0.080, 1.068
0.450, 0.053, 1.093
0.456, 0.052, 1.090
0.462, 0.052, 1.087
0.469, 0.052, 1.085
0.475, 0.052, 1.084
0.482, 0.052, 1.083
0.491, 0.045, 1.088
0.489, 0.052, 1.082
0.487, 0.059, 1.077
0.493, 0.059, 1.075
0.490, 0.066, 1.069
0.497, 0.066, 1.069
0.505, 0.066, 1.070
0.502, 0.072, 1.065
0.510, 0.072, 1.065
0.516, 0.072, 1.064
0.513, 0.079, 1.059
0.519, 0.079, 1.056
0.517, 0.085, 1.051
0.523, 0.085, 1.049
0.520, 0.092, 1.043
0.511, 0.098, 1.039
0.504, 0.098, 1.040
0.498, 0.098, 1.041
0.496, 0.105, 1.036
0.486, 0.111, 1.031
0.482, 0.105, 1.036
0.480, 0.099, 1.046
0.473, 0.099, 1.047
0.466, 0.099, 1.047
0.461, 0.092, 1.051
0.454, 0.092, 1.051
0.447, 0.092, 1.052
0.445, 0.099, 1.047
0.444, 0.105, 1.043
0.442, 0.112, 1.038
0.439, 0.118, 1.032
0.430, 0.124, 1.026
0.428, 0.130, 1.021
0.426, 0.137, 1.018
0.418, 0.143, 1.014
0.410, 0.149, 1.011
0.406, 0.143, 1.018
0.400, 0.137, 1.021
0.395, 0.131, 1.026
0.391, 0.125, 1.033
0.385, 0.125, 1.035
0.379, 0.125, 1.036
0.373, 0.119, 1.041
0.366, 0.119, 1.040
0.362, 0.113, 1.047
0.358, 0.107, 1.056
0.352, 0.107, 1.059
0.349, 0.113, 1.051
0.341, 0.120, 1.046
0.335, 0.120, 1.049
0.330, 0.114, 1.056
0.324, 0.107, 1.060
0.317, 0.107, 1.061
0.316, 0.114, 1.058
0.315, 0.120, 1.053
0.322, 0.120, 1.052
0.328, 0.120, 1.051
0.326, 0.126, 1.044
0.325, 0.133, 1.039
0.330, 0.132, 1.035
0.339, 0.126, 1.039
0.336, 0.132, 1.033
0.347, 0.119, 1.044
0.353, 0.119, 1.041
0.359, 0.119, 1.040
0.358, 0.125, 1.036
0.357, 0.132, 1.033
0.364, 0.132, 1.032
0.361, 0.138, 1.026
0.359, 0.144, 1.020
0.357, 0.150, 1.015
0.355, 0.156, 1.009
0.347, 0.162, 1.006
0.341, 0.162, 1.006
0.335, 0.162, 1.008
0.329, 0.162, 1.009
0.322, 0.162, 1.010
0.321, 0.168, 1.005
0.313, 0.174, 1.002
0.312, 0.180, 0.999
0.304, 0.186, 0.995
0.297, 0.186, 0.994
0.296, 0.192, 0.989
0.288, 0.198, 0.986
0.282, 0.198, 0.986
0.275, 0.198, 0.986
0.274, 0.203, 0.981
0.273, 0.209, 0.977
0.279, 0.209, 0.977
0.287, 0.203, 0.981
0.286, 0.209, 0.976
0.291, 0.208, 0.974
0.290, 0.214, 0.970
0.297, 0.208, 0.972
0.299, 0.203, 0.978
0.294, 0.198, 0.984
0.300, 0.197, 0.982
0.306, 0.197, 0.981
0.312, 0.196, 0.979
0.311, 0.202, 0.975
0.303, 0.208, 0.971
0.296, 0.213, 0.968
0.309, 0.207, 0.970
0.317, 0.202, 0.975
0.319, 0.196, 0.979
0.327, 0.191, 0.984
0.323, 0.186, 0.991
0.317, 0.186, 0.994
0.311, 0.186, 0.995
0.329, 0.185, 0.989
0.336, 0.179, 0.992
0.331, 0.173, 0.996
0.325, 0.174, 0.998
0.319, 0.174, 1.000
0.337, 0.173, 0.996
0.346, 0.168, 1.001
0.344, 0.173, 0.997
0.343, 0.179, 0.993
0.335, 0.185, 0.989
0.342, 0.185, 0.988
0.350, 0.179, 0.993
0.351, 0.174, 0.997
0.353, 0.168, 1.002
0.361, 0.162, 1.006
0.362, 0.156, 1.009
0.369, 0.155, 1.008
0.374, 0.155, 1.006
0.360, 0.168, 1.002
0.366, 0.168, 1.001
0.373, 0.168, 1.001
0.356, 0.179, 0.992
0.325, 0.196, 0.979
0.324, 0.202, 0.975
0.368, 0.138, 1.025
0.370, 0.132, 1.032
0.372, 0.125, 1.036
0.377, 0.132, 1.031
0.374, 0.137, 1.024
0.372, 0.144, 1.019
0.379, 0.143, 1.017
0.386, 0.137, 1.020
0.331, 0.107, 1.059
0.364, 0.107, 1.053
0.398, 0.125, 1.032
0.402, 0.131, 1.026
0.399, 0.143, 1.017
0.404, 0.149, 1.013
0.394, 0.155, 1.005
0.387, 0.155, 1.005
0.392, 0.161, 1.001
0.401, 0.155, 1.005
0.399, 0.161, 1.000
0.415, 0.149, 1.008
0.424, 0.143, 1.012
0.432, 0.136, 1.016
0.441, 0.130, 1.020
0.436, 0.124, 1.025
0.443, 0.124, 1.025
0.449, 0.124, 1.024
0.447, 0.130, 1.020
0.438, 0.136, 1.015
0.453, 0.130, 1.018
0.462, 0.124, 1.022
0.449, 0.112, 1.039
0.455, 0.112, 1.038
0.464, 0.106, 1.043
0.459, 0.099, 1.047
0.471, 0.105, 1.042
0.467, 0.111, 1.034
0.473, 0.111, 1.032
0.479, 0.111, 1.031
0.477, 0.117, 1.026
0.486, 0.099, 1.044
0.493, 0.111, 1.030
0.517, 0.098, 1.038
0.526, 0.092, 1.042
0.448, 0.038, 1.106
0.456, 0.038, 1.106
0.462, 0.038, 1.103
0.468, 0.038, 1.101
0.475, 0.038, 1.101
0.482, 0.038, 1.100
0.453, 0.024, 1.116
0.455, 0.017, 1.123
0.459, 0.024, 1.115
0.465, 0.024, 1.111
0.472, 0.024, 1.110
0.479, 0.024, 1.109
0.196, 0.177, 1.018
0.202, 0.183, 1.012
0.215, 0.183, 1.010
0.220, 0.188, 1.005
0.218, 0.199, 0.994
0.223, 0.205, 0.988
0.229, 0.210, 0.983
0.228, 0.216, 0.979
0.241, 0.210, 0.980
0.248, 0.210, 0.980
0.254, 0.209, 0.979
0.252, 0.215, 0.974
0.245, 0.220, 0.970
0.238, 0.226, 0.966
0.243, 0.231, 0.961
0.251, 0.220, 0.969
0.254, 0.236, 0.954
0.268, 0.230, 0.959
0.275, 0.225, 0.964
RegionID:8
Center:-0.026,0.223,0.989
Normal:0.067,-0.155,-0.986
NumPatches:176
-0.020, 0.049, 1.016
-0.027, 0.049, 1.016
-0.034, 0.049, 1.016
-0.040, 0.055, 1.013
-0.047, 0.055, 1.012
-0.053, 0.062, 1.010
-0.060, 0.062, 1.010
-0.067, 0.062, 1.010
-0.074, 0.069, 1.010
-0.080, 0.069, 1.010
-0.087, 0.069, 1.010
-0.094, 0.069, 1.009
-0.100, 0.075, 1.008
-0.107, 0.075, 1.007
-0.113, 0.075, 1.007
-0.120, 0.082, 1.006
-0.127, 0.082, 1.005
-0.133, 0.082, 1.004
-0.140, 0.082, 1.003
-0.146, 0.088, 1.002
-0.146, 0.095, 1.001
-0.146, 0.101, 1.000
-0.139, 0.101, 1.000
-0.139, 0.108, 0.999
-0.139, 0.114, 0.998
-0.139, 0.121, 0.997
-0.139, 0.127, 0.996
-0.132, 0.127, 0.997
-0.132, 0.134, 0.995
-0.132, 0.140, 0.994
-0.125, 0.140, 0.995
-0.125, 0.147, 0.994
-0.125, 0.153, 0.993
-0.125, 0.160, 0.993
-0.119, 0.160, 0.993
-0.118, 0.166, 0.992
-0.118, 0.172, 0.991
-0.118, 0.179, 0.990
-0.112, 0.179, 0.990
-0.112, 0.185, 0.990
-0.111, 0.192, 0.988
-0.111, 0.198, 0.987
-0.111, 0.204, 0.986
-0.105, 0.204, 0.986
-0.105, 0.211, 0.986
-0.104, 0.217, 0.985
-0.098, 0.217, 0.985
-0.098, 0.224, 0.984
-0.098, 0.230, 0.983
-0.098, 0.236, 0.982
-0.091, 0.236, 0.982
-0.091, 0.242, 0.980
-0.091, 0.248, 0.979
-0.091, 0.254, 0.978
-0.091, 0.261, 0.977
-0.091, 0.267, 0.976
-0.084, 0.267, 0.976
-0.084, 0.273, 0.976
-0.084, 0.280, 0.975
-0.078, 0.280, 0.975
-0.078, 0.286, 0.975
-0.078, 0.293, 0.975
-0.077, 0.299, 0.973
-0.071, 0.299, 0.974
-0.071, 0.305, 0.972
-0.071, 0.311, 0.971
-0.064, 0.311, 0.972
-0.064, 0.317, 0.971
-0.064, 0.324, 0.971
-0.064, 0.330, 0.970
-0.064, 0.336, 0.969
-0.058, 0.336, 0.969
-0.058, 0.342, 0.968
-0.058, 0.348, 0.966
-0.057, 0.354, 0.965
-0.051, 0.354, 0.965
-0.051, 0.360, 0.965
-0.051, 0.366, 0.964
-0.045, 0.366, 0.964
-0.038, 0.366, 0.964
-0.032, 0.366, 0.964
-0.025, 0.366, 0.965
-0.019, 0.366, 0.965
-0.013, 0.367, 0.966
-0.006, 0.368, 0.968
0.000, 0.368, 0.969
0.007, 0.368, 0.969
0.013, 0.368, 0.969
0.020, 0.368, 0.969
0.026, 0.368, 0.970
0.032, 0.368, 0.970
0.039, 0.369, 0.971
0.045, 0.369, 0.971
0.052, 0.369, 0.971
0.058, 0.369, 0.972
0.065, 0.369, 0.972
0.071, 0.370, 0.973
0.078, 0.370, 0.974
0.084, 0.370, 0.973
0.091, 0.369, 0.973
0.097, 0.364, 0.975
0.097, 0.358, 0.976
0.098, 0.352, 0.977
0.091, 0.345, 0.978
0.091, 0.339, 0.978
0.091, 0.333, 0.979
0.085, 0.327, 0.980
0.078, 0.320, 0.981
0.078, 0.314, 0.982
0.072, 0.308, 0.982
0.072, 0.302, 0.983
0.072, 0.295, 0.984
0.072, 0.289, 0.986
0.066, 0.283, 0.985
0.066, 0.276, 0.985
0.066, 0.269, 0.985
0.066, 0.263, 0.986
0.059, 0.257, 0.988
0.059, 0.251, 0.990
0.053, 0.245, 0.990
0.053, 0.238, 0.991
0.046, 0.232, 0.992
0.046, 0.225, 0.992
0.040, 0.219, 0.994
0.040, 0.213, 0.995
0.040, 0.207, 0.997
0.033, 0.200, 0.998
0.033, 0.194, 0.998
0.027, 0.187, 0.999
0.027, 0.181, 1.000
0.027, 0.174, 1.001
0.020, 0.167, 1.000
0.020, 0.161, 1.001
0.020, 0.155, 1.003
0.014, 0.148, 1.004
0.014, 0.142, 1.005
0.007, 0.135, 1.005
0.007, 0.128, 1.006
0.007, 0.122, 1.007
0.000, 0.115, 1.008
0.000, 0.109, 1.010
0.000, 0.102, 1.011
-0.007, 0.096, 1.011
-0.007, 0.089, 1.011
-0.013, 0.082, 1.011
-0.013, 0.076, 1.013
-0.020, 0.069, 1.014
-0.020, 0.062, 1.014
-0.020, 0.055, 1.015
-0.013, 0.069, 1.014
-0.007, 0.082, 1.012
0.000, 0.096, 1.011
0.007, 0.115, 1.009
0.014, 0.135, 1.006
0.020, 0.148, 1.004
0.027, 0.168, 1.001
0.033, 0.187, 0.999
0.040, 0.200, 0.998
0.046, 0.219, 0.994
0.053, 0.232, 0.991
0.059, 0.245, 0.991
0.066, 0.257, 0.989
0.072, 0.283, 0.986
0.079, 0.308, 0.983
0.085, 0.321, 0.981
0.091, 0.327, 0.981
0.098, 0.345, 0.978
0.104, 0.358, 0.977
0.104, 0.364, 0.976
0.097, 0.369, 0.973
-0.140, 0.088, 1.003
-0.113, 0.082, 1.006
-0.094, 0.075, 1.008
-0.067, 0.069, 1.009
-0.047, 0.062, 1.012
-0.033, 0.055, 1.014
RegionID:9
Center:-0.379,0.211,0.948
Normal:-0.382,-0.255,-0.888
NumPatches:177
-0.402, 0.348, 0.917
-0.410, 0.350, 0.923
-0.418, 0.352, 0.926
-0.425, 0.353, 0.928
-0.432, 0.353, 0.931
-0.440, 0.354, 0.933
-0.447, 0.355, 0.935
-0.454, 0.356, 0.936
-0.461, 0.356, 0.939
-0.471, 0.353, 0.946
-0.479, 0.354, 0.950
-0.479, 0.360, 0.949
-0.470, 0.358, 0.944
-0.472, 0.347, 0.947
-0.473, 0.342, 0.950
-0.475, 0.337, 0.953
-0.468, 0.330, 0.953
-0.469, 0.324, 0.954
-0.470, 0.319, 0.956
-0.463, 0.312, 0.955
-0.463, 0.306, 0.956
-0.456, 0.299, 0.955
-0.457, 0.293, 0.957
-0.458, 0.288, 0.958
-0.452, 0.281, 0.958
-0.452, 0.275, 0.960
-0.453, 0.269, 0.962
-0.454, 0.264, 0.964
-0.448, 0.257, 0.963
-0.449, 0.251, 0.965
-0.450, 0.246, 0.968
-0.444, 0.239, 0.969
-0.445, 0.233, 0.971
-0.446, 0.227, 0.973
-0.438, 0.220, 0.969
-0.438, 0.214, 0.971
-0.431, 0.207, 0.969
-0.432, 0.201, 0.971
-0.433, 0.195, 0.973
-0.434, 0.189, 0.976
-0.427, 0.183, 0.975
-0.429, 0.177, 0.978
-0.430, 0.171, 0.981
-0.423, 0.164, 0.979
-0.424, 0.158, 0.982
-0.425, 0.152, 0.985
-0.418, 0.145, 0.983
-0.419, 0.139, 0.986
-0.412, 0.132, 0.986
-0.413, 0.126, 0.988
-0.413, 0.120, 0.988
-0.406, 0.113, 0.987
-0.407, 0.107, 0.990
-0.409, 0.100, 0.993
-0.409, 0.094, 0.995
-0.410, 0.088, 0.997
-0.403, 0.081, 0.996
-0.405, 0.075, 0.999
-0.406, 0.068, 1.002
-0.398, 0.061, 1.000
-0.399, 0.055, 1.002
-0.391, 0.055, 0.998
-0.390, 0.061, 0.997
-0.398, 0.068, 0.998
-0.382, 0.061, 0.992
-0.373, 0.061, 0.987
-0.366, 0.060, 0.984
-0.359, 0.060, 0.982
-0.351, 0.060, 0.979
-0.350, 0.066, 0.976
-0.343, 0.066, 0.974
-0.335, 0.066, 0.971
-0.327, 0.066, 0.967
-0.320, 0.065, 0.963
-0.312, 0.065, 0.961
-0.312, 0.072, 0.959
-0.304, 0.071, 0.955
-0.297, 0.071, 0.953
-0.290, 0.071, 0.951
-0.290, 0.077, 0.949
-0.289, 0.083, 0.947
-0.296, 0.090, 0.948
-0.295, 0.096, 0.947
-0.302, 0.102, 0.947
-0.301, 0.108, 0.944
-0.300, 0.114, 0.942
-0.299, 0.120, 0.939
-0.298, 0.126, 0.937
-0.298, 0.132, 0.935
-0.304, 0.138, 0.935
-0.311, 0.144, 0.936
-0.310, 0.150, 0.934
-0.309, 0.156, 0.933
-0.309, 0.162, 0.931
-0.308, 0.168, 0.929
-0.308, 0.174, 0.927
-0.314, 0.180, 0.928
-0.313, 0.186, 0.926
-0.320, 0.192, 0.926
-0.319, 0.198, 0.925
-0.326, 0.205, 0.928
-0.334, 0.205, 0.931
-0.333, 0.211, 0.929
-0.332, 0.216, 0.926
-0.331, 0.222, 0.925
-0.338, 0.229, 0.926
-0.337, 0.234, 0.924
-0.336, 0.240, 0.921
-0.335, 0.245, 0.918
-0.334, 0.251, 0.916
-0.334, 0.256, 0.915
-0.334, 0.262, 0.914
-0.340, 0.269, 0.915
-0.340, 0.274, 0.913
-0.339, 0.280, 0.912
-0.338, 0.285, 0.910
-0.338, 0.291, 0.908
-0.344, 0.297, 0.908
-0.343, 0.302, 0.905
-0.342, 0.307, 0.904
-0.348, 0.313, 0.905
-0.348, 0.319, 0.903
-0.354, 0.326, 0.905
-0.361, 0.326, 0.907
-0.369, 0.328, 0.911
-0.377, 0.324, 0.917
-0.384, 0.319, 0.919
-0.391, 0.319, 0.920
-0.390, 0.324, 0.918
-0.390, 0.330, 0.918
-0.384, 0.330, 0.917
-0.377, 0.330, 0.916
-0.376, 0.335, 0.913
-0.382, 0.340, 0.913
-0.388, 0.341, 0.914
-0.396, 0.342, 0.917
-0.403, 0.344, 0.921
-0.381, 0.345, 0.910
-0.374, 0.339, 0.909
-0.373, 0.344, 0.907
-0.367, 0.338, 0.905
-0.366, 0.343, 0.904
-0.360, 0.337, 0.903
-0.360, 0.332, 0.905
-0.354, 0.331, 0.904
-0.353, 0.336, 0.902
-0.359, 0.342, 0.901
-0.352, 0.342, 0.899
-0.348, 0.325, 0.903
-0.378, 0.318, 0.917
-0.341, 0.313, 0.903
-0.337, 0.296, 0.906
-0.334, 0.268, 0.914
-0.327, 0.256, 0.912
-0.331, 0.228, 0.923
-0.319, 0.204, 0.924
-0.313, 0.191, 0.924
-0.307, 0.180, 0.926
-0.304, 0.144, 0.933
-0.297, 0.138, 0.933
-0.295, 0.102, 0.945
-0.289, 0.089, 0.946
-0.284, 0.071, 0.949
-0.402, 0.087, 0.993
-0.406, 0.119, 0.985
-0.411, 0.139, 0.983
-0.417, 0.151, 0.982
-0.422, 0.170, 0.977
-0.426, 0.189, 0.972
-0.430, 0.213, 0.967
-0.437, 0.226, 0.969
-0.442, 0.245, 0.965
-0.447, 0.263, 0.962
-0.451, 0.287, 0.956
-0.455, 0.305, 0.953
-0.462, 0.318, 0.953
-0.467, 0.336, 0.950
RegionID:10
Center:-0.267,0.184,1.038
Normal:-0.328,-0.246,-0.912
NumPatches:30
-0.272, 0.233, 1.026
-0.280, 0.227, 1.030
-0.281, 0.221, 1.032
-0.274, 0.214, 1.033
-0.275, 0.208, 1.035
-0.275, 0.201, 1.037
-0.276, 0.195, 1.039
-0.276, 0.188, 1.040
-0.269, 0.181, 1.039
-0.269, 0.174, 1.041
-0.270, 0.168, 1.043
-0.263, 0.161, 1.042
-0.263, 0.154, 1.044
-0.264, 0.147, 1.046
-0.257, 0.140, 1.046
-0.257, 0.134, 1.048
-0.250, 0.133, 1.045
-0.256, 0.147, 1.043
-0.255, 0.160, 1.039
-0.262, 0.167, 1.040
-0.262, 0.174, 1.038
-0.261, 0.180, 1.037
-0.269, 0.188, 1.038
-0.268, 0.194, 1.036
-0.268, 0.201, 1.034
-0.267, 0.207, 1.032
-0.261, 0.194, 1.034
-0.261, 0.187, 1.036
-0.273, 0.220, 1.030
-0.273, 0.227, 1.028
RegionID:11
Center:-0.195,0.204,1.056
Normal:-0.167,-0.629,-0.759
NumPatches:22
-0.182, 0.204, 1.053
-0.190, 0.198, 1.058
-0.198, 0.193, 1.066
-0.205, 0.193, 1.067
-0.204, 0.199, 1.061
-0.211, 0.205, 1.058
-0.210, 0.211, 1.053
-0.203, 0.205, 1.057
-0.202, 0.211, 1.052
-0.202, 0.217, 1.047
-0.194, 0.217, 1.046
-0.194, 0.223, 1.042
-0.186, 0.222, 1.040
-0.180, 0.216, 1.042
-0.181, 0.210, 1.047
-0.189, 0.204, 1.054
-0.179, 0.222, 1.037
-0.199, 0.187, 1.073
-0.200, 0.180, 1.078
-0.201, 0.174, 1.083
-0.192, 0.186, 1.071
-0.191, 0.192, 1.064
RegionID:12
Center:0.208,0.260,1.029
Normal:-0.850,0.447,-0.280
NumPatches:32
0.239, 0.278, 0.971
0.235, 0.282, 0.982
0.230, 0.277, 0.988
0.225, 0.273, 0.997
0.220, 0.268, 1.003
0.216, 0.264, 1.013
0.211, 0.260, 1.024
0.206, 0.255, 1.031
0.200, 0.249, 1.037
0.195, 0.245, 1.046
0.189, 0.240, 1.056
0.184, 0.235, 1.064
0.178, 0.229, 1.071
0.176, 0.220, 1.060
0.171, 0.215, 1.071
0.182, 0.225, 1.052
0.188, 0.230, 1.045
0.194, 0.236, 1.040
0.191, 0.248, 1.062
0.196, 0.253, 1.053
0.198, 0.241, 1.029
0.208, 0.264, 1.042
0.213, 0.269, 1.032
0.214, 0.277, 1.039
0.217, 0.273, 1.022
0.220, 0.282, 1.033
0.222, 0.277, 1.014
0.224, 0.287, 1.023
0.227, 0.282, 1.005
0.229, 0.291, 1.013
0.232, 0.286, 0.998
0.234, 0.296, 1.007
RegionID:13
Center:-0.304,0.346,1.006
Normal:-0.350,-0.251,-0.903
NumPatches:28
-0.288, 0.316, 1.008
-0.296, 0.311, 1.013
-0.302, 0.317, 1.012
-0.302, 0.323, 1.010
-0.309, 0.330, 1.011
-0.309, 0.337, 1.011
-0.309, 0.344, 1.011
-0.308, 0.350, 1.009
-0.307, 0.355, 1.006
-0.313, 0.362, 1.005
-0.313, 0.367, 1.003
-0.320, 0.374, 1.003
-0.319, 0.381, 1.002
-0.312, 0.373, 1.001
-0.312, 0.379, 0.999
-0.305, 0.372, 0.998
-0.305, 0.366, 1.000
-0.306, 0.361, 1.003
-0.300, 0.355, 1.004
-0.300, 0.349, 1.006
-0.301, 0.342, 1.007
-0.301, 0.336, 1.008
-0.301, 0.329, 1.008
-0.294, 0.323, 1.008
-0.295, 0.317, 1.010
-0.288, 0.310, 1.010
-0.294, 0.329, 1.006
-0.304, 0.378, 0.996
