NumRegions:14
RegionID:0
Center:-0.055,-0.633,1.679
Normal:-0.327,-0.678,-0.659
NumPatches:29
-0.055, -0.616, 1.666
-0.066, -0.618, 1.672
-0.078, -0.621, 1.678
-0.090, -0.643, 1.708
-0.102, -0.646, 1.716
-0.114, -0.649, 1.725
-0.125, -0.634, 1.714
-0.113, -0.631, 1.705
-0.111, -0.610, 1.679
-0.101, -0.627, 1.695
-0.089, -0.624, 1.687
-0.092, -0.662, 1.729
-0.079, -0.658, 1.717
-0.068, -0.653, 1.703
-0.056, -0.650, 1.698
-0.055, -0.632, 1.678
-0.045, -0.648, 1.691
-0.044, -0.629, 1.671
-0.033, -0.644, 1.681
-0.033, -0.625, 1.659
-0.022, -0.639, 1.669
-0.022, -0.622, 1.651
-0.011, -0.634, 1.655
-0.011, -0.619, 1.645
0.000, -0.630, 1.645
0.000, -0.616, 1.636
0.011, -0.627, 1.637
0.022, -0.625, 1.630
0.022, -0.609, 1.618
RegionID:1
Center:0.226,-0.374,1.257
Normal:-0.314,-0.570,-0.760
NumPatches:238
0.088, -0.373, 1.316
0.096, -0.371, 1.307
0.104, -0.369, 1.300
0.113, -0.377, 1.301
0.105, -0.391, 1.318
0.106, -0.403, 1.328
0.113, -0.389, 1.311
0.122, -0.399, 1.314
0.121, -0.387, 1.303
0.131, -0.397, 1.308
0.132, -0.410, 1.322
0.140, -0.408, 1.315
0.149, -0.418, 1.320
0.148, -0.406, 1.311
0.158, -0.417, 1.317
0.159, -0.428, 1.325
0.168, -0.438, 1.327
0.169, -0.450, 1.336
0.171, -0.463, 1.350
0.172, -0.477, 1.364
0.174, -0.490, 1.375
0.184, -0.503, 1.385
0.182, -0.488, 1.369
0.192, -0.499, 1.375
0.203, -0.512, 1.385
0.200, -0.497, 1.368
0.211, -0.510, 1.380
0.219, -0.508, 1.375
0.227, -0.505, 1.366
0.235, -0.502, 1.359
0.243, -0.501, 1.355
0.252, -0.500, 1.352
0.260, -0.498, 1.346
0.267, -0.494, 1.337
0.274, -0.492, 1.330
0.283, -0.492, 1.329
0.291, -0.491, 1.327
0.299, -0.489, 1.323
0.310, -0.501, 1.331
0.307, -0.488, 1.320
0.314, -0.486, 1.313
0.311, -0.472, 1.299
0.319, -0.471, 1.296
0.327, -0.471, 1.296
0.325, -0.458, 1.286
0.322, -0.447, 1.277
0.320, -0.435, 1.266
0.317, -0.422, 1.253
0.324, -0.421, 1.251
0.331, -0.420, 1.247
0.339, -0.419, 1.244
0.336, -0.407, 1.234
0.344, -0.407, 1.232
0.342, -0.396, 1.224
0.349, -0.395, 1.223
0.348, -0.386, 1.219
0.347, -0.377, 1.215
0.338, -0.368, 1.212
0.330, -0.368, 1.212
0.323, -0.377, 1.216
0.318, -0.388, 1.225
0.311, -0.390, 1.230
0.304, -0.391, 1.236
0.302, -0.381, 1.228
0.292, -0.371, 1.221
0.285, -0.371, 1.223
0.281, -0.359, 1.208
0.279, -0.347, 1.197
0.270, -0.338, 1.193
0.261, -0.329, 1.189
0.254, -0.330, 1.192
0.246, -0.331, 1.195
0.245, -0.321, 1.189
0.243, -0.311, 1.180
0.235, -0.303, 1.177
0.227, -0.295, 1.176
0.226, -0.286, 1.174
0.219, -0.279, 1.176
0.212, -0.272, 1.178
0.204, -0.280, 1.182
0.198, -0.290, 1.188
0.190, -0.283, 1.193
0.183, -0.276, 1.199
0.178, -0.272, 1.214
0.185, -0.263, 1.209
0.186, -0.256, 1.214
0.191, -0.260, 1.198
0.191, -0.267, 1.194
0.190, -0.275, 1.193
0.197, -0.274, 1.187
0.197, -0.266, 1.188
0.204, -0.273, 1.182
0.198, -0.298, 1.190
0.191, -0.308, 1.199
0.184, -0.310, 1.205
0.177, -0.312, 1.212
0.170, -0.313, 1.219
0.163, -0.316, 1.227
0.156, -0.317, 1.234
0.149, -0.328, 1.243
0.141, -0.321, 1.247
0.134, -0.333, 1.261
0.127, -0.345, 1.275
0.120, -0.347, 1.283
0.112, -0.357, 1.290
0.104, -0.351, 1.297
0.095, -0.352, 1.303
0.087, -0.354, 1.310
0.079, -0.356, 1.318
0.070, -0.348, 1.322
0.070, -0.339, 1.320
0.062, -0.331, 1.321
0.053, -0.322, 1.323
0.061, -0.321, 1.316
0.070, -0.330, 1.316
0.079, -0.329, 1.312
0.079, -0.319, 1.310
0.087, -0.318, 1.306
0.095, -0.317, 1.301
0.103, -0.315, 1.293
0.111, -0.313, 1.282
0.111, -0.304, 1.281
0.119, -0.302, 1.275
0.126, -0.300, 1.264
0.133, -0.297, 1.253
0.141, -0.303, 1.245
0.134, -0.314, 1.255
0.126, -0.317, 1.267
0.119, -0.329, 1.281
0.120, -0.338, 1.283
0.112, -0.349, 1.289
0.119, -0.320, 1.277
0.134, -0.324, 1.259
0.141, -0.312, 1.245
0.148, -0.319, 1.240
0.148, -0.310, 1.238
0.141, -0.295, 1.245
0.141, -0.287, 1.246
0.148, -0.293, 1.236
0.148, -0.285, 1.238
0.149, -0.278, 1.242
0.156, -0.277, 1.235
0.164, -0.276, 1.231
0.079, -0.347, 1.316
0.112, -0.367, 1.293
0.120, -0.365, 1.286
0.129, -0.374, 1.288
0.130, -0.385, 1.298
0.128, -0.363, 1.281
0.136, -0.362, 1.275
0.135, -0.352, 1.271
0.135, -0.342, 1.265
0.144, -0.361, 1.272
0.152, -0.360, 1.268
0.151, -0.349, 1.261
0.150, -0.338, 1.252
0.198, -0.307, 1.194
0.205, -0.289, 1.184
0.219, -0.271, 1.176
0.226, -0.278, 1.174
0.234, -0.294, 1.174
0.242, -0.302, 1.175
0.269, -0.329, 1.189
0.277, -0.338, 1.193
0.286, -0.347, 1.197
0.285, -0.338, 1.192
0.294, -0.347, 1.197
0.293, -0.338, 1.192
0.292, -0.329, 1.188
0.283, -0.319, 1.181
0.273, -0.310, 1.174
0.265, -0.310, 1.174
0.258, -0.310, 1.175
0.282, -0.310, 1.177
0.291, -0.320, 1.184
0.301, -0.330, 1.191
0.300, -0.321, 1.187
0.310, -0.331, 1.195
0.309, -0.322, 1.191
0.308, -0.313, 1.189
0.299, -0.304, 1.184
0.290, -0.295, 1.179
0.281, -0.294, 1.175
0.273, -0.294, 1.173
0.281, -0.287, 1.176
0.290, -0.288, 1.181
0.299, -0.297, 1.185
0.300, -0.289, 1.186
0.309, -0.290, 1.190
0.309, -0.283, 1.191
0.300, -0.274, 1.189
0.291, -0.273, 1.184
0.282, -0.272, 1.178
0.273, -0.271, 1.175
0.292, -0.266, 1.189
0.285, -0.259, 1.192
0.278, -0.252, 1.195
0.269, -0.251, 1.191
0.262, -0.244, 1.196
0.287, -0.252, 1.198
0.294, -0.260, 1.195
0.301, -0.267, 1.192
0.309, -0.275, 1.193
0.310, -0.268, 1.195
0.318, -0.276, 1.197
0.318, -0.284, 1.195
0.317, -0.291, 1.194
0.326, -0.300, 1.197
0.326, -0.308, 1.197
0.327, -0.316, 1.198
0.327, -0.324, 1.199
0.318, -0.332, 1.198
0.327, -0.341, 1.202
0.328, -0.350, 1.205
0.330, -0.359, 1.209
0.322, -0.368, 1.213
0.315, -0.368, 1.214
0.313, -0.358, 1.206
0.302, -0.347, 1.197
0.311, -0.348, 1.199
0.338, -0.359, 1.209
0.337, -0.350, 1.206
0.346, -0.368, 1.212
0.327, -0.332, 1.200
0.336, -0.301, 1.204
0.327, -0.292, 1.199
0.346, -0.311, 1.209
0.345, -0.318, 1.206
0.308, -0.306, 1.189
0.300, -0.371, 1.221
0.325, -0.387, 1.221
0.350, -0.430, 1.253
0.346, -0.444, 1.270
0.339, -0.446, 1.273
0.332, -0.457, 1.281
0.330, -0.446, 1.274
0.358, -0.439, 1.254
0.167, -0.427, 1.319
RegionID:2
Center:-0.920,-0.471,1.840
Normal:-0.122,-0.168,-0.978
NumPatches:72
-0.899, -0.612, 1.855
-0.898, -0.599, 1.854
-0.900, -0.588, 1.856
-0.913, -0.576, 1.859
-0.928, -0.590, 1.863
-0.941, -0.591, 1.866
-0.955, -0.592, 1.868
-0.938, -0.577, 1.860
-0.949, -0.564, 1.857
-0.961, -0.551, 1.857
-0.961, -0.539, 1.857
-0.948, -0.550, 1.854
-0.948, -0.538, 1.854
-0.935, -0.538, 1.853
-0.935, -0.525, 1.853
-0.948, -0.513, 1.854
-0.963, -0.515, 1.860
-0.945, -0.500, 1.849
-0.956, -0.487, 1.845
-0.953, -0.473, 1.841
-0.951, -0.460, 1.837
-0.952, -0.448, 1.838
-0.952, -0.436, 1.839
-0.952, -0.424, 1.838
-0.951, -0.411, 1.836
-0.948, -0.398, 1.831
-0.947, -0.385, 1.828
-0.945, -0.372, 1.826
-0.944, -0.360, 1.823
-0.943, -0.347, 1.822
-0.943, -0.335, 1.820
-0.929, -0.335, 1.818
-0.915, -0.346, 1.813
-0.930, -0.359, 1.818
-0.932, -0.372, 1.823
-0.920, -0.372, 1.824
-0.908, -0.372, 1.823
-0.905, -0.359, 1.818
-0.894, -0.371, 1.820
-0.895, -0.384, 1.822
-0.883, -0.396, 1.823
-0.885, -0.409, 1.825
-0.885, -0.421, 1.827
-0.887, -0.434, 1.829
-0.888, -0.447, 1.833
-0.889, -0.460, 1.835
-0.890, -0.472, 1.837
-0.891, -0.485, 1.838
-0.891, -0.497, 1.839
-0.892, -0.510, 1.841
-0.894, -0.523, 1.844
-0.896, -0.537, 1.850
-0.898, -0.550, 1.854
-0.899, -0.563, 1.856
-0.900, -0.576, 1.857
-0.887, -0.588, 1.856
-0.878, -0.497, 1.838
-0.876, -0.459, 1.833
-0.873, -0.421, 1.827
-0.873, -0.409, 1.826
-0.882, -0.383, 1.820
-0.894, -0.359, 1.819
-0.902, -0.333, 1.811
-0.890, -0.333, 1.811
-0.944, -0.487, 1.846
-0.933, -0.512, 1.850
-0.936, -0.563, 1.855
-0.925, -0.576, 1.859
-0.929, -0.603, 1.865
-0.942, -0.616, 1.867
-0.954, -0.616, 1.865
-0.929, -0.616, 1.865
RegionID:3
Center:0.618,-0.141,1.371
Normal:-0.027,-0.337,-0.941
NumPatches:150
0.576, -0.407, 1.470
0.567, -0.418, 1.472
0.559, -0.428, 1.476
0.561, -0.440, 1.481
0.562, -0.451, 1.485
0.564, -0.462, 1.489
0.565, -0.473, 1.492
0.568, -0.428, 1.475
0.558, -0.418, 1.472
0.567, -0.407, 1.470
0.565, -0.396, 1.467
0.564, -0.386, 1.462
0.575, -0.396, 1.466
0.573, -0.385, 1.461
0.572, -0.375, 1.458
0.571, -0.364, 1.455
0.581, -0.374, 1.457
0.582, -0.385, 1.460
0.579, -0.364, 1.453
0.579, -0.354, 1.451
0.577, -0.343, 1.447
0.575, -0.332, 1.442
0.574, -0.322, 1.439
0.584, -0.332, 1.441
0.585, -0.343, 1.444
0.587, -0.353, 1.448
0.593, -0.332, 1.440
0.583, -0.322, 1.438
0.581, -0.311, 1.433
0.578, -0.301, 1.427
0.577, -0.290, 1.424
0.588, -0.301, 1.427
0.590, -0.311, 1.431
0.592, -0.322, 1.436
0.586, -0.290, 1.423
0.585, -0.280, 1.420
0.584, -0.270, 1.417
0.583, -0.260, 1.414
0.593, -0.270, 1.417
0.594, -0.280, 1.420
0.596, -0.290, 1.424
0.603, -0.270, 1.418
0.592, -0.260, 1.414
0.590, -0.250, 1.410
0.590, -0.241, 1.409
0.599, -0.250, 1.410
0.601, -0.260, 1.414
0.608, -0.250, 1.408
0.598, -0.240, 1.407
0.596, -0.230, 1.402
0.594, -0.220, 1.397
0.593, -0.211, 1.395
0.603, -0.220, 1.396
0.605, -0.230, 1.400
0.607, -0.240, 1.404
0.612, -0.220, 1.396
0.602, -0.210, 1.395
0.601, -0.201, 1.392
0.600, -0.191, 1.390
0.610, -0.201, 1.392
0.611, -0.210, 1.393
0.619, -0.201, 1.391
0.610, -0.191, 1.390
0.608, -0.182, 1.387
0.619, -0.191, 1.390
0.617, -0.182, 1.387
0.615, -0.172, 1.382
0.604, -0.162, 1.377
0.603, -0.153, 1.374
0.613, -0.162, 1.377
0.612, -0.153, 1.374
0.610, -0.143, 1.371
0.609, -0.134, 1.368
0.619, -0.143, 1.370
0.620, -0.153, 1.373
0.622, -0.162, 1.377
0.624, -0.172, 1.381
0.618, -0.134, 1.367
0.616, -0.124, 1.363
0.615, -0.115, 1.361
0.614, -0.106, 1.359
0.623, -0.106, 1.359
0.622, -0.097, 1.356
0.611, -0.088, 1.353
0.620, -0.087, 1.352
0.618, -0.078, 1.348
0.617, -0.069, 1.345
0.615, -0.060, 1.342
0.624, -0.060, 1.341
0.622, -0.051, 1.338
0.631, -0.051, 1.337
0.630, -0.042, 1.335
0.628, -0.033, 1.332
0.627, -0.024, 1.329
0.636, -0.024, 1.329
0.635, -0.015, 1.327
0.645, -0.024, 1.330
0.647, -0.033, 1.333
0.648, -0.042, 1.336
0.640, -0.051, 1.337
0.641, -0.060, 1.340
0.642, -0.069, 1.342
0.634, -0.078, 1.345
0.635, -0.087, 1.347
0.630, -0.097, 1.353
0.632, -0.106, 1.359
0.633, -0.115, 1.360
0.625, -0.124, 1.362
0.626, -0.134, 1.365
0.634, -0.124, 1.362
0.638, -0.096, 1.351
0.643, -0.078, 1.344
0.649, -0.051, 1.338
0.655, -0.024, 1.332
0.644, -0.015, 1.327
0.642, -0.007, 1.324
0.640, 0.002, 1.320
0.651, -0.007, 1.324
0.653, -0.015, 1.328
0.649, 0.002, 1.321
0.648, 0.011, 1.317
0.645, 0.020, 1.312
0.634, 0.028, 1.308
0.643, 0.028, 1.308
0.642, 0.037, 1.306
0.642, 0.045, 1.305
0.640, 0.054, 1.303
0.649, 0.054, 1.302
0.647, 0.062, 1.298
0.645, 0.071, 1.295
0.654, 0.071, 1.295
0.653, 0.079, 1.293
0.652, 0.088, 1.290
0.661, 0.079, 1.293
0.662, 0.071, 1.295
0.663, 0.062, 1.297
0.665, 0.054, 1.300
0.666, 0.045, 1.302
0.668, 0.037, 1.305
0.661, 0.028, 1.310
0.654, 0.020, 1.313
0.656, 0.011, 1.317
0.658, 0.002, 1.320
0.664, 0.020, 1.314
0.670, 0.028, 1.310
0.660, 0.088, 1.290
0.658, 0.096, 1.286
0.656, 0.104, 1.282
0.654, 0.112, 1.279
0.653, 0.121, 1.277
RegionID:4
Center:-0.226,-0.280,1.342
Normal:-0.096,-0.650,-0.754
NumPatches:98
-0.313, -0.275, 1.349
-0.302, -0.264, 1.339
-0.309, -0.254, 1.331
-0.318, -0.254, 1.331
-0.328, -0.255, 1.335
-0.335, -0.244, 1.327
-0.342, -0.234, 1.320
-0.351, -0.234, 1.321
-0.348, -0.224, 1.312
-0.339, -0.224, 1.310
-0.336, -0.213, 1.300
-0.334, -0.203, 1.289
-0.325, -0.203, 1.290
-0.317, -0.203, 1.291
-0.308, -0.203, 1.289
-0.305, -0.193, 1.279
-0.297, -0.193, 1.278
-0.290, -0.202, 1.285
-0.288, -0.193, 1.277
-0.281, -0.202, 1.283
-0.272, -0.202, 1.283
-0.264, -0.202, 1.282
-0.256, -0.211, 1.287
-0.258, -0.221, 1.295
-0.260, -0.231, 1.304
-0.251, -0.232, 1.305
-0.244, -0.241, 1.311
-0.242, -0.231, 1.302
-0.235, -0.241, 1.310
-0.226, -0.241, 1.309
-0.218, -0.251, 1.315
-0.217, -0.241, 1.307
-0.209, -0.250, 1.313
-0.211, -0.261, 1.323
-0.203, -0.272, 1.332
-0.202, -0.261, 1.324
-0.194, -0.272, 1.332
-0.186, -0.281, 1.336
-0.185, -0.271, 1.329
-0.177, -0.281, 1.335
-0.179, -0.293, 1.348
-0.170, -0.293, 1.346
-0.161, -0.292, 1.345
-0.151, -0.292, 1.343
-0.143, -0.292, 1.344
-0.134, -0.303, 1.352
-0.135, -0.314, 1.360
-0.127, -0.325, 1.368
-0.126, -0.313, 1.359
-0.118, -0.324, 1.366
-0.119, -0.336, 1.377
-0.109, -0.335, 1.376
-0.101, -0.347, 1.384
-0.111, -0.358, 1.394
-0.121, -0.372, 1.410
-0.132, -0.384, 1.421
-0.140, -0.372, 1.411
-0.148, -0.359, 1.397
-0.158, -0.360, 1.400
-0.168, -0.361, 1.404
-0.176, -0.350, 1.399
-0.184, -0.338, 1.387
-0.193, -0.339, 1.389
-0.203, -0.339, 1.390
-0.211, -0.328, 1.382
-0.221, -0.339, 1.391
-0.220, -0.328, 1.382
-0.228, -0.317, 1.374
-0.236, -0.306, 1.368
-0.246, -0.307, 1.373
-0.252, -0.295, 1.359
-0.264, -0.307, 1.372
-0.261, -0.295, 1.359
-0.269, -0.285, 1.352
-0.278, -0.285, 1.353
-0.285, -0.274, 1.342
-0.297, -0.286, 1.357
-0.294, -0.274, 1.345
-0.293, -0.264, 1.338
-0.300, -0.254, 1.331
-0.276, -0.274, 1.342
-0.260, -0.285, 1.351
-0.243, -0.295, 1.359
-0.226, -0.305, 1.363
-0.218, -0.316, 1.371
-0.202, -0.328, 1.382
-0.175, -0.338, 1.388
-0.167, -0.350, 1.396
-0.139, -0.359, 1.397
-0.131, -0.372, 1.411
-0.112, -0.371, 1.407
-0.101, -0.358, 1.392
-0.092, -0.347, 1.384
-0.100, -0.335, 1.375
-0.134, -0.292, 1.345
-0.255, -0.202, 1.281
-0.332, -0.234, 1.316
-0.325, -0.244, 1.323
RegionID:5
Center:-0.239,-0.131,1.429
Normal:-0.119,-0.675,-0.728
NumPatches:19
-0.209, -0.140, 1.430
-0.220, -0.151, 1.444
-0.230, -0.151, 1.446
-0.240, -0.151, 1.447
-0.248, -0.141, 1.441
-0.258, -0.141, 1.440
-0.266, -0.131, 1.432
-0.256, -0.131, 1.431
-0.254, -0.120, 1.419
-0.253, -0.110, 1.411
-0.251, -0.100, 1.403
-0.243, -0.110, 1.410
-0.245, -0.120, 1.419
-0.237, -0.130, 1.430
-0.239, -0.141, 1.440
-0.227, -0.130, 1.427
-0.235, -0.120, 1.419
-0.219, -0.140, 1.433
-0.217, -0.130, 1.424
RegionID:6
Center:-0.085,-0.001,1.151
Normal:-0.096,-0.643,-0.759
NumPatches:134
-0.105, 0.114, 1.058
-0.112, 0.114, 1.058
-0.119, 0.114, 1.058
-0.126, 0.114, 1.058
-0.133, 0.114, 1.059
-0.141, 0.114, 1.061
-0.149, 0.108, 1.067
-0.156, 0.108, 1.068
-0.164, 0.102, 1.074
-0.172, 0.095, 1.082
-0.180, 0.088, 1.088
-0.181, 0.082, 1.093
-0.182, 0.075, 1.099
-0.183, 0.068, 1.105
-0.184, 0.061, 1.110
-0.185, 0.054, 1.115
-0.194, 0.047, 1.123
-0.195, 0.039, 1.129
-0.196, 0.032, 1.139
-0.190, 0.025, 1.144
-0.188, 0.032, 1.137
-0.182, 0.025, 1.141
-0.183, 0.017, 1.150
-0.176, 0.010, 1.154
-0.175, 0.017, 1.148
-0.168, 0.010, 1.154
-0.161, 0.002, 1.158
-0.161, 0.010, 1.153
-0.153, 0.002, 1.157
-0.154, -0.006, 1.163
-0.155, -0.014, 1.168
-0.147, -0.014, 1.166
-0.140, -0.021, 1.174
-0.141, -0.029, 1.181
-0.134, -0.037, 1.185
-0.133, -0.029, 1.179
-0.126, -0.037, 1.184
-0.127, -0.046, 1.193
-0.119, -0.054, 1.201
-0.119, -0.046, 1.193
-0.111, -0.054, 1.198
-0.104, -0.062, 1.206
-0.103, -0.054, 1.196
-0.096, -0.062, 1.206
-0.096, -0.070, 1.213
-0.089, -0.079, 1.217
-0.088, -0.070, 1.213
-0.081, -0.079, 1.217
-0.081, -0.087, 1.222
-0.073, -0.096, 1.228
-0.073, -0.087, 1.222
-0.065, -0.096, 1.226
-0.065, -0.104, 1.235
-0.058, -0.114, 1.244
-0.057, -0.104, 1.233
-0.049, -0.113, 1.242
-0.050, -0.122, 1.251
-0.041, -0.122, 1.248
-0.033, -0.131, 1.254
-0.033, -0.122, 1.247
-0.025, -0.131, 1.254
-0.016, -0.131, 1.253
-0.016, -0.122, 1.243
-0.008, -0.121, 1.240
-0.008, -0.112, 1.232
-0.008, -0.104, 1.228
0.000, -0.104, 1.228
0.008, -0.113, 1.234
0.008, -0.104, 1.228
0.017, -0.104, 1.226
0.025, -0.103, 1.223
0.024, -0.095, 1.216
0.033, -0.095, 1.215
0.041, -0.095, 1.214
0.049, -0.095, 1.213
0.048, -0.086, 1.204
0.040, -0.078, 1.198
0.032, -0.069, 1.192
0.032, -0.061, 1.184
0.024, -0.053, 1.180
0.016, -0.053, 1.179
0.016, -0.045, 1.175
0.008, -0.037, 1.168
0.000, -0.029, 1.163
-0.007, -0.021, 1.159
-0.015, -0.021, 1.160
-0.015, -0.013, 1.154
-0.023, -0.006, 1.146
-0.030, 0.002, 1.143
-0.038, 0.002, 1.143
-0.037, 0.009, 1.135
-0.045, 0.017, 1.132
-0.052, 0.024, 1.127
-0.052, 0.032, 1.121
-0.059, 0.039, 1.113
-0.066, 0.046, 1.107
-0.073, 0.053, 1.101
-0.080, 0.060, 1.096
-0.087, 0.067, 1.092
-0.094, 0.074, 1.088
-0.100, 0.081, 1.083
-0.107, 0.088, 1.078
-0.107, 0.094, 1.071
-0.106, 0.101, 1.066
-0.106, 0.107, 1.062
-0.100, 0.088, 1.078
-0.093, 0.081, 1.082
-0.086, 0.074, 1.087
-0.079, 0.067, 1.091
-0.073, 0.060, 1.096
-0.066, 0.053, 1.102
-0.059, 0.046, 1.108
-0.052, 0.039, 1.114
-0.045, 0.024, 1.127
-0.037, 0.017, 1.130
-0.023, 0.002, 1.141
-0.015, -0.006, 1.146
0.000, -0.021, 1.157
0.008, -0.029, 1.160
0.016, -0.037, 1.167
0.032, -0.053, 1.178
0.040, -0.069, 1.191
0.048, -0.078, 1.198
0.056, -0.086, 1.204
-0.139, -0.014, 1.165
-0.186, 0.046, 1.121
-0.179, 0.095, 1.082
-0.178, 0.102, 1.076
-0.165, 0.095, 1.081
-0.163, 0.108, 1.068
-0.148, 0.114, 1.062
-0.140, 0.121, 1.056
-0.133, 0.121, 1.055
-0.119, 0.120, 1.052
RegionID:7
Center:-0.502,-0.073,1.270
Normal:-0.122,-0.651,-0.749
NumPatches:30
-0.556, -0.083, 1.289
-0.546, -0.083, 1.285
-0.540, -0.092, 1.290
-0.536, -0.083, 1.281
-0.531, -0.092, 1.290
-0.527, -0.083, 1.280
-0.524, -0.074, 1.273
-0.515, -0.074, 1.273
-0.512, -0.065, 1.265
-0.504, -0.065, 1.265
-0.498, -0.074, 1.271
-0.501, -0.083, 1.279
-0.513, -0.092, 1.288
-0.526, -0.101, 1.298
-0.538, -0.111, 1.307
-0.522, -0.092, 1.289
-0.516, -0.101, 1.296
-0.504, -0.092, 1.286
-0.488, -0.074, 1.268
-0.495, -0.065, 1.263
-0.491, -0.056, 1.254
-0.485, -0.065, 1.259
-0.481, -0.056, 1.250
-0.473, -0.056, 1.251
-0.465, -0.056, 1.252
-0.462, -0.047, 1.244
-0.458, -0.039, 1.233
-0.453, -0.047, 1.242
-0.448, -0.039, 1.228
-0.438, -0.039, 1.223
RegionID:8
Center:-0.295,0.174,1.018
Normal:-0.070,-0.088,-0.994
NumPatches:163
-0.279, 0.340, 1.002
-0.287, 0.335, 1.004
-0.294, 0.335, 1.006
-0.300, 0.335, 1.006
-0.307, 0.341, 1.004
-0.313, 0.341, 1.004
-0.320, 0.348, 1.005
-0.327, 0.348, 1.004
-0.333, 0.348, 1.004
-0.340, 0.348, 1.006
-0.348, 0.342, 1.007
-0.354, 0.336, 1.007
-0.355, 0.329, 1.009
-0.355, 0.323, 1.010
-0.355, 0.317, 1.010
-0.356, 0.310, 1.011
-0.356, 0.304, 1.012
-0.356, 0.297, 1.012
-0.356, 0.290, 1.012
-0.356, 0.284, 1.012
-0.356, 0.277, 1.013
-0.357, 0.271, 1.014
-0.364, 0.264, 1.016
-0.364, 0.258, 1.016
-0.364, 0.251, 1.016
-0.365, 0.245, 1.018
-0.365, 0.238, 1.018
-0.365, 0.232, 1.019
-0.365, 0.225, 1.020
-0.365, 0.218, 1.020
-0.365, 0.211, 1.019
-0.365, 0.204, 1.019
-0.366, 0.198, 1.020
-0.366, 0.191, 1.021
-0.366, 0.185, 1.022
-0.367, 0.178, 1.023
-0.367, 0.171, 1.024
-0.367, 0.165, 1.024
-0.367, 0.158, 1.024
-0.367, 0.151, 1.025
-0.368, 0.145, 1.026
-0.368, 0.138, 1.026
-0.368, 0.131, 1.027
-0.368, 0.124, 1.028
-0.369, 0.118, 1.029
-0.369, 0.111, 1.029
-0.369, 0.104, 1.030
-0.376, 0.097, 1.031
-0.376, 0.091, 1.031
-0.377, 0.084, 1.032
-0.377, 0.077, 1.033
-0.377, 0.070, 1.033
-0.377, 0.063, 1.033
-0.377, 0.057, 1.034
-0.378, 0.050, 1.035
-0.378, 0.043, 1.036
-0.379, 0.036, 1.038
-0.379, 0.029, 1.038
-0.379, 0.022, 1.039
-0.379, 0.015, 1.039
-0.380, 0.009, 1.041
-0.373, 0.009, 1.040
-0.366, 0.002, 1.040
-0.366, 0.009, 1.039
-0.358, 0.002, 1.038
-0.351, 0.002, 1.037
-0.344, 0.002, 1.036
-0.337, 0.002, 1.036
-0.330, 0.002, 1.036
-0.323, 0.002, 1.036
-0.316, -0.005, 1.034
-0.316, 0.002, 1.035
-0.309, -0.005, 1.034
-0.302, -0.005, 1.034
-0.295, -0.005, 1.034
-0.289, -0.005, 1.036
-0.282, -0.005, 1.036
-0.275, -0.005, 1.035
-0.268, -0.012, 1.034
-0.267, -0.005, 1.033
-0.260, -0.012, 1.032
-0.253, -0.012, 1.031
-0.246, -0.012, 1.030
-0.246, -0.005, 1.031
-0.246, 0.002, 1.031
-0.246, 0.009, 1.031
-0.246, 0.015, 1.031
-0.246, 0.022, 1.029
-0.239, 0.022, 1.029
-0.239, 0.029, 1.027
-0.238, 0.036, 1.026
-0.238, 0.043, 1.026
-0.238, 0.049, 1.026
-0.238, 0.056, 1.025
-0.238, 0.063, 1.025
-0.238, 0.070, 1.024
-0.238, 0.076, 1.023
-0.237, 0.083, 1.022
-0.230, 0.083, 1.021
-0.230, 0.090, 1.021
-0.230, 0.096, 1.020
-0.230, 0.103, 1.020
-0.230, 0.110, 1.020
-0.230, 0.117, 1.019
-0.230, 0.123, 1.018
-0.229, 0.130, 1.017
-0.229, 0.137, 1.017
-0.229, 0.143, 1.017
-0.229, 0.150, 1.016
-0.222, 0.150, 1.015
-0.222, 0.156, 1.014
-0.222, 0.163, 1.014
-0.222, 0.170, 1.013
-0.222, 0.176, 1.012
-0.222, 0.183, 1.012
-0.222, 0.190, 1.012
-0.221, 0.196, 1.011
-0.221, 0.203, 1.011
-0.221, 0.209, 1.011
-0.221, 0.216, 1.010
-0.221, 0.222, 1.009
-0.214, 0.222, 1.008
-0.214, 0.229, 1.007
-0.214, 0.235, 1.006
-0.214, 0.242, 1.006
-0.213, 0.248, 1.005
-0.213, 0.255, 1.005
-0.213, 0.262, 1.005
-0.213, 0.268, 1.003
-0.213, 0.274, 1.003
-0.213, 0.281, 1.003
-0.213, 0.288, 1.003
-0.213, 0.295, 1.004
-0.213, 0.301, 1.004
-0.206, 0.301, 1.003
-0.206, 0.307, 1.001
-0.206, 0.313, 0.999
-0.205, 0.320, 0.999
-0.212, 0.326, 0.999
-0.219, 0.333, 0.999
-0.226, 0.333, 1.000
-0.232, 0.333, 1.000
-0.239, 0.333, 1.000
-0.246, 0.333, 1.000
-0.253, 0.334, 1.001
-0.259, 0.334, 1.003
-0.266, 0.334, 1.003
-0.273, 0.334, 1.003
-0.280, 0.334, 1.003
-0.286, 0.341, 1.002
-0.246, 0.340, 1.000
-0.239, 0.340, 1.000
-0.212, 0.333, 0.999
-0.205, 0.326, 0.999
-0.206, 0.274, 1.002
-0.223, 0.130, 1.017
-0.223, 0.123, 1.019
-0.370, 0.097, 1.031
-0.357, 0.264, 1.015
-0.354, 0.342, 1.007
-0.347, 0.349, 1.007
-0.313, 0.348, 1.004
-0.300, 0.341, 1.004
RegionID:9
Center:0.553,0.045,1.431
Normal:-0.126,-0.645,-0.754
NumPatches:27
0.547, 0.086, 1.395
0.542, 0.077, 1.405
0.535, 0.068, 1.413
0.524, 0.077, 1.408
0.522, 0.086, 1.403
0.533, 0.077, 1.408
0.531, 0.086, 1.403
0.538, 0.059, 1.421
0.542, 0.050, 1.430
0.544, 0.040, 1.437
0.547, 0.031, 1.444
0.550, 0.022, 1.452
0.562, 0.012, 1.459
0.559, 0.022, 1.450
0.572, 0.012, 1.458
0.574, 0.002, 1.464
0.567, -0.007, 1.471
0.557, -0.007, 1.471
0.568, 0.022, 1.449
0.576, 0.022, 1.446
0.574, 0.031, 1.441
0.572, 0.040, 1.434
0.560, 0.050, 1.427
0.557, 0.059, 1.420
0.553, 0.068, 1.410
0.549, 0.077, 1.401
0.568, 0.050, 1.425
RegionID:10
Center:-0.531,0.068,1.116
Normal:-0.466,-0.296,-0.834
NumPatches:42
-0.515, 0.068, 1.109
-0.525, 0.068, 1.113
-0.523, 0.075, 1.109
-0.521, 0.082, 1.105
-0.519, 0.090, 1.102
-0.518, 0.097, 1.099
-0.526, 0.104, 1.101
-0.535, 0.104, 1.105
-0.544, 0.112, 1.107
-0.557, 0.106, 1.118
-0.568, 0.099, 1.125
-0.569, 0.092, 1.128
-0.560, 0.084, 1.125
-0.559, 0.091, 1.123
-0.558, 0.098, 1.120
-0.550, 0.084, 1.119
-0.552, 0.076, 1.124
-0.554, 0.069, 1.128
-0.546, 0.062, 1.127
-0.549, 0.054, 1.133
-0.551, 0.047, 1.136
-0.541, 0.039, 1.133
-0.540, 0.047, 1.130
-0.531, 0.039, 1.127
-0.532, 0.032, 1.130
-0.534, 0.024, 1.132
-0.524, 0.024, 1.127
-0.514, 0.024, 1.121
-0.512, 0.031, 1.117
-0.501, 0.031, 1.110
-0.500, 0.039, 1.108
-0.509, 0.046, 1.111
-0.508, 0.053, 1.109
-0.517, 0.061, 1.112
-0.507, 0.061, 1.108
-0.499, 0.046, 1.106
-0.491, 0.038, 1.104
-0.492, 0.031, 1.105
-0.544, 0.069, 1.123
-0.554, 0.113, 1.113
-0.534, 0.111, 1.101
-0.517, 0.104, 1.097
RegionID:11
Center:0.110,0.147,0.999
Normal:-0.109,-0.641,-0.760
NumPatches:261
-0.014, 0.125, 1.034
-0.020, 0.125, 1.035
-0.020, 0.131, 1.028
-0.020, 0.137, 1.023
-0.020, 0.144, 1.019
-0.027, 0.150, 1.016
-0.034, 0.144, 1.024
-0.041, 0.138, 1.030
-0.048, 0.138, 1.030
-0.055, 0.138, 1.031
-0.061, 0.139, 1.032
-0.068, 0.139, 1.032
-0.075, 0.139, 1.033
-0.068, 0.145, 1.027
-0.068, 0.151, 1.021
-0.067, 0.157, 1.017
-0.067, 0.163, 1.011
-0.060, 0.162, 1.010
-0.060, 0.168, 1.005
-0.060, 0.174, 1.000
-0.059, 0.180, 0.994
-0.059, 0.185, 0.990
-0.052, 0.185, 0.989
-0.052, 0.191, 0.984
-0.052, 0.197, 0.980
-0.052, 0.202, 0.975
-0.051, 0.207, 0.970
-0.051, 0.213, 0.966
-0.045, 0.213, 0.965
-0.045, 0.218, 0.962
-0.044, 0.224, 0.958
-0.044, 0.229, 0.954
-0.038, 0.229, 0.954
-0.038, 0.235, 0.950
-0.037, 0.240, 0.946
-0.031, 0.234, 0.947
-0.025, 0.228, 0.949
-0.025, 0.223, 0.956
-0.025, 0.218, 0.961
-0.025, 0.212, 0.963
-0.025, 0.207, 0.967
-0.019, 0.201, 0.971
-0.019, 0.207, 0.967
-0.013, 0.201, 0.971
-0.006, 0.201, 0.971
-0.006, 0.207, 0.968
-0.013, 0.212, 0.964
-0.019, 0.218, 0.959
-0.012, 0.222, 0.951
-0.019, 0.228, 0.948
-0.025, 0.233, 0.945
-0.012, 0.228, 0.948
-0.012, 0.234, 0.945
-0.006, 0.228, 0.948
0.000, 0.222, 0.950
-0.006, 0.217, 0.956
0.000, 0.212, 0.963
0.000, 0.207, 0.967
0.000, 0.217, 0.956
0.007, 0.222, 0.950
0.006, 0.227, 0.946
0.006, 0.233, 0.943
0.013, 0.227, 0.945
0.013, 0.233, 0.943
0.019, 0.227, 0.945
0.019, 0.222, 0.948
0.026, 0.216, 0.953
0.025, 0.222, 0.948
0.032, 0.216, 0.953
0.038, 0.216, 0.952
0.045, 0.211, 0.955
0.044, 0.216, 0.951
0.051, 0.211, 0.955
0.057, 0.210, 0.953
0.063, 0.210, 0.952
0.070, 0.210, 0.951
0.070, 0.215, 0.949
0.076, 0.210, 0.950
0.076, 0.204, 0.953
0.083, 0.204, 0.953
0.089, 0.204, 0.952
0.095, 0.198, 0.956
0.095, 0.204, 0.952
0.102, 0.198, 0.955
0.109, 0.192, 0.959
0.108, 0.198, 0.955
0.115, 0.192, 0.958
0.122, 0.187, 0.962
0.121, 0.192, 0.957
0.128, 0.187, 0.962
0.135, 0.181, 0.968
0.134, 0.187, 0.962
0.142, 0.181, 0.967
0.148, 0.181, 0.967
0.154, 0.181, 0.966
0.161, 0.175, 0.971
0.161, 0.181, 0.966
0.168, 0.175, 0.970
0.174, 0.175, 0.968
0.180, 0.175, 0.966
0.186, 0.174, 0.965
0.193, 0.174, 0.965
0.199, 0.174, 0.964
0.206, 0.169, 0.968
0.205, 0.174, 0.964
0.212, 0.168, 0.967
0.218, 0.168, 0.965
0.225, 0.162, 0.968
0.224, 0.168, 0.964
0.231, 0.162, 0.967
0.238, 0.162, 0.967
0.246, 0.156, 0.972
0.247, 0.151, 0.977
0.253, 0.150, 0.975
0.258, 0.150, 0.972
0.258, 0.156, 0.969
0.257, 0.162, 0.965
0.264, 0.156, 0.968
0.263, 0.162, 0.965
0.270, 0.156, 0.969
0.277, 0.156, 0.969
0.283, 0.156, 0.969
0.291, 0.150, 0.972
0.286, 0.144, 0.976
0.287, 0.138, 0.981
0.282, 0.133, 0.987
0.283, 0.127, 0.991
0.278, 0.121, 0.996
0.273, 0.115, 1.003
0.275, 0.109, 1.008
0.270, 0.103, 1.015
0.271, 0.096, 1.019
0.265, 0.090, 1.024
0.267, 0.084, 1.030
0.262, 0.077, 1.037
0.256, 0.071, 1.042
0.258, 0.064, 1.047
0.253, 0.058, 1.056
0.246, 0.058, 1.056
0.239, 0.058, 1.055
0.231, 0.058, 1.055
0.223, 0.064, 1.050
0.217, 0.065, 1.053
0.211, 0.065, 1.056
0.203, 0.072, 1.053
0.196, 0.072, 1.053
0.189, 0.072, 1.054
0.181, 0.078, 1.048
0.174, 0.078, 1.049
0.168, 0.078, 1.051
0.161, 0.078, 1.051
0.154, 0.078, 1.050
0.146, 0.085, 1.047
0.139, 0.085, 1.048
0.133, 0.085, 1.049
0.126, 0.085, 1.050
0.118, 0.092, 1.045
0.111, 0.092, 1.046
0.105, 0.092, 1.048
0.097, 0.098, 1.042
0.090, 0.099, 1.043
0.083, 0.099, 1.044
0.076, 0.105, 1.040
0.069, 0.105, 1.040
0.062, 0.105, 1.040
0.056, 0.105, 1.041
0.048, 0.112, 1.037
0.042, 0.112, 1.038
0.035, 0.112, 1.039
0.028, 0.112, 1.040
0.021, 0.119, 1.036
0.014, 0.119, 1.037
0.007, 0.125, 1.033
0.000, 0.125, 1.033
-0.007, 0.125, 1.034
-0.014, 0.119, 1.042
-0.007, 0.131, 1.029
-0.013, 0.137, 1.023
-0.007, 0.138, 1.024
-0.007, 0.144, 1.020
-0.013, 0.150, 1.016
-0.020, 0.150, 1.015
-0.020, 0.156, 1.010
-0.026, 0.162, 1.005
-0.026, 0.167, 1.000
-0.033, 0.173, 0.995
-0.040, 0.174, 0.998
-0.046, 0.174, 0.999
-0.046, 0.180, 0.994
-0.046, 0.185, 0.989
-0.039, 0.185, 0.987
-0.033, 0.179, 0.990
-0.033, 0.185, 0.985
-0.026, 0.185, 0.985
-0.020, 0.179, 0.992
-0.026, 0.173, 0.995
-0.020, 0.174, 0.997
-0.013, 0.168, 1.002
-0.020, 0.162, 1.005
-0.013, 0.162, 1.007
-0.007, 0.156, 1.012
-0.007, 0.150, 1.016
0.000, 0.150, 1.016
0.007, 0.150, 1.015
0.007, 0.155, 1.008
0.000, 0.161, 1.004
-0.006, 0.162, 1.006
0.007, 0.161, 1.002
-0.013, 0.174, 0.998
-0.013, 0.179, 0.992
-0.019, 0.185, 0.986
-0.013, 0.184, 0.984
-0.006, 0.184, 0.982
0.000, 0.178, 0.987
-0.006, 0.174, 0.997
0.000, 0.173, 0.994
0.000, 0.184, 0.981
0.014, 0.125, 1.032
0.028, 0.118, 1.035
0.055, 0.112, 1.035
0.083, 0.105, 1.039
0.104, 0.098, 1.041
0.103, 0.105, 1.034
0.103, 0.111, 1.029
0.102, 0.117, 1.024
0.102, 0.124, 1.021
0.101, 0.130, 1.017
0.108, 0.130, 1.015
0.115, 0.123, 1.018
0.109, 0.117, 1.023
0.117, 0.111, 1.030
0.117, 0.105, 1.036
0.111, 0.098, 1.041
0.118, 0.098, 1.040
0.125, 0.092, 1.044
0.124, 0.098, 1.039
0.131, 0.098, 1.036
0.130, 0.104, 1.031
0.123, 0.111, 1.028
0.116, 0.117, 1.022
0.130, 0.110, 1.025
0.115, 0.129, 1.014
0.153, 0.085, 1.045
0.188, 0.078, 1.047
0.210, 0.071, 1.051
0.230, 0.064, 1.049
0.259, 0.058, 1.054
0.263, 0.071, 1.041
0.269, 0.077, 1.036
0.272, 0.090, 1.023
0.276, 0.102, 1.013
0.279, 0.114, 1.001
0.285, 0.120, 0.996
0.288, 0.132, 0.986
0.292, 0.144, 0.976
0.297, 0.150, 0.971
0.290, 0.156, 0.969
0.244, 0.162, 0.967
-0.034, 0.132, 1.034
-0.034, 0.138, 1.029
-0.034, 0.150, 1.017
RegionID:12
Center:0.554,0.160,1.331
Normal:-0.054,-0.646,-0.762
NumPatches:68
0.541, 0.137, 1.357
0.551, 0.128, 1.359
0.544, 0.120, 1.363
0.538, 0.111, 1.372
0.530, 0.112, 1.375
0.527, 0.120, 1.368
0.516, 0.129, 1.362
0.525, 0.129, 1.362
0.535, 0.120, 1.366
0.541, 0.103, 1.380
0.563, 0.120, 1.366
0.566, 0.112, 1.374
0.561, 0.103, 1.384
0.567, 0.128, 1.355
0.556, 0.136, 1.349
0.553, 0.145, 1.342
0.543, 0.153, 1.339
0.534, 0.153, 1.339
0.532, 0.161, 1.333
0.529, 0.169, 1.326
0.525, 0.177, 1.317
0.514, 0.185, 1.311
0.506, 0.185, 1.313
0.523, 0.185, 1.311
0.521, 0.193, 1.306
0.509, 0.200, 1.297
0.500, 0.200, 1.298
0.514, 0.208, 1.290
0.506, 0.216, 1.289
0.498, 0.216, 1.291
0.526, 0.200, 1.298
0.523, 0.208, 1.290
0.522, 0.216, 1.287
0.530, 0.215, 1.287
0.540, 0.161, 1.332
0.551, 0.153, 1.337
0.549, 0.161, 1.333
0.547, 0.170, 1.328
0.545, 0.178, 1.323
0.542, 0.185, 1.316
0.550, 0.185, 1.314
0.564, 0.136, 1.348
0.575, 0.128, 1.352
0.573, 0.136, 1.347
0.571, 0.145, 1.342
0.569, 0.153, 1.338
0.567, 0.161, 1.334
0.563, 0.169, 1.325
0.572, 0.169, 1.325
0.568, 0.177, 1.316
0.576, 0.177, 1.315
0.572, 0.184, 1.303
0.586, 0.177, 1.316
0.588, 0.169, 1.321
0.584, 0.161, 1.331
0.578, 0.153, 1.337
0.579, 0.145, 1.341
0.581, 0.136, 1.346
0.584, 0.128, 1.351
0.586, 0.153, 1.336
0.597, 0.144, 1.340
0.601, 0.152, 1.331
0.591, 0.161, 1.328
0.595, 0.177, 1.316
0.592, 0.185, 1.310
0.597, 0.192, 1.303
0.607, 0.184, 1.306
0.606, 0.169, 1.321
RegionID:13
Center:0.524,0.386,1.141
Normal:-0.069,-0.624,-0.779
NumPatches:25
0.554, 0.381, 1.143
0.547, 0.381, 1.143
0.540, 0.382, 1.145
0.535, 0.376, 1.150
0.527, 0.376, 1.150
0.522, 0.370, 1.155
0.519, 0.375, 1.149
0.517, 0.381, 1.144
0.508, 0.388, 1.141
0.506, 0.394, 1.136
0.504, 0.400, 1.131
0.502, 0.405, 1.127
0.509, 0.405, 1.126
0.507, 0.411, 1.122
0.516, 0.405, 1.125
0.519, 0.400, 1.132
0.514, 0.394, 1.137
0.523, 0.388, 1.142
0.525, 0.382, 1.145
0.533, 0.382, 1.146
0.522, 0.394, 1.138
0.536, 0.369, 1.153
0.539, 0.363, 1.159
0.543, 0.368, 1.151
0.550, 0.368, 1.150
