NumRegions:13
RegionID:0
Center:0.176,-0.367,1.202
Normal:-0.295,-0.560,-0.774
NumPatches:283
0.112, -0.451, 1.289
0.119, -0.437, 1.272
0.110, -0.428, 1.273
0.102, -0.430, 1.278
0.093, -0.421, 1.275
0.085, -0.421, 1.277
0.076, -0.410, 1.267
0.067, -0.401, 1.265
0.059, -0.403, 1.272
0.051, -0.392, 1.265
0.042, -0.384, 1.264
0.034, -0.376, 1.267
0.034, -0.367, 1.265
0.026, -0.360, 1.271
0.017, -0.353, 1.273
0.009, -0.346, 1.279
0.009, -0.336, 1.275
0.017, -0.344, 1.271
0.017, -0.335, 1.269
0.017, -0.325, 1.266
0.025, -0.334, 1.265
0.026, -0.342, 1.267
0.026, -0.351, 1.268
0.034, -0.359, 1.264
0.034, -0.341, 1.263
0.042, -0.340, 1.257
0.042, -0.332, 1.258
0.042, -0.323, 1.258
0.050, -0.338, 1.249
0.058, -0.335, 1.240
0.058, -0.326, 1.236
0.058, -0.317, 1.235
0.058, -0.309, 1.234
0.065, -0.307, 1.226
0.073, -0.304, 1.215
0.080, -0.302, 1.207
0.088, -0.300, 1.200
0.095, -0.299, 1.193
0.102, -0.296, 1.183
0.102, -0.289, 1.184
0.103, -0.281, 1.185
0.103, -0.274, 1.190
0.096, -0.270, 1.204
0.104, -0.268, 1.196
0.111, -0.266, 1.188
0.117, -0.269, 1.169
0.116, -0.276, 1.164
0.116, -0.284, 1.163
0.109, -0.294, 1.172
0.116, -0.300, 1.165
0.117, -0.308, 1.170
0.124, -0.315, 1.166
0.124, -0.306, 1.161
0.131, -0.313, 1.158
0.139, -0.321, 1.160
0.140, -0.331, 1.167
0.147, -0.330, 1.163
0.154, -0.329, 1.160
0.153, -0.319, 1.151
0.160, -0.318, 1.149
0.159, -0.308, 1.141
0.159, -0.299, 1.136
0.151, -0.292, 1.135
0.144, -0.301, 1.140
0.138, -0.311, 1.151
0.137, -0.302, 1.145
0.144, -0.293, 1.138
0.144, -0.285, 1.137
0.137, -0.278, 1.142
0.130, -0.288, 1.150
0.130, -0.280, 1.149
0.123, -0.274, 1.156
0.130, -0.273, 1.149
0.130, -0.265, 1.151
0.124, -0.261, 1.165
0.117, -0.263, 1.176
0.125, -0.254, 1.171
0.131, -0.258, 1.154
0.131, -0.252, 1.160
0.132, -0.246, 1.168
0.137, -0.264, 1.144
0.137, -0.271, 1.143
0.144, -0.277, 1.137
0.144, -0.270, 1.137
0.151, -0.276, 1.133
0.151, -0.269, 1.132
0.158, -0.275, 1.130
0.165, -0.275, 1.129
0.165, -0.268, 1.128
0.172, -0.275, 1.127
0.180, -0.282, 1.126
0.180, -0.274, 1.125
0.187, -0.282, 1.125
0.194, -0.282, 1.125
0.202, -0.282, 1.125
0.210, -0.282, 1.128
0.210, -0.275, 1.128
0.218, -0.276, 1.131
0.226, -0.276, 1.134
0.227, -0.269, 1.136
0.227, -0.263, 1.140
0.236, -0.264, 1.143
0.237, -0.257, 1.148
0.230, -0.250, 1.151
0.221, -0.250, 1.149
0.237, -0.250, 1.152
0.244, -0.264, 1.145
0.243, -0.271, 1.143
0.243, -0.278, 1.141
0.242, -0.285, 1.139
0.234, -0.292, 1.135
0.226, -0.298, 1.132
0.218, -0.306, 1.131
0.210, -0.305, 1.130
0.203, -0.314, 1.132
0.196, -0.314, 1.133
0.190, -0.324, 1.143
0.191, -0.334, 1.151
0.193, -0.344, 1.160
0.194, -0.355, 1.169
0.202, -0.354, 1.168
0.211, -0.365, 1.177
0.213, -0.376, 1.186
0.215, -0.387, 1.198
0.223, -0.387, 1.197
0.232, -0.397, 1.203
0.233, -0.406, 1.207
0.240, -0.405, 1.203
0.247, -0.403, 1.196
0.245, -0.392, 1.189
0.237, -0.385, 1.190
0.230, -0.387, 1.195
0.229, -0.376, 1.186
0.219, -0.365, 1.176
0.209, -0.354, 1.167
0.207, -0.342, 1.152
0.205, -0.331, 1.142
0.204, -0.322, 1.135
0.214, -0.341, 1.150
0.217, -0.353, 1.163
0.226, -0.364, 1.174
0.236, -0.374, 1.181
0.244, -0.383, 1.184
0.242, -0.372, 1.175
0.251, -0.381, 1.179
0.258, -0.380, 1.175
0.267, -0.390, 1.181
0.268, -0.399, 1.186
0.276, -0.399, 1.185
0.283, -0.398, 1.182
0.290, -0.397, 1.179
0.288, -0.386, 1.170
0.279, -0.377, 1.166
0.272, -0.378, 1.168
0.265, -0.379, 1.171
0.263, -0.369, 1.164
0.255, -0.360, 1.160
0.245, -0.350, 1.153
0.238, -0.350, 1.154
0.228, -0.340, 1.145
0.221, -0.340, 1.146
0.228, -0.331, 1.141
0.236, -0.340, 1.145
0.235, -0.331, 1.141
0.234, -0.322, 1.137
0.226, -0.314, 1.133
0.226, -0.306, 1.132
0.234, -0.314, 1.135
0.242, -0.323, 1.139
0.242, -0.315, 1.138
0.251, -0.324, 1.143
0.251, -0.333, 1.146
0.260, -0.334, 1.149
0.269, -0.343, 1.155
0.268, -0.334, 1.152
0.267, -0.326, 1.148
0.259, -0.317, 1.144
0.250, -0.316, 1.141
0.250, -0.309, 1.141
0.242, -0.300, 1.138
0.242, -0.293, 1.139
0.250, -0.301, 1.142
0.251, -0.294, 1.142
0.251, -0.286, 1.142
0.259, -0.294, 1.144
0.259, -0.287, 1.145
0.267, -0.295, 1.147
0.267, -0.302, 1.146
0.258, -0.309, 1.144
0.267, -0.317, 1.146
0.275, -0.310, 1.148
0.275, -0.303, 1.149
0.275, -0.296, 1.151
0.267, -0.287, 1.148
0.267, -0.280, 1.150
0.260, -0.272, 1.148
0.252, -0.265, 1.148
0.277, -0.283, 1.159
0.284, -0.304, 1.154
0.283, -0.311, 1.151
0.292, -0.320, 1.155
0.276, -0.335, 1.153
0.277, -0.343, 1.157
0.277, -0.352, 1.159
0.270, -0.360, 1.161
0.262, -0.360, 1.160
0.253, -0.350, 1.155
0.278, -0.360, 1.161
0.286, -0.368, 1.162
0.286, -0.377, 1.164
0.294, -0.377, 1.165
0.304, -0.387, 1.172
0.305, -0.396, 1.176
0.306, -0.405, 1.180
0.301, -0.417, 1.192
0.304, -0.429, 1.203
0.298, -0.441, 1.213
0.293, -0.453, 1.224
0.288, -0.466, 1.239
0.280, -0.466, 1.238
0.272, -0.467, 1.241
0.265, -0.469, 1.246
0.258, -0.471, 1.250
0.250, -0.472, 1.254
0.245, -0.487, 1.270
0.234, -0.474, 1.258
0.229, -0.489, 1.276
0.222, -0.491, 1.282
0.214, -0.493, 1.288
0.206, -0.496, 1.294
0.199, -0.498, 1.299
0.190, -0.499, 1.302
0.180, -0.485, 1.288
0.172, -0.486, 1.291
0.164, -0.488, 1.297
0.156, -0.492, 1.307
0.150, -0.509, 1.328
0.140, -0.496, 1.318
0.139, -0.484, 1.308
0.138, -0.471, 1.297
0.137, -0.458, 1.284
0.127, -0.447, 1.277
0.126, -0.434, 1.265
0.126, -0.423, 1.258
0.117, -0.415, 1.257
0.109, -0.416, 1.262
0.101, -0.419, 1.269
0.108, -0.403, 1.247
0.107, -0.392, 1.239
0.115, -0.392, 1.237
0.124, -0.402, 1.244
0.125, -0.413, 1.253
0.123, -0.391, 1.234
0.135, -0.444, 1.270
0.149, -0.495, 1.314
0.188, -0.484, 1.285
0.227, -0.476, 1.264
0.242, -0.473, 1.256
0.296, -0.465, 1.235
0.300, -0.452, 1.221
0.306, -0.440, 1.211
0.313, -0.438, 1.207
0.308, -0.415, 1.187
0.313, -0.404, 1.178
0.303, -0.377, 1.167
0.302, -0.369, 1.164
0.293, -0.360, 1.160
0.285, -0.360, 1.160
0.285, -0.352, 1.159
0.284, -0.343, 1.157
0.293, -0.351, 1.158
0.301, -0.360, 1.162
0.189, -0.315, 1.136
0.203, -0.305, 1.130
0.226, -0.291, 1.132
0.158, -0.291, 1.132
0.116, -0.291, 1.163
0.025, -0.325, 1.263
0.042, -0.374, 1.261
0.050, -0.382, 1.260
0.059, -0.391, 1.262
0.075, -0.398, 1.258
0.084, -0.409, 1.264
RegionID:1
Center:0.556,-0.123,1.323
Normal:-0.010,-0.311,-0.950
NumPatches:189
0.528, -0.486, 1.444
0.520, -0.497, 1.448
0.521, -0.508, 1.452
0.522, -0.519, 1.456
0.517, -0.485, 1.442
0.516, -0.474, 1.437
0.515, -0.464, 1.434
0.513, -0.453, 1.431
0.512, -0.443, 1.427
0.511, -0.432, 1.424
0.510, -0.422, 1.421
0.509, -0.411, 1.417
0.508, -0.401, 1.416
0.517, -0.401, 1.415
0.516, -0.391, 1.413
0.515, -0.381, 1.410
0.525, -0.381, 1.410
0.523, -0.371, 1.406
0.522, -0.361, 1.403
0.520, -0.350, 1.398
0.519, -0.340, 1.395
0.518, -0.330, 1.392
0.527, -0.330, 1.392
0.527, -0.321, 1.391
0.525, -0.310, 1.387
0.523, -0.300, 1.380
0.522, -0.290, 1.377
0.531, -0.290, 1.376
0.530, -0.280, 1.375
0.529, -0.271, 1.373
0.528, -0.261, 1.369
0.526, -0.251, 1.366
0.525, -0.242, 1.363
0.534, -0.242, 1.362
0.532, -0.232, 1.358
0.531, -0.222, 1.355
0.540, -0.222, 1.355
0.539, -0.213, 1.352
0.538, -0.204, 1.349
0.537, -0.194, 1.347
0.545, -0.194, 1.345
0.544, -0.185, 1.342
0.534, -0.176, 1.340
0.543, -0.176, 1.339
0.542, -0.166, 1.337
0.551, -0.166, 1.337
0.550, -0.157, 1.335
0.549, -0.148, 1.331
0.547, -0.139, 1.327
0.545, -0.129, 1.323
0.544, -0.120, 1.321
0.543, -0.112, 1.319
0.542, -0.103, 1.316
0.551, -0.103, 1.316
0.549, -0.094, 1.313
0.548, -0.085, 1.310
0.547, -0.076, 1.308
0.556, -0.076, 1.306
0.555, -0.067, 1.304
0.553, -0.058, 1.300
0.552, -0.050, 1.298
0.551, -0.041, 1.296
0.560, -0.041, 1.296
0.559, -0.032, 1.294
0.558, -0.024, 1.292
0.556, -0.015, 1.288
0.555, -0.006, 1.286
0.554, 0.002, 1.283
0.562, 0.002, 1.283
0.561, 0.011, 1.280
0.560, 0.019, 1.277
0.559, 0.027, 1.274
0.567, 0.027, 1.274
0.566, 0.036, 1.271
0.564, 0.044, 1.267
0.563, 0.052, 1.264
0.572, 0.052, 1.266
0.571, 0.061, 1.263
0.570, 0.069, 1.261
0.569, 0.077, 1.259
0.567, 0.085, 1.255
0.565, 0.093, 1.251
0.565, 0.102, 1.250
0.573, 0.101, 1.249
0.572, 0.110, 1.248
0.571, 0.118, 1.246
0.570, 0.126, 1.243
0.568, 0.133, 1.238
0.566, 0.141, 1.234
0.576, 0.133, 1.238
0.585, 0.134, 1.239
0.583, 0.141, 1.235
0.572, 0.149, 1.231
0.581, 0.149, 1.232
0.581, 0.157, 1.232
0.581, 0.165, 1.231
0.572, 0.173, 1.230
0.588, 0.165, 1.230
0.597, 0.157, 1.231
0.598, 0.149, 1.233
0.599, 0.141, 1.234
0.592, 0.133, 1.238
0.594, 0.126, 1.241
0.595, 0.118, 1.244
0.596, 0.110, 1.246
0.589, 0.101, 1.249
0.591, 0.093, 1.252
0.593, 0.085, 1.256
0.594, 0.077, 1.260
0.587, 0.069, 1.262
0.588, 0.061, 1.265
0.590, 0.053, 1.268
0.582, 0.044, 1.270
0.583, 0.036, 1.272
0.584, 0.027, 1.274
0.585, 0.019, 1.276
0.586, 0.011, 1.278
0.579, 0.002, 1.281
0.580, -0.006, 1.284
0.581, -0.015, 1.286
0.574, -0.024, 1.290
0.576, -0.032, 1.293
0.577, -0.041, 1.295
0.578, -0.050, 1.298
0.579, -0.058, 1.300
0.571, -0.067, 1.303
0.573, -0.076, 1.307
0.575, -0.085, 1.311
0.567, -0.094, 1.313
0.568, -0.103, 1.316
0.569, -0.111, 1.317
0.561, -0.120, 1.320
0.563, -0.129, 1.323
0.564, -0.139, 1.327
0.557, -0.148, 1.331
0.559, -0.157, 1.334
0.560, -0.166, 1.337
0.560, -0.175, 1.338
0.561, -0.184, 1.340
0.554, -0.194, 1.344
0.555, -0.203, 1.348
0.557, -0.213, 1.352
0.558, -0.222, 1.355
0.551, -0.232, 1.358
0.552, -0.242, 1.362
0.553, -0.251, 1.365
0.546, -0.261, 1.369
0.538, -0.271, 1.372
0.539, -0.280, 1.375
0.540, -0.290, 1.377
0.541, -0.300, 1.381
0.534, -0.310, 1.386
0.536, -0.320, 1.390
0.537, -0.330, 1.392
0.538, -0.340, 1.395
0.539, -0.350, 1.397
0.540, -0.360, 1.400
0.532, -0.371, 1.405
0.534, -0.381, 1.409
0.535, -0.391, 1.411
0.536, -0.401, 1.415
0.537, -0.412, 1.419
0.529, -0.422, 1.422
0.531, -0.433, 1.426
0.532, -0.443, 1.430
0.523, -0.453, 1.431
0.524, -0.464, 1.434
0.526, -0.475, 1.438
0.533, -0.454, 1.433
0.539, -0.422, 1.422
0.541, -0.370, 1.404
0.543, -0.310, 1.385
0.547, -0.271, 1.372
0.554, -0.261, 1.368
0.560, -0.232, 1.359
0.562, -0.194, 1.343
0.566, -0.148, 1.330
0.570, -0.120, 1.319
0.576, -0.094, 1.313
0.581, -0.067, 1.304
0.582, -0.024, 1.289
0.587, 0.002, 1.280
0.591, 0.044, 1.270
0.595, 0.069, 1.262
0.598, 0.101, 1.249
0.600, 0.133, 1.237
0.605, 0.157, 1.230
0.596, 0.165, 1.228
0.604, 0.165, 1.228
RegionID:2
Center:-0.928,-0.517,1.804
Normal:-0.126,-0.199,-0.972
NumPatches:22
-0.927, -0.437, 1.791
-0.928, -0.449, 1.793
-0.929, -0.461, 1.794
-0.930, -0.474, 1.796
-0.931, -0.486, 1.798
-0.932, -0.498, 1.799
-0.932, -0.510, 1.800
-0.933, -0.523, 1.802
-0.937, -0.537, 1.809
-0.939, -0.551, 1.814
-0.928, -0.563, 1.816
-0.943, -0.577, 1.820
-0.943, -0.589, 1.821
-0.930, -0.576, 1.819
-0.926, -0.550, 1.812
-0.923, -0.536, 1.806
-0.921, -0.523, 1.801
-0.920, -0.511, 1.801
-0.920, -0.499, 1.800
-0.919, -0.486, 1.798
-0.910, -0.511, 1.803
-0.910, -0.523, 1.804
RegionID:3
Center:0.405,-0.375,1.268
Normal:0.874,0.207,-0.440
NumPatches:23
0.406, -0.403, 1.246
0.389, -0.386, 1.220
0.375, -0.389, 1.202
0.365, -0.387, 1.195
0.380, -0.377, 1.216
0.369, -0.374, 1.206
0.370, -0.368, 1.211
0.383, -0.372, 1.225
0.393, -0.382, 1.233
0.409, -0.398, 1.257
0.425, -0.396, 1.304
0.406, -0.377, 1.271
0.408, -0.371, 1.279
0.409, -0.363, 1.281
0.411, -0.357, 1.288
0.412, -0.349, 1.293
0.413, -0.341, 1.294
0.433, -0.359, 1.330
0.432, -0.367, 1.326
0.431, -0.375, 1.322
0.430, -0.383, 1.321
0.430, -0.392, 1.319
0.433, -0.351, 1.331
RegionID:4
Center:-0.282,-0.310,1.309
Normal:-0.081,-0.636,-0.768
NumPatches:109
-0.279, -0.269, 1.275
-0.288, -0.269, 1.276
-0.297, -0.269, 1.277
-0.303, -0.259, 1.269
-0.312, -0.259, 1.270
-0.319, -0.249, 1.264
-0.327, -0.249, 1.264
-0.334, -0.240, 1.260
-0.343, -0.240, 1.261
-0.349, -0.231, 1.253
-0.358, -0.231, 1.256
-0.367, -0.231, 1.256
-0.373, -0.221, 1.247
-0.384, -0.231, 1.257
-0.394, -0.241, 1.263
-0.405, -0.251, 1.272
-0.418, -0.262, 1.285
-0.414, -0.251, 1.273
-0.409, -0.262, 1.285
-0.403, -0.272, 1.293
-0.400, -0.262, 1.284
-0.397, -0.251, 1.271
-0.394, -0.272, 1.291
-0.387, -0.281, 1.295
-0.385, -0.271, 1.288
-0.378, -0.282, 1.296
-0.372, -0.292, 1.303
-0.370, -0.281, 1.296
-0.363, -0.292, 1.303
-0.356, -0.301, 1.308
-0.359, -0.313, 1.318
-0.347, -0.301, 1.306
-0.354, -0.292, 1.302
-0.340, -0.311, 1.312
-0.338, -0.301, 1.305
-0.331, -0.311, 1.311
-0.325, -0.323, 1.325
-0.323, -0.312, 1.314
-0.316, -0.323, 1.324
-0.309, -0.334, 1.332
-0.308, -0.323, 1.324
-0.301, -0.334, 1.333
-0.293, -0.344, 1.338
-0.295, -0.355, 1.347
-0.284, -0.343, 1.336
-0.291, -0.333, 1.331
-0.277, -0.355, 1.346
-0.275, -0.344, 1.337
-0.268, -0.355, 1.348
-0.259, -0.355, 1.346
-0.252, -0.366, 1.355
-0.249, -0.354, 1.343
-0.243, -0.366, 1.355
-0.245, -0.378, 1.366
-0.233, -0.365, 1.350
-0.225, -0.376, 1.356
-0.223, -0.364, 1.346
-0.216, -0.375, 1.355
-0.217, -0.387, 1.365
-0.210, -0.399, 1.374
-0.208, -0.387, 1.364
-0.200, -0.398, 1.372
-0.191, -0.397, 1.370
-0.182, -0.398, 1.370
-0.174, -0.411, 1.383
-0.173, -0.399, 1.374
-0.165, -0.410, 1.382
-0.164, -0.399, 1.374
-0.163, -0.386, 1.363
-0.153, -0.386, 1.360
-0.152, -0.373, 1.347
-0.160, -0.362, 1.340
-0.168, -0.352, 1.333
-0.177, -0.352, 1.333
-0.184, -0.340, 1.323
-0.194, -0.341, 1.327
-0.203, -0.341, 1.328
-0.210, -0.330, 1.318
-0.219, -0.330, 1.318
-0.228, -0.331, 1.321
-0.226, -0.319, 1.307
-0.233, -0.308, 1.299
-0.240, -0.298, 1.294
-0.249, -0.298, 1.294
-0.258, -0.299, 1.295
-0.265, -0.289, 1.290
-0.274, -0.289, 1.292
-0.283, -0.289, 1.292
-0.281, -0.279, 1.283
-0.256, -0.288, 1.288
-0.232, -0.298, 1.294
-0.224, -0.308, 1.299
-0.201, -0.330, 1.317
-0.183, -0.329, 1.316
-0.175, -0.340, 1.322
-0.159, -0.351, 1.331
-0.151, -0.362, 1.340
-0.143, -0.373, 1.347
-0.144, -0.384, 1.355
-0.134, -0.373, 1.346
-0.125, -0.372, 1.345
-0.392, -0.231, 1.257
-0.381, -0.222, 1.249
-0.370, -0.212, 1.239
-0.363, -0.221, 1.245
-0.341, -0.231, 1.252
-0.326, -0.240, 1.258
-0.310, -0.249, 1.262
-0.294, -0.258, 1.267
RegionID:5
Center:-0.155,-0.256,1.462
Normal:-0.093,-0.615,-0.783
NumPatches:19
-0.126, -0.259, 1.458
-0.136, -0.271, 1.471
-0.147, -0.283, 1.482
-0.158, -0.283, 1.486
-0.166, -0.271, 1.473
-0.176, -0.271, 1.473
-0.175, -0.260, 1.467
-0.174, -0.249, 1.460
-0.173, -0.238, 1.449
-0.163, -0.238, 1.450
-0.162, -0.226, 1.436
-0.154, -0.238, 1.450
-0.145, -0.249, 1.457
-0.146, -0.260, 1.464
-0.156, -0.271, 1.474
-0.146, -0.271, 1.473
-0.136, -0.259, 1.461
-0.144, -0.238, 1.448
-0.133, -0.226, 1.435
RegionID:6
Center:-0.304,-0.164,1.401
Normal:-0.064,-0.625,-0.778
NumPatches:23
-0.304, -0.145, 1.386
-0.313, -0.145, 1.388
-0.322, -0.145, 1.388
-0.334, -0.155, 1.397
-0.335, -0.165, 1.402
-0.328, -0.176, 1.412
-0.326, -0.165, 1.403
-0.319, -0.176, 1.413
-0.311, -0.186, 1.420
-0.309, -0.175, 1.410
-0.301, -0.186, 1.417
-0.294, -0.196, 1.427
-0.292, -0.186, 1.418
-0.289, -0.175, 1.407
-0.288, -0.165, 1.398
-0.295, -0.155, 1.391
-0.305, -0.155, 1.393
-0.286, -0.155, 1.390
-0.279, -0.165, 1.400
-0.277, -0.155, 1.393
-0.269, -0.165, 1.398
-0.258, -0.155, 1.391
-0.331, -0.145, 1.388
RegionID:7
Center:-0.577,-0.115,1.251
Normal:-0.107,-0.616,-0.780
NumPatches:31
-0.629, -0.124, 1.263
-0.622, -0.124, 1.265
-0.616, -0.133, 1.272
-0.613, -0.124, 1.266
-0.609, -0.115, 1.256
-0.599, -0.114, 1.254
-0.595, -0.105, 1.245
-0.587, -0.105, 1.245
-0.578, -0.105, 1.243
-0.574, -0.096, 1.235
-0.564, -0.096, 1.232
-0.556, -0.096, 1.232
-0.553, -0.087, 1.225
-0.545, -0.087, 1.226
-0.541, -0.096, 1.234
-0.552, -0.105, 1.240
-0.563, -0.114, 1.248
-0.566, -0.123, 1.253
-0.579, -0.132, 1.264
-0.592, -0.142, 1.274
-0.601, -0.142, 1.276
-0.608, -0.133, 1.271
-0.598, -0.133, 1.269
-0.587, -0.151, 1.281
-0.583, -0.141, 1.272
-0.570, -0.132, 1.263
-0.555, -0.114, 1.247
-0.543, -0.105, 1.240
-0.532, -0.096, 1.233
-0.537, -0.087, 1.226
-0.528, -0.087, 1.223
RegionID:8
Center:-0.164,-0.017,1.124
Normal:-0.082,-0.620,-0.780
NumPatches:156
-0.226, 0.104, 1.032
-0.235, 0.098, 1.041
-0.244, 0.092, 1.050
-0.252, 0.086, 1.055
-0.260, 0.079, 1.059
-0.268, 0.072, 1.064
-0.269, 0.066, 1.068
-0.271, 0.059, 1.074
-0.272, 0.052, 1.080
-0.274, 0.045, 1.085
-0.275, 0.038, 1.091
-0.277, 0.031, 1.098
-0.278, 0.024, 1.103
-0.279, 0.017, 1.108
-0.281, 0.009, 1.114
-0.273, 0.009, 1.113
-0.267, 0.002, 1.119
-0.266, 0.009, 1.112
-0.260, 0.002, 1.119
-0.261, -0.006, 1.125
-0.255, -0.013, 1.130
-0.257, -0.021, 1.138
-0.249, -0.021, 1.137
-0.243, -0.028, 1.144
-0.241, -0.021, 1.135
-0.235, -0.028, 1.142
-0.228, -0.036, 1.146
-0.227, -0.028, 1.140
-0.220, -0.036, 1.145
-0.221, -0.044, 1.151
-0.215, -0.052, 1.157
-0.214, -0.044, 1.150
-0.207, -0.052, 1.156
-0.208, -0.060, 1.163
-0.200, -0.060, 1.161
-0.194, -0.068, 1.168
-0.192, -0.060, 1.159
-0.186, -0.068, 1.167
-0.187, -0.076, 1.174
-0.180, -0.084, 1.178
-0.179, -0.076, 1.172
-0.172, -0.084, 1.177
-0.165, -0.092, 1.185
-0.164, -0.084, 1.176
-0.157, -0.092, 1.183
-0.158, -0.101, 1.191
-0.150, -0.101, 1.188
-0.142, -0.109, 1.193
-0.142, -0.101, 1.188
-0.134, -0.101, 1.189
-0.127, -0.109, 1.194
-0.135, -0.117, 1.198
-0.128, -0.126, 1.206
-0.127, -0.117, 1.198
-0.120, -0.126, 1.206
-0.121, -0.135, 1.214
-0.113, -0.135, 1.213
-0.112, -0.126, 1.204
-0.104, -0.126, 1.203
-0.096, -0.135, 1.212
-0.105, -0.144, 1.223
-0.097, -0.144, 1.223
-0.089, -0.144, 1.219
-0.081, -0.143, 1.217
-0.072, -0.143, 1.217
-0.072, -0.134, 1.207
-0.064, -0.134, 1.208
-0.064, -0.126, 1.201
-0.056, -0.125, 1.201
-0.055, -0.117, 1.193
-0.047, -0.117, 1.191
-0.047, -0.108, 1.185
-0.039, -0.108, 1.185
-0.031, -0.108, 1.184
-0.023, -0.108, 1.182
-0.023, -0.100, 1.177
-0.031, -0.091, 1.170
-0.031, -0.083, 1.164
-0.038, -0.075, 1.156
-0.046, -0.075, 1.158
-0.054, -0.075, 1.159
-0.061, -0.075, 1.160
-0.061, -0.067, 1.153
-0.061, -0.059, 1.143
-0.068, -0.051, 1.140
-0.068, -0.043, 1.135
-0.075, -0.036, 1.130
-0.082, -0.036, 1.131
-0.090, -0.028, 1.127
-0.097, -0.020, 1.121
-0.103, -0.013, 1.115
-0.110, -0.006, 1.109
-0.110, 0.002, 1.104
-0.117, 0.009, 1.099
-0.124, 0.009, 1.100
-0.131, 0.009, 1.101
-0.138, 0.016, 1.097
-0.144, 0.023, 1.089
-0.151, 0.030, 1.082
-0.157, 0.038, 1.079
-0.157, 0.045, 1.076
-0.163, 0.051, 1.071
-0.170, 0.058, 1.067
-0.177, 0.058, 1.067
-0.184, 0.058, 1.067
-0.183, 0.065, 1.063
-0.182, 0.072, 1.058
-0.189, 0.079, 1.053
-0.188, 0.085, 1.048
-0.193, 0.091, 1.041
-0.200, 0.091, 1.041
-0.206, 0.098, 1.037
-0.215, 0.092, 1.043
-0.222, 0.092, 1.044
-0.229, 0.092, 1.045
-0.236, 0.092, 1.048
-0.228, 0.098, 1.039
-0.213, 0.098, 1.038
-0.200, 0.098, 1.038
-0.192, 0.105, 1.035
-0.187, 0.092, 1.042
-0.182, 0.079, 1.054
-0.163, 0.058, 1.067
-0.156, 0.051, 1.072
-0.150, 0.038, 1.079
-0.143, 0.030, 1.082
-0.137, 0.023, 1.090
-0.131, 0.016, 1.096
-0.109, 0.009, 1.099
-0.103, -0.006, 1.110
-0.096, -0.013, 1.115
-0.089, -0.020, 1.120
-0.082, -0.028, 1.126
-0.067, -0.036, 1.130
-0.060, -0.051, 1.139
-0.053, -0.059, 1.143
-0.046, -0.067, 1.151
-0.045, -0.059, 1.143
-0.038, -0.067, 1.150
-0.030, -0.075, 1.156
-0.023, -0.091, 1.171
-0.015, -0.099, 1.176
-0.015, -0.091, 1.170
-0.096, -0.126, 1.202
-0.126, -0.101, 1.189
-0.126, -0.092, 1.184
-0.125, -0.084, 1.176
-0.116, -0.083, 1.171
-0.109, -0.092, 1.178
-0.118, -0.101, 1.189
-0.110, -0.101, 1.188
-0.108, -0.083, 1.169
-0.254, -0.006, 1.125
-0.267, 0.079, 1.060
-0.259, 0.086, 1.055
-0.251, 0.092, 1.050
RegionID:9
Center:-0.385,0.149,1.002
Normal:-0.089,-0.059,-0.994
NumPatches:166
-0.402, 0.324, 0.993
-0.409, 0.325, 0.993
-0.416, 0.325, 0.994
-0.423, 0.325, 0.995
-0.430, 0.319, 0.995
-0.436, 0.319, 0.996
-0.444, 0.319, 0.997
-0.451, 0.313, 0.998
-0.451, 0.306, 0.999
-0.451, 0.300, 0.999
-0.451, 0.293, 1.000
-0.452, 0.287, 1.001
-0.453, 0.281, 1.003
-0.453, 0.274, 1.003
-0.460, 0.268, 1.003
-0.460, 0.261, 1.003
-0.459, 0.254, 1.003
-0.459, 0.248, 1.002
-0.459, 0.241, 1.001
-0.459, 0.234, 1.002
-0.453, 0.228, 1.003
-0.453, 0.221, 1.003
-0.453, 0.214, 1.003
-0.453, 0.208, 1.004
-0.454, 0.202, 1.006
-0.455, 0.195, 1.007
-0.455, 0.189, 1.008
-0.455, 0.182, 1.007
-0.454, 0.175, 1.007
-0.454, 0.168, 1.006
-0.454, 0.162, 1.006
-0.455, 0.155, 1.007
-0.456, 0.149, 1.009
-0.456, 0.142, 1.011
-0.457, 0.136, 1.011
-0.457, 0.129, 1.012
-0.456, 0.122, 1.011
-0.456, 0.116, 1.011
-0.456, 0.109, 1.010
-0.456, 0.102, 1.010
-0.456, 0.096, 1.011
-0.457, 0.089, 1.012
-0.457, 0.082, 1.013
-0.457, 0.076, 1.013
-0.457, 0.069, 1.013
-0.458, 0.062, 1.014
-0.458, 0.056, 1.015
-0.459, 0.049, 1.016
-0.459, 0.042, 1.016
-0.465, 0.035, 1.016
-0.465, 0.029, 1.016
-0.466, 0.022, 1.017
-0.459, 0.015, 1.017
-0.467, 0.008, 1.019
-0.467, 0.002, 1.019
-0.467, -0.005, 1.020
-0.468, -0.012, 1.021
-0.468, -0.019, 1.021
-0.460, -0.019, 1.019
-0.453, -0.025, 1.018
-0.453, -0.019, 1.019
-0.446, -0.025, 1.019
-0.440, -0.025, 1.020
-0.433, -0.025, 1.019
-0.425, -0.025, 1.017
-0.418, -0.025, 1.015
-0.411, -0.025, 1.014
-0.404, -0.025, 1.013
-0.397, -0.025, 1.014
-0.390, -0.025, 1.014
-0.383, -0.025, 1.012
-0.376, -0.032, 1.011
-0.376, -0.025, 1.011
-0.369, -0.032, 1.009
-0.362, -0.032, 1.009
-0.355, -0.032, 1.009
-0.348, -0.032, 1.009
-0.342, -0.032, 1.009
-0.335, -0.032, 1.009
-0.328, -0.032, 1.009
-0.321, -0.032, 1.008
-0.321, -0.025, 1.008
-0.321, -0.018, 1.007
-0.321, -0.012, 1.006
-0.321, -0.005, 1.006
-0.321, 0.002, 1.007
-0.320, 0.008, 1.006
-0.320, 0.015, 1.004
-0.320, 0.022, 1.003
-0.320, 0.028, 1.004
-0.320, 0.035, 1.004
-0.320, 0.042, 1.003
-0.326, 0.048, 1.003
-0.326, 0.055, 1.003
-0.326, 0.061, 1.002
-0.319, 0.061, 1.001
-0.319, 0.068, 1.001
-0.319, 0.075, 1.002
-0.319, 0.081, 1.002
-0.319, 0.088, 1.002
-0.319, 0.095, 1.001
-0.319, 0.101, 1.000
-0.312, 0.101, 0.999
-0.312, 0.108, 0.999
-0.318, 0.114, 0.998
-0.318, 0.121, 0.998
-0.318, 0.127, 0.998
-0.318, 0.134, 0.998
-0.318, 0.141, 0.998
-0.318, 0.147, 0.997
-0.318, 0.154, 0.997
-0.317, 0.160, 0.996
-0.311, 0.160, 0.996
-0.310, 0.167, 0.995
-0.310, 0.173, 0.994
-0.310, 0.179, 0.993
-0.310, 0.186, 0.992
-0.309, 0.192, 0.992
-0.309, 0.199, 0.992
-0.309, 0.206, 0.992
-0.309, 0.212, 0.992
-0.309, 0.219, 0.992
-0.309, 0.225, 0.991
-0.309, 0.232, 0.990
-0.309, 0.238, 0.990
-0.309, 0.245, 0.990
-0.309, 0.251, 0.990
-0.309, 0.258, 0.990
-0.309, 0.264, 0.989
-0.309, 0.271, 0.989
-0.309, 0.277, 0.989
-0.309, 0.284, 0.989
-0.308, 0.290, 0.988
-0.301, 0.290, 0.987
-0.301, 0.296, 0.986
-0.301, 0.302, 0.985
-0.307, 0.309, 0.985
-0.314, 0.315, 0.985
-0.321, 0.316, 0.986
-0.327, 0.316, 0.987
-0.334, 0.316, 0.987
-0.341, 0.316, 0.988
-0.348, 0.317, 0.989
-0.355, 0.317, 0.990
-0.362, 0.317, 0.990
-0.368, 0.317, 0.990
-0.375, 0.317, 0.990
-0.382, 0.317, 0.991
-0.389, 0.318, 0.992
-0.396, 0.318, 0.993
-0.402, 0.318, 0.994
-0.307, 0.315, 0.985
-0.301, 0.309, 0.985
-0.311, 0.147, 0.996
-0.311, 0.134, 0.997
-0.311, 0.127, 0.997
-0.311, 0.114, 0.998
-0.319, 0.048, 1.002
-0.313, 0.022, 1.004
-0.459, 0.008, 1.018
-0.459, 0.022, 1.016
-0.458, 0.035, 1.015
-0.452, 0.234, 1.001
-0.453, 0.268, 1.002
-0.450, 0.319, 0.998
-0.429, 0.325, 0.995
RegionID:10
Center:0.483,0.059,1.390
Normal:-0.039,-0.612,-0.790
NumPatches:51
0.483, 0.012, 1.425
0.475, 0.002, 1.430
0.476, -0.007, 1.434
0.474, 0.012, 1.426
0.472, 0.021, 1.421
0.470, 0.030, 1.414
0.468, 0.040, 1.409
0.466, 0.049, 1.402
0.478, 0.040, 1.410
0.479, 0.030, 1.414
0.481, 0.021, 1.420
0.487, 0.040, 1.408
0.476, 0.049, 1.404
0.472, 0.058, 1.393
0.470, 0.067, 1.387
0.459, 0.075, 1.380
0.451, 0.067, 1.384
0.440, 0.075, 1.379
0.449, 0.075, 1.379
0.447, 0.084, 1.372
0.435, 0.093, 1.362
0.444, 0.093, 1.363
0.453, 0.093, 1.364
0.462, 0.093, 1.363
0.473, 0.084, 1.370
0.468, 0.075, 1.380
0.478, 0.067, 1.385
0.481, 0.058, 1.391
0.492, 0.049, 1.398
0.495, 0.040, 1.406
0.501, 0.049, 1.397
0.489, 0.058, 1.389
0.498, 0.058, 1.389
0.511, 0.049, 1.397
0.512, 0.039, 1.401
0.513, 0.030, 1.404
0.509, 0.058, 1.391
0.505, 0.066, 1.383
0.495, 0.075, 1.380
0.504, 0.075, 1.378
0.514, 0.066, 1.381
0.517, 0.058, 1.390
0.529, 0.049, 1.397
0.512, 0.075, 1.376
0.509, 0.084, 1.367
0.521, 0.075, 1.376
0.518, 0.084, 1.367
0.527, 0.084, 1.368
0.476, 0.075, 1.379
0.471, 0.093, 1.363
0.480, 0.093, 1.363
RegionID:11
Center:0.019,0.150,0.972
Normal:-0.090,-0.613,-0.785
NumPatches:271
-0.088, 0.202, 0.944
-0.094, 0.202, 0.944
-0.100, 0.202, 0.946
-0.100, 0.208, 0.942
-0.099, 0.213, 0.937
-0.093, 0.212, 0.935
-0.087, 0.212, 0.934
-0.080, 0.212, 0.934
-0.074, 0.213, 0.936
-0.074, 0.218, 0.932
-0.080, 0.223, 0.927
-0.086, 0.228, 0.923
-0.092, 0.228, 0.924
-0.098, 0.229, 0.925
-0.104, 0.229, 0.926
-0.111, 0.229, 0.927
-0.117, 0.229, 0.927
-0.123, 0.229, 0.927
-0.129, 0.229, 0.927
-0.136, 0.224, 0.931
-0.143, 0.219, 0.937
-0.144, 0.214, 0.942
-0.144, 0.209, 0.946
-0.145, 0.203, 0.950
-0.146, 0.198, 0.954
-0.146, 0.192, 0.958
-0.147, 0.187, 0.962
-0.147, 0.181, 0.967
-0.148, 0.176, 0.972
-0.149, 0.170, 0.977
-0.156, 0.164, 0.980
-0.157, 0.158, 0.984
-0.157, 0.152, 0.989
-0.158, 0.147, 0.995
-0.159, 0.141, 1.000
-0.160, 0.135, 1.004
-0.160, 0.129, 1.008
-0.168, 0.123, 1.016
-0.161, 0.123, 1.013
-0.154, 0.122, 1.012
-0.148, 0.122, 1.012
-0.141, 0.123, 1.012
-0.140, 0.129, 1.009
-0.134, 0.129, 1.008
-0.127, 0.122, 1.011
-0.127, 0.128, 1.007
-0.120, 0.122, 1.009
-0.114, 0.122, 1.008
-0.107, 0.122, 1.007
-0.100, 0.122, 1.007
-0.094, 0.116, 1.011
-0.093, 0.122, 1.006
-0.087, 0.115, 1.009
-0.080, 0.115, 1.008
-0.073, 0.115, 1.008
-0.067, 0.109, 1.015
-0.067, 0.115, 1.009
-0.060, 0.109, 1.014
-0.054, 0.109, 1.013
-0.047, 0.103, 1.019
-0.047, 0.109, 1.012
-0.040, 0.103, 1.016
-0.033, 0.103, 1.014
-0.033, 0.109, 1.009
-0.033, 0.115, 1.006
-0.033, 0.121, 1.001
-0.026, 0.121, 0.997
-0.020, 0.114, 1.001
-0.027, 0.109, 1.008
-0.027, 0.103, 1.015
-0.020, 0.103, 1.015
-0.020, 0.108, 1.007
-0.013, 0.102, 1.013
-0.013, 0.108, 1.006
-0.007, 0.102, 1.013
-0.006, 0.109, 1.007
-0.006, 0.115, 1.002
-0.013, 0.121, 0.998
-0.020, 0.121, 0.997
-0.020, 0.127, 0.993
-0.019, 0.133, 0.989
-0.013, 0.133, 0.989
-0.006, 0.127, 0.995
-0.006, 0.121, 0.999
-0.006, 0.133, 0.989
0.000, 0.102, 1.012
0.000, 0.096, 1.016
0.007, 0.096, 1.016
0.014, 0.096, 1.016
0.021, 0.090, 1.021
0.020, 0.096, 1.016
0.027, 0.090, 1.021
0.034, 0.090, 1.019
0.041, 0.089, 1.018
0.041, 0.096, 1.014
0.047, 0.096, 1.014
0.054, 0.089, 1.018
0.054, 0.083, 1.021
0.061, 0.083, 1.021
0.068, 0.083, 1.020
0.067, 0.089, 1.012
0.067, 0.095, 1.006
0.067, 0.101, 1.003
0.060, 0.108, 1.000
0.054, 0.102, 1.007
0.047, 0.108, 1.002
0.040, 0.108, 1.003
0.040, 0.114, 1.000
0.040, 0.120, 0.994
0.040, 0.126, 0.988
0.046, 0.126, 0.986
0.053, 0.120, 0.989
0.053, 0.114, 0.995
0.053, 0.108, 1.001
0.060, 0.114, 0.994
0.067, 0.108, 0.999
0.066, 0.114, 0.994
0.066, 0.120, 0.991
0.066, 0.126, 0.988
0.059, 0.132, 0.982
0.053, 0.126, 0.985
0.052, 0.132, 0.982
0.065, 0.132, 0.983
0.073, 0.101, 1.003
0.081, 0.095, 1.007
0.081, 0.089, 1.013
0.075, 0.083, 1.018
0.081, 0.083, 1.018
0.088, 0.083, 1.018
0.095, 0.076, 1.022
0.095, 0.083, 1.017
0.102, 0.076, 1.021
0.109, 0.076, 1.021
0.108, 0.082, 1.016
0.108, 0.089, 1.012
0.100, 0.095, 1.006
0.094, 0.095, 1.006
0.087, 0.095, 1.007
0.080, 0.101, 1.002
0.080, 0.107, 0.997
0.086, 0.107, 0.995
0.093, 0.101, 0.999
0.093, 0.107, 0.995
0.099, 0.107, 0.996
0.107, 0.101, 1.001
0.107, 0.095, 1.007
0.114, 0.095, 1.007
0.121, 0.089, 1.008
0.115, 0.082, 1.015
0.115, 0.076, 1.020
0.116, 0.070, 1.024
0.123, 0.070, 1.023
0.129, 0.069, 1.023
0.136, 0.069, 1.023
0.143, 0.069, 1.022
0.150, 0.063, 1.025
0.149, 0.069, 1.021
0.157, 0.063, 1.024
0.163, 0.063, 1.024
0.170, 0.063, 1.025
0.177, 0.063, 1.024
0.176, 0.069, 1.019
0.175, 0.076, 1.014
0.182, 0.076, 1.013
0.181, 0.082, 1.007
0.180, 0.088, 1.002
0.186, 0.088, 1.001
0.186, 0.094, 0.997
0.184, 0.100, 0.991
0.191, 0.100, 0.991
0.190, 0.106, 0.986
0.189, 0.112, 0.982
0.188, 0.118, 0.976
0.187, 0.124, 0.971
0.186, 0.130, 0.967
0.193, 0.130, 0.967
0.192, 0.136, 0.964
0.198, 0.136, 0.963
0.198, 0.141, 0.958
0.197, 0.147, 0.954
0.203, 0.147, 0.952
0.202, 0.153, 0.948
0.201, 0.158, 0.945
0.194, 0.164, 0.943
0.188, 0.164, 0.943
0.182, 0.164, 0.943
0.176, 0.164, 0.943
0.170, 0.165, 0.945
0.163, 0.165, 0.946
0.157, 0.164, 0.945
0.150, 0.170, 0.941
0.143, 0.176, 0.938
0.137, 0.176, 0.938
0.131, 0.176, 0.938
0.125, 0.176, 0.939
0.119, 0.176, 0.940
0.113, 0.176, 0.941
0.107, 0.176, 0.942
0.100, 0.177, 0.942
0.094, 0.182, 0.938
0.087, 0.188, 0.935
0.081, 0.188, 0.936
0.075, 0.188, 0.936
0.068, 0.193, 0.932
0.062, 0.193, 0.933
0.056, 0.193, 0.933
0.050, 0.193, 0.934
0.044, 0.194, 0.934
0.037, 0.194, 0.936
0.031, 0.194, 0.937
0.025, 0.200, 0.935
0.019, 0.200, 0.935
0.013, 0.200, 0.936
0.006, 0.206, 0.933
0.000, 0.206, 0.934
-0.006, 0.206, 0.934
-0.012, 0.206, 0.934
-0.018, 0.206, 0.934
-0.025, 0.211, 0.931
-0.031, 0.206, 0.933
-0.037, 0.201, 0.938
-0.043, 0.201, 0.939
-0.043, 0.206, 0.936
-0.049, 0.212, 0.932
-0.056, 0.212, 0.932
-0.062, 0.217, 0.930
-0.068, 0.212, 0.935
-0.068, 0.207, 0.940
-0.075, 0.202, 0.946
-0.081, 0.202, 0.946
-0.088, 0.197, 0.949
-0.088, 0.191, 0.953
-0.082, 0.191, 0.952
-0.076, 0.191, 0.951
-0.069, 0.191, 0.951
-0.063, 0.191, 0.950
-0.063, 0.196, 0.946
-0.069, 0.202, 0.945
-0.062, 0.202, 0.942
-0.068, 0.218, 0.932
-0.074, 0.223, 0.926
-0.079, 0.228, 0.923
-0.055, 0.217, 0.928
-0.043, 0.212, 0.932
-0.037, 0.211, 0.931
-0.031, 0.211, 0.931
-0.031, 0.200, 0.937
-0.018, 0.211, 0.930
0.013, 0.206, 0.933
0.025, 0.206, 0.932
0.031, 0.200, 0.934
0.056, 0.199, 0.930
0.074, 0.193, 0.932
0.093, 0.187, 0.934
0.100, 0.182, 0.937
0.112, 0.181, 0.935
0.112, 0.187, 0.931
0.111, 0.193, 0.929
0.124, 0.181, 0.935
0.150, 0.176, 0.937
0.156, 0.170, 0.940
0.181, 0.170, 0.939
0.200, 0.164, 0.942
0.207, 0.158, 0.944
0.121, 0.082, 1.013
0.120, 0.095, 1.004
0.106, 0.107, 0.997
0.054, 0.096, 1.013
-0.150, 0.164, 0.980
-0.136, 0.218, 0.934
-0.135, 0.229, 0.928
RegionID:12
Center:0.458,0.219,1.260
Normal:-0.057,-0.631,-0.773
NumPatches:152
0.500, 0.118, 1.345
0.508, 0.118, 1.342
0.519, 0.109, 1.346
0.521, 0.101, 1.351
0.516, 0.118, 1.339
0.513, 0.126, 1.332
0.503, 0.134, 1.328
0.494, 0.134, 1.327
0.485, 0.134, 1.327
0.479, 0.126, 1.335
0.474, 0.142, 1.321
0.492, 0.142, 1.322
0.489, 0.150, 1.314
0.477, 0.158, 1.305
0.469, 0.158, 1.307
0.458, 0.166, 1.301
0.453, 0.159, 1.311
0.457, 0.151, 1.321
0.450, 0.166, 1.303
0.440, 0.175, 1.299
0.433, 0.166, 1.303
0.435, 0.158, 1.308
0.429, 0.151, 1.316
0.420, 0.151, 1.317
0.418, 0.159, 1.311
0.416, 0.166, 1.304
0.414, 0.174, 1.298
0.413, 0.182, 1.293
0.421, 0.182, 1.294
0.432, 0.174, 1.299
0.430, 0.182, 1.294
0.439, 0.182, 1.295
0.437, 0.190, 1.290
0.427, 0.198, 1.285
0.418, 0.198, 1.285
0.424, 0.205, 1.276
0.413, 0.212, 1.268
0.405, 0.213, 1.269
0.398, 0.205, 1.274
0.399, 0.197, 1.278
0.397, 0.213, 1.270
0.403, 0.220, 1.265
0.421, 0.212, 1.268
0.420, 0.220, 1.263
0.436, 0.198, 1.285
0.446, 0.190, 1.289
0.447, 0.182, 1.295
0.449, 0.174, 1.299
0.457, 0.174, 1.297
0.467, 0.166, 1.300
0.463, 0.182, 1.289
0.453, 0.190, 1.287
0.444, 0.198, 1.284
0.452, 0.198, 1.283
0.457, 0.205, 1.273
0.445, 0.212, 1.264
0.437, 0.212, 1.263
0.434, 0.218, 1.255
0.452, 0.219, 1.259
0.450, 0.226, 1.253
0.447, 0.233, 1.245
0.445, 0.240, 1.239
0.435, 0.248, 1.235
0.427, 0.248, 1.236
0.421, 0.241, 1.242
0.413, 0.241, 1.244
0.423, 0.234, 1.248
0.430, 0.233, 1.245
0.420, 0.248, 1.238
0.443, 0.248, 1.235
0.451, 0.248, 1.234
0.461, 0.240, 1.239
0.455, 0.233, 1.244
0.465, 0.226, 1.250
0.460, 0.219, 1.260
0.463, 0.212, 1.266
0.469, 0.219, 1.260
0.479, 0.212, 1.265
0.481, 0.204, 1.270
0.489, 0.204, 1.270
0.487, 0.212, 1.264
0.477, 0.219, 1.260
0.474, 0.226, 1.253
0.463, 0.233, 1.243
0.472, 0.233, 1.246
0.481, 0.234, 1.248
0.479, 0.241, 1.243
0.468, 0.248, 1.236
0.459, 0.248, 1.234
0.466, 0.255, 1.231
0.456, 0.262, 1.226
0.449, 0.263, 1.228
0.441, 0.263, 1.229
0.454, 0.269, 1.220
0.452, 0.276, 1.214
0.450, 0.282, 1.208
0.439, 0.289, 1.201
0.430, 0.296, 1.198
0.428, 0.303, 1.194
0.427, 0.310, 1.190
0.425, 0.316, 1.185
0.433, 0.316, 1.185
0.431, 0.322, 1.179
0.428, 0.328, 1.171
0.438, 0.322, 1.178
0.436, 0.329, 1.172
0.446, 0.322, 1.178
0.449, 0.316, 1.184
0.443, 0.310, 1.191
0.452, 0.302, 1.192
0.445, 0.296, 1.197
0.437, 0.296, 1.197
0.450, 0.309, 1.189
0.444, 0.329, 1.172
0.443, 0.335, 1.168
0.433, 0.342, 1.164
0.441, 0.342, 1.165
0.460, 0.276, 1.213
0.461, 0.269, 1.218
0.464, 0.262, 1.225
0.472, 0.262, 1.225
0.480, 0.262, 1.224
0.490, 0.255, 1.228
0.484, 0.248, 1.235
0.476, 0.248, 1.236
0.487, 0.241, 1.243
0.490, 0.234, 1.249
0.493, 0.227, 1.256
0.486, 0.219, 1.260
0.495, 0.212, 1.264
0.497, 0.204, 1.268
0.508, 0.196, 1.273
0.500, 0.188, 1.277
0.514, 0.204, 1.268
0.492, 0.247, 1.234
0.498, 0.255, 1.229
0.488, 0.262, 1.223
0.496, 0.261, 1.222
0.494, 0.269, 1.218
0.498, 0.275, 1.210
0.506, 0.274, 1.208
0.513, 0.274, 1.205
0.466, 0.197, 1.274
0.468, 0.189, 1.279
0.437, 0.151, 1.316
0.486, 0.158, 1.306
0.484, 0.166, 1.301
0.511, 0.134, 1.327
0.508, 0.142, 1.317
0.504, 0.150, 1.308
0.516, 0.142, 1.316
0.521, 0.126, 1.330
