NumRegions:15
RegionID:0
Center:0.423,-0.539,1.511
Normal:0.085,0.585,-0.807
NumPatches:23
0.412, -0.539, 1.511
0.399, -0.546, 1.503
0.390, -0.546, 1.503
0.380, -0.546, 1.503
0.381, -0.538, 1.508
0.382, -0.530, 1.514
0.393, -0.530, 1.514
0.401, -0.538, 1.509
0.403, -0.530, 1.516
0.410, -0.546, 1.503
0.420, -0.546, 1.503
0.429, -0.546, 1.503
0.440, -0.546, 1.505
0.441, -0.538, 1.509
0.433, -0.530, 1.516
0.443, -0.530, 1.516
0.446, -0.524, 1.525
0.454, -0.531, 1.518
0.457, -0.525, 1.528
0.463, -0.540, 1.514
0.451, -0.548, 1.508
0.461, -0.557, 1.507
0.462, -0.549, 1.511
RegionID:1
Center:-0.054,-0.415,1.619
Normal:-0.093,-0.732,-0.675
NumPatches:279
-0.138, -0.327, 1.604
-0.150, -0.340, 1.613
-0.161, -0.352, 1.620
-0.172, -0.364, 1.624
-0.183, -0.363, 1.622
-0.195, -0.376, 1.630
-0.207, -0.389, 1.642
-0.217, -0.389, 1.640
-0.229, -0.402, 1.648
-0.242, -0.415, 1.656
-0.254, -0.428, 1.664
-0.266, -0.441, 1.673
-0.279, -0.454, 1.681
-0.291, -0.467, 1.687
-0.303, -0.468, 1.689
-0.315, -0.481, 1.698
-0.326, -0.481, 1.697
-0.339, -0.494, 1.704
-0.352, -0.508, 1.710
-0.365, -0.521, 1.717
-0.379, -0.536, 1.729
-0.390, -0.536, 1.730
-0.388, -0.523, 1.722
-0.376, -0.521, 1.718
-0.367, -0.537, 1.730
-0.357, -0.538, 1.734
-0.354, -0.522, 1.721
-0.345, -0.537, 1.733
-0.333, -0.537, 1.732
-0.322, -0.538, 1.736
-0.313, -0.554, 1.750
-0.312, -0.539, 1.739
-0.302, -0.554, 1.749
-0.290, -0.554, 1.749
-0.281, -0.570, 1.763
-0.283, -0.587, 1.778
-0.273, -0.602, 1.789
-0.271, -0.587, 1.779
-0.261, -0.603, 1.790
-0.251, -0.619, 1.804
-0.249, -0.603, 1.791
-0.239, -0.619, 1.804
-0.237, -0.603, 1.790
-0.226, -0.603, 1.791
-0.214, -0.604, 1.794
-0.203, -0.605, 1.797
-0.191, -0.605, 1.797
-0.179, -0.604, 1.796
-0.167, -0.605, 1.796
-0.155, -0.605, 1.798
-0.143, -0.606, 1.801
-0.132, -0.608, 1.805
-0.120, -0.610, 1.812
-0.108, -0.611, 1.814
-0.107, -0.593, 1.798
-0.106, -0.578, 1.786
-0.106, -0.564, 1.780
-0.105, -0.548, 1.768
-0.105, -0.532, 1.755
-0.093, -0.532, 1.754
-0.082, -0.548, 1.766
-0.094, -0.565, 1.783
-0.083, -0.565, 1.784
-0.081, -0.532, 1.755
-0.070, -0.533, 1.757
-0.059, -0.551, 1.776
-0.058, -0.535, 1.763
-0.047, -0.536, 1.766
-0.035, -0.535, 1.764
-0.035, -0.520, 1.751
-0.034, -0.506, 1.743
-0.023, -0.507, 1.748
-0.011, -0.508, 1.749
-0.011, -0.492, 1.736
0.000, -0.491, 1.733
0.000, -0.477, 1.723
-0.011, -0.462, 1.710
-0.022, -0.462, 1.710
-0.022, -0.448, 1.698
-0.022, -0.433, 1.686
-0.033, -0.420, 1.677
-0.044, -0.420, 1.677
-0.055, -0.420, 1.677
-0.066, -0.420, 1.676
-0.077, -0.406, 1.665
-0.087, -0.391, 1.650
-0.098, -0.391, 1.650
-0.109, -0.392, 1.651
-0.119, -0.377, 1.637
-0.131, -0.390, 1.646
-0.142, -0.390, 1.646
-0.154, -0.405, 1.660
-0.166, -0.417, 1.667
-0.176, -0.416, 1.662
-0.175, -0.402, 1.649
-0.174, -0.390, 1.644
-0.164, -0.391, 1.649
-0.153, -0.391, 1.649
-0.152, -0.377, 1.637
-0.151, -0.364, 1.628
-0.150, -0.352, 1.622
-0.140, -0.365, 1.628
-0.140, -0.352, 1.621
-0.139, -0.340, 1.613
-0.129, -0.352, 1.619
-0.129, -0.364, 1.627
-0.130, -0.377, 1.635
-0.117, -0.340, 1.612
-0.155, -0.418, 1.669
-0.109, -0.378, 1.640
-0.077, -0.392, 1.654
-0.066, -0.407, 1.668
-0.055, -0.394, 1.662
-0.065, -0.379, 1.645
-0.065, -0.365, 1.629
-0.054, -0.363, 1.623
-0.042, -0.345, 1.590
-0.052, -0.331, 1.570
-0.062, -0.332, 1.576
-0.072, -0.319, 1.563
-0.083, -0.319, 1.566
-0.092, -0.305, 1.544
-0.091, -0.292, 1.528
-0.082, -0.304, 1.541
-0.081, -0.290, 1.523
-0.070, -0.289, 1.516
-0.060, -0.288, 1.507
-0.050, -0.286, 1.501
-0.049, -0.272, 1.480
-0.039, -0.272, 1.476
-0.029, -0.271, 1.471
-0.019, -0.270, 1.466
-0.009, -0.269, 1.460
0.000, -0.267, 1.452
0.000, -0.254, 1.434
0.010, -0.253, 1.426
0.019, -0.252, 1.421
0.028, -0.251, 1.415
0.038, -0.251, 1.413
0.037, -0.238, 1.394
0.046, -0.237, 1.388
0.055, -0.236, 1.381
0.055, -0.224, 1.365
0.063, -0.223, 1.357
0.073, -0.233, 1.367
0.072, -0.221, 1.348
0.082, -0.233, 1.364
0.091, -0.232, 1.359
0.089, -0.220, 1.342
0.099, -0.231, 1.352
0.100, -0.242, 1.366
0.110, -0.254, 1.381
0.109, -0.242, 1.362
0.119, -0.253, 1.376
0.121, -0.267, 1.398
0.129, -0.264, 1.386
0.139, -0.276, 1.397
0.138, -0.263, 1.379
0.148, -0.275, 1.394
0.150, -0.288, 1.412
0.162, -0.301, 1.428
0.159, -0.287, 1.407
0.171, -0.300, 1.426
0.179, -0.299, 1.420
0.191, -0.311, 1.433
0.188, -0.298, 1.414
0.200, -0.310, 1.429
0.202, -0.323, 1.445
0.204, -0.337, 1.461
0.212, -0.335, 1.452
0.224, -0.347, 1.464
0.221, -0.333, 1.446
0.233, -0.346, 1.460
0.246, -0.361, 1.481
0.242, -0.345, 1.456
0.255, -0.359, 1.474
0.258, -0.374, 1.492
0.269, -0.385, 1.499
0.265, -0.404, 1.531
0.256, -0.406, 1.540
0.247, -0.408, 1.547
0.233, -0.392, 1.525
0.227, -0.410, 1.555
0.221, -0.378, 1.509
0.212, -0.380, 1.519
0.203, -0.382, 1.526
0.193, -0.382, 1.526
0.184, -0.384, 1.533
0.175, -0.387, 1.545
0.165, -0.389, 1.554
0.156, -0.392, 1.565
0.146, -0.394, 1.572
0.137, -0.395, 1.578
0.127, -0.397, 1.584
0.116, -0.397, 1.587
0.106, -0.399, 1.593
0.098, -0.419, 1.629
0.087, -0.421, 1.636
0.077, -0.421, 1.639
0.066, -0.423, 1.646
0.056, -0.444, 1.683
0.055, -0.426, 1.656
0.044, -0.413, 1.650
0.033, -0.415, 1.658
0.022, -0.416, 1.661
0.012, -0.434, 1.689
0.000, -0.449, 1.704
-0.011, -0.434, 1.690
-0.022, -0.420, 1.676
-0.033, -0.407, 1.670
-0.044, -0.394, 1.660
-0.033, -0.392, 1.654
-0.021, -0.390, 1.643
-0.011, -0.404, 1.655
-0.011, -0.419, 1.675
0.000, -0.435, 1.692
0.000, -0.419, 1.673
0.000, -0.403, 1.654
-0.011, -0.388, 1.635
-0.010, -0.371, 1.611
-0.021, -0.358, 1.597
-0.032, -0.360, 1.606
-0.031, -0.344, 1.582
-0.041, -0.329, 1.564
-0.010, -0.355, 1.586
0.011, -0.402, 1.650
0.022, -0.400, 1.641
0.012, -0.450, 1.706
0.000, -0.462, 1.711
0.012, -0.477, 1.723
0.012, -0.491, 1.733
0.023, -0.450, 1.708
0.035, -0.466, 1.722
0.034, -0.450, 1.705
0.055, -0.411, 1.642
0.096, -0.403, 1.608
0.230, -0.377, 1.504
0.243, -0.391, 1.522
0.274, -0.403, 1.527
0.283, -0.401, 1.521
0.278, -0.384, 1.493
0.266, -0.372, 1.484
0.292, -0.399, 1.515
0.305, -0.427, 1.581
0.313, -0.425, 1.571
0.302, -0.399, 1.513
0.287, -0.383, 1.489
-0.062, -0.318, 1.557
-0.279, -0.555, 1.751
-0.341, -0.509, 1.715
-0.338, -0.481, 1.696
-0.314, -0.468, 1.690
-0.289, -0.453, 1.677
-0.277, -0.441, 1.672
-0.268, -0.455, 1.684
-0.269, -0.468, 1.691
-0.271, -0.482, 1.700
-0.259, -0.482, 1.699
-0.248, -0.482, 1.701
-0.246, -0.468, 1.688
-0.257, -0.455, 1.683
-0.245, -0.454, 1.680
-0.244, -0.442, 1.675
-0.243, -0.428, 1.667
-0.252, -0.414, 1.654
-0.265, -0.427, 1.663
-0.240, -0.402, 1.648
-0.228, -0.388, 1.637
-0.232, -0.428, 1.665
-0.222, -0.441, 1.674
-0.234, -0.454, 1.679
-0.225, -0.471, 1.699
-0.238, -0.484, 1.707
-0.227, -0.485, 1.711
-0.223, -0.455, 1.683
-0.221, -0.428, 1.665
-0.205, -0.376, 1.629
-0.193, -0.363, 1.619
-0.171, -0.351, 1.617
RegionID:2
Center:0.552,-0.375,1.410
Normal:-0.143,-0.706,-0.694
NumPatches:297
0.398, -0.435, 1.497
0.399, -0.446, 1.503
0.403, -0.459, 1.514
0.412, -0.459, 1.513
0.409, -0.445, 1.501
0.423, -0.460, 1.517
0.417, -0.433, 1.493
0.428, -0.434, 1.496
0.423, -0.420, 1.480
0.411, -0.407, 1.471
0.402, -0.408, 1.474
0.397, -0.394, 1.458
0.395, -0.382, 1.449
0.383, -0.371, 1.442
0.381, -0.359, 1.432
0.404, -0.381, 1.447
0.402, -0.370, 1.439
0.399, -0.358, 1.429
0.397, -0.346, 1.421
0.386, -0.336, 1.418
0.378, -0.337, 1.423
0.390, -0.322, 1.397
0.400, -0.332, 1.400
0.398, -0.321, 1.391
0.406, -0.320, 1.388
0.417, -0.331, 1.394
0.412, -0.344, 1.410
0.407, -0.357, 1.426
0.416, -0.356, 1.422
0.421, -0.343, 1.409
0.425, -0.330, 1.391
0.422, -0.319, 1.382
0.413, -0.309, 1.382
0.417, -0.297, 1.365
0.428, -0.307, 1.369
0.431, -0.318, 1.379
0.442, -0.329, 1.386
0.446, -0.341, 1.398
0.449, -0.352, 1.407
0.452, -0.364, 1.416
0.457, -0.377, 1.431
0.463, -0.375, 1.423
0.471, -0.374, 1.418
0.468, -0.362, 1.408
0.465, -0.350, 1.398
0.477, -0.362, 1.408
0.487, -0.362, 1.410
0.484, -0.351, 1.401
0.494, -0.351, 1.401
0.491, -0.340, 1.394
0.479, -0.329, 1.387
0.469, -0.328, 1.385
0.460, -0.329, 1.385
0.451, -0.329, 1.385
0.440, -0.318, 1.378
0.447, -0.307, 1.373
0.435, -0.296, 1.363
0.424, -0.286, 1.358
0.427, -0.273, 1.339
0.439, -0.284, 1.347
0.435, -0.272, 1.335
0.430, -0.261, 1.321
0.438, -0.260, 1.317
0.433, -0.248, 1.302
0.440, -0.247, 1.297
0.447, -0.247, 1.295
0.444, -0.236, 1.284
0.439, -0.226, 1.272
0.436, -0.216, 1.263
0.434, -0.206, 1.256
0.441, -0.206, 1.253
0.439, -0.196, 1.247
0.446, -0.196, 1.243
0.442, -0.186, 1.233
0.454, -0.196, 1.241
0.456, -0.205, 1.249
0.460, -0.215, 1.258
0.455, -0.225, 1.268
0.452, -0.236, 1.284
0.456, -0.247, 1.294
0.461, -0.258, 1.308
0.465, -0.270, 1.321
0.476, -0.280, 1.327
0.472, -0.269, 1.316
0.483, -0.278, 1.322
0.496, -0.290, 1.334
0.495, -0.303, 1.353
0.487, -0.304, 1.357
0.485, -0.317, 1.376
0.488, -0.329, 1.387
0.496, -0.328, 1.382
0.507, -0.338, 1.388
0.503, -0.351, 1.401
0.512, -0.350, 1.399
0.504, -0.327, 1.378
0.499, -0.315, 1.366
0.507, -0.314, 1.362
0.503, -0.303, 1.352
0.514, -0.313, 1.358
0.521, -0.312, 1.351
0.516, -0.300, 1.338
0.504, -0.289, 1.331
0.490, -0.277, 1.317
0.512, -0.289, 1.329
0.509, -0.278, 1.320
0.520, -0.288, 1.326
0.528, -0.288, 1.325
0.525, -0.277, 1.316
0.521, -0.266, 1.306
0.533, -0.277, 1.315
0.537, -0.288, 1.324
0.539, -0.298, 1.331
0.548, -0.298, 1.329
0.559, -0.308, 1.336
0.565, -0.320, 1.350
0.572, -0.333, 1.366
0.579, -0.332, 1.361
0.586, -0.331, 1.358
0.578, -0.318, 1.339
0.566, -0.307, 1.331
0.555, -0.297, 1.326
0.563, -0.296, 1.323
0.574, -0.306, 1.328
0.582, -0.306, 1.327
0.596, -0.317, 1.338
0.590, -0.305, 1.325
0.588, -0.296, 1.320
0.577, -0.286, 1.316
0.576, -0.273, 1.295
0.571, -0.262, 1.283
0.568, -0.252, 1.275
0.557, -0.242, 1.270
0.583, -0.272, 1.290
0.596, -0.295, 1.318
0.605, -0.317, 1.338
0.614, -0.317, 1.338
0.622, -0.317, 1.338
0.620, -0.307, 1.333
0.631, -0.317, 1.337
0.635, -0.328, 1.345
0.641, -0.340, 1.359
0.650, -0.340, 1.359
0.659, -0.340, 1.359
0.653, -0.328, 1.346
0.647, -0.316, 1.334
0.660, -0.327, 1.342
0.654, -0.315, 1.330
0.667, -0.326, 1.338
0.674, -0.326, 1.335
0.688, -0.337, 1.344
0.688, -0.350, 1.361
0.695, -0.363, 1.377
0.694, -0.377, 1.393
0.690, -0.389, 1.403
0.683, -0.390, 1.408
0.676, -0.391, 1.412
0.671, -0.379, 1.403
0.664, -0.366, 1.387
0.670, -0.364, 1.380
0.686, -0.377, 1.394
0.679, -0.364, 1.381
0.693, -0.400, 1.410
0.692, -0.414, 1.426
0.690, -0.428, 1.442
0.686, -0.441, 1.453
0.676, -0.441, 1.452
0.670, -0.453, 1.461
0.665, -0.466, 1.472
0.657, -0.467, 1.475
0.648, -0.468, 1.477
0.638, -0.468, 1.478
0.635, -0.456, 1.471
0.624, -0.445, 1.467
0.616, -0.446, 1.470
0.606, -0.446, 1.470
0.596, -0.446, 1.471
0.593, -0.434, 1.462
0.588, -0.421, 1.451
0.598, -0.421, 1.451
0.612, -0.434, 1.463
0.608, -0.422, 1.453
0.616, -0.420, 1.449
0.628, -0.432, 1.454
0.632, -0.444, 1.462
0.641, -0.444, 1.462
0.655, -0.456, 1.471
0.651, -0.444, 1.461
0.659, -0.442, 1.458
0.666, -0.441, 1.453
0.661, -0.428, 1.443
0.657, -0.416, 1.432
0.665, -0.415, 1.430
0.675, -0.415, 1.430
0.684, -0.415, 1.430
0.624, -0.420, 1.445
0.676, -0.477, 1.476
0.673, -0.492, 1.489
0.672, -0.508, 1.510
0.664, -0.510, 1.514
0.655, -0.510, 1.516
0.646, -0.511, 1.518
0.638, -0.513, 1.525
0.633, -0.499, 1.512
0.620, -0.486, 1.504
0.611, -0.488, 1.508
0.602, -0.488, 1.509
0.589, -0.476, 1.503
0.580, -0.477, 1.505
0.571, -0.477, 1.507
0.562, -0.478, 1.510
0.550, -0.466, 1.504
0.541, -0.468, 1.508
0.531, -0.468, 1.509
0.521, -0.468, 1.508
0.513, -0.469, 1.513
0.506, -0.472, 1.521
0.498, -0.474, 1.530
0.490, -0.476, 1.536
0.478, -0.464, 1.529
0.464, -0.451, 1.519
0.454, -0.450, 1.517
0.447, -0.464, 1.530
0.443, -0.450, 1.517
0.439, -0.436, 1.501
0.458, -0.435, 1.500
0.451, -0.419, 1.476
0.446, -0.404, 1.459
0.456, -0.404, 1.459
0.472, -0.419, 1.479
0.469, -0.436, 1.502
0.474, -0.451, 1.518
0.486, -0.462, 1.524
0.482, -0.449, 1.512
0.478, -0.435, 1.500
0.487, -0.434, 1.494
0.498, -0.445, 1.498
0.494, -0.460, 1.517
0.501, -0.458, 1.508
0.495, -0.432, 1.488
0.465, -0.404, 1.459
0.558, -0.465, 1.499
0.598, -0.475, 1.500
0.628, -0.485, 1.500
0.681, -0.507, 1.506
0.681, -0.490, 1.486
0.691, -0.491, 1.486
0.702, -0.491, 1.489
0.698, -0.478, 1.479
0.683, -0.465, 1.468
0.673, -0.465, 1.468
0.693, -0.465, 1.469
0.690, -0.453, 1.462
0.702, -0.465, 1.467
0.709, -0.463, 1.463
0.705, -0.451, 1.454
0.694, -0.440, 1.450
0.702, -0.439, 1.446
0.708, -0.437, 1.441
0.717, -0.436, 1.438
0.710, -0.423, 1.425
0.697, -0.412, 1.418
0.705, -0.411, 1.415
0.727, -0.437, 1.439
0.732, -0.449, 1.449
0.737, -0.462, 1.459
0.733, -0.475, 1.470
0.733, -0.492, 1.491
0.723, -0.492, 1.492
0.713, -0.492, 1.490
0.723, -0.476, 1.471
0.742, -0.475, 1.470
0.735, -0.436, 1.437
0.729, -0.423, 1.425
0.723, -0.410, 1.414
0.720, -0.399, 1.408
0.708, -0.388, 1.401
0.702, -0.376, 1.390
0.715, -0.387, 1.398
0.694, -0.349, 1.356
0.679, -0.324, 1.328
0.628, -0.307, 1.332
0.541, -0.277, 1.313
0.479, -0.304, 1.360
0.460, -0.236, 1.282
0.463, -0.225, 1.267
0.464, -0.205, 1.247
0.462, -0.195, 1.240
0.472, -0.204, 1.245
0.477, -0.215, 1.260
0.479, -0.204, 1.242
0.468, -0.195, 1.237
0.486, -0.203, 1.239
0.446, -0.283, 1.343
0.450, -0.294, 1.355
0.455, -0.307, 1.370
0.459, -0.318, 1.380
0.419, -0.406, 1.467
RegionID:3
Center:-0.821,-0.464,1.985
Normal:-0.425,-0.298,-0.855
NumPatches:55
-0.840, -0.403, 1.976
-0.858, -0.419, 1.988
-0.872, -0.406, 1.991
-0.871, -0.392, 1.987
-0.867, -0.377, 1.978
-0.880, -0.364, 1.978
-0.877, -0.350, 1.971
-0.876, -0.336, 1.970
-0.860, -0.348, 1.963
-0.862, -0.362, 1.968
-0.849, -0.375, 1.967
-0.854, -0.391, 1.980
-0.858, -0.405, 1.988
-0.842, -0.417, 1.981
-0.859, -0.432, 1.990
-0.846, -0.446, 1.991
-0.848, -0.460, 1.995
-0.835, -0.474, 1.997
-0.838, -0.489, 2.005
-0.823, -0.501, 2.001
-0.821, -0.486, 1.994
-0.817, -0.471, 1.986
-0.831, -0.458, 1.988
-0.815, -0.456, 1.980
-0.811, -0.441, 1.972
-0.825, -0.429, 1.973
-0.844, -0.431, 1.986
-0.824, -0.415, 1.969
-0.807, -0.426, 1.962
-0.801, -0.469, 1.978
-0.786, -0.481, 1.974
-0.806, -0.499, 1.991
-0.808, -0.513, 1.996
-0.809, -0.527, 1.997
-0.794, -0.539, 1.995
-0.798, -0.555, 2.003
-0.801, -0.570, 2.011
-0.787, -0.583, 2.010
-0.786, -0.569, 2.007
-0.782, -0.553, 1.998
-0.779, -0.537, 1.988
-0.793, -0.525, 1.992
-0.792, -0.511, 1.987
-0.788, -0.496, 1.980
-0.775, -0.509, 1.978
-0.778, -0.523, 1.985
-0.766, -0.551, 1.991
-0.770, -0.567, 2.000
-0.771, -0.581, 2.002
-0.772, -0.595, 2.004
-0.757, -0.594, 2.000
-0.785, -0.467, 1.971
-0.845, -0.361, 1.959
-0.844, -0.347, 1.956
-0.860, -0.335, 1.962
RegionID:4
Center:0.258,-0.239,1.440
Normal:0.657,0.287,-0.697
NumPatches:57
0.284, -0.212, 1.472
0.271, -0.220, 1.458
0.260, -0.228, 1.450
0.259, -0.237, 1.445
0.271, -0.239, 1.453
0.282, -0.240, 1.462
0.292, -0.250, 1.466
0.293, -0.241, 1.470
0.294, -0.233, 1.476
0.283, -0.221, 1.467
0.303, -0.252, 1.472
0.315, -0.263, 1.480
0.315, -0.273, 1.481
0.315, -0.282, 1.479
0.313, -0.291, 1.474
0.300, -0.297, 1.456
0.289, -0.295, 1.448
0.278, -0.294, 1.440
0.266, -0.282, 1.428
0.255, -0.271, 1.423
0.246, -0.261, 1.420
0.235, -0.251, 1.413
0.224, -0.249, 1.404
0.214, -0.239, 1.399
0.203, -0.237, 1.388
0.193, -0.227, 1.381
0.183, -0.217, 1.376
0.184, -0.209, 1.383
0.185, -0.200, 1.390
0.195, -0.202, 1.399
0.206, -0.203, 1.408
0.216, -0.204, 1.414
0.217, -0.195, 1.418
0.228, -0.196, 1.425
0.239, -0.198, 1.439
0.240, -0.189, 1.446
0.252, -0.191, 1.456
0.263, -0.192, 1.463
0.264, -0.183, 1.473
0.274, -0.193, 1.473
0.277, -0.185, 1.485
0.287, -0.195, 1.489
0.286, -0.204, 1.482
0.194, -0.219, 1.387
0.204, -0.229, 1.394
0.225, -0.241, 1.408
0.246, -0.253, 1.423
0.257, -0.263, 1.430
0.267, -0.273, 1.433
0.278, -0.284, 1.441
0.299, -0.306, 1.452
0.299, -0.315, 1.450
0.309, -0.316, 1.454
0.310, -0.307, 1.459
0.312, -0.299, 1.467
0.315, -0.253, 1.481
0.261, -0.219, 1.451
RegionID:5
Center:-0.003,-0.003,1.052
Normal:-0.247,-0.691,-0.679
NumPatches:378
0.063, -0.131, 1.176
0.071, -0.139, 1.184
0.079, -0.139, 1.181
0.088, -0.149, 1.197
0.086, -0.139, 1.180
0.086, -0.130, 1.170
0.085, -0.121, 1.155
0.076, -0.112, 1.144
0.069, -0.112, 1.148
0.061, -0.113, 1.151
0.054, -0.113, 1.153
0.046, -0.113, 1.154
0.039, -0.113, 1.156
0.031, -0.114, 1.161
0.023, -0.114, 1.165
0.016, -0.114, 1.169
0.008, -0.115, 1.173
0.000, -0.106, 1.167
0.000, -0.098, 1.155
-0.007, -0.090, 1.148
-0.015, -0.098, 1.163
-0.015, -0.090, 1.152
-0.022, -0.081, 1.141
-0.030, -0.082, 1.144
-0.038, -0.082, 1.150
-0.046, -0.082, 1.156
-0.054, -0.083, 1.160
-0.061, -0.075, 1.154
-0.069, -0.075, 1.157
-0.076, -0.067, 1.153
-0.084, -0.067, 1.158
-0.092, -0.067, 1.162
-0.099, -0.059, 1.155
-0.106, -0.051, 1.147
-0.113, -0.044, 1.141
-0.120, -0.036, 1.131
-0.128, -0.036, 1.138
-0.127, -0.028, 1.130
-0.135, -0.021, 1.132
-0.145, -0.029, 1.149
-0.154, -0.029, 1.162
-0.164, -0.029, 1.178
-0.174, -0.030, 1.190
-0.182, -0.022, 1.190
-0.180, -0.014, 1.183
-0.172, -0.022, 1.181
-0.171, -0.014, 1.172
-0.170, -0.006, 1.164
-0.169, 0.002, 1.159
-0.169, 0.010, 1.156
-0.160, 0.002, 1.150
-0.150, 0.002, 1.134
-0.150, 0.009, 1.128
-0.148, 0.017, 1.115
-0.146, 0.024, 1.100
-0.144, 0.031, 1.089
-0.143, 0.038, 1.079
-0.142, 0.044, 1.069
-0.152, 0.052, 1.090
-0.134, 0.037, 1.061
-0.135, 0.030, 1.070
-0.127, 0.030, 1.061
-0.119, 0.030, 1.053
-0.117, 0.036, 1.041
-0.116, 0.043, 1.030
-0.123, 0.050, 1.030
-0.132, 0.044, 1.051
-0.131, 0.050, 1.042
-0.130, 0.057, 1.034
-0.115, 0.049, 1.021
-0.114, 0.055, 1.013
-0.107, 0.055, 1.006
-0.106, 0.061, 1.000
-0.106, 0.068, 0.996
-0.099, 0.068, 0.994
-0.099, 0.074, 0.991
-0.105, 0.081, 0.993
-0.105, 0.087, 0.991
-0.098, 0.080, 0.989
-0.098, 0.087, 0.987
-0.098, 0.093, 0.984
-0.091, 0.086, 0.983
-0.091, 0.080, 0.986
-0.092, 0.074, 0.989
-0.085, 0.067, 0.990
-0.086, 0.061, 0.994
-0.086, 0.055, 0.999
-0.079, 0.054, 0.994
-0.073, 0.048, 0.997
-0.073, 0.042, 1.007
-0.067, 0.042, 1.005
-0.060, 0.042, 1.003
-0.059, 0.048, 0.993
-0.065, 0.054, 0.989
-0.072, 0.054, 0.991
-0.072, 0.061, 0.987
-0.079, 0.067, 0.988
-0.085, 0.074, 0.987
-0.072, 0.067, 0.984
-0.065, 0.060, 0.983
-0.065, 0.067, 0.981
-0.065, 0.073, 0.978
-0.065, 0.079, 0.976
-0.071, 0.086, 0.975
-0.078, 0.086, 0.977
-0.084, 0.086, 0.980
-0.091, 0.093, 0.981
-0.084, 0.092, 0.978
-0.078, 0.092, 0.976
-0.058, 0.079, 0.975
-0.052, 0.073, 0.975
-0.052, 0.066, 0.977
-0.058, 0.060, 0.981
-0.052, 0.054, 0.983
-0.052, 0.048, 0.990
-0.046, 0.041, 0.996
-0.047, 0.035, 1.007
-0.047, 0.029, 1.016
-0.040, 0.029, 1.014
-0.033, 0.028, 1.012
-0.027, 0.028, 1.007
-0.026, 0.035, 0.998
-0.033, 0.041, 0.993
-0.039, 0.041, 0.994
-0.033, 0.047, 0.988
-0.032, 0.054, 0.984
-0.039, 0.060, 0.980
-0.045, 0.060, 0.979
-0.052, 0.060, 0.979
-0.039, 0.066, 0.977
-0.045, 0.073, 0.975
-0.052, 0.079, 0.974
-0.052, 0.086, 0.974
-0.052, 0.092, 0.975
-0.052, 0.099, 0.976
-0.045, 0.099, 0.976
-0.039, 0.099, 0.977
-0.039, 0.105, 0.978
-0.045, 0.112, 0.980
-0.046, 0.119, 0.984
-0.052, 0.126, 0.990
-0.046, 0.126, 0.989
-0.046, 0.133, 0.994
-0.039, 0.133, 0.990
-0.033, 0.126, 0.985
-0.032, 0.119, 0.982
-0.039, 0.112, 0.980
-0.032, 0.112, 0.980
-0.026, 0.105, 0.979
-0.026, 0.099, 0.979
-0.019, 0.099, 0.980
-0.013, 0.093, 0.980
-0.013, 0.099, 0.981
-0.013, 0.106, 0.980
-0.006, 0.106, 0.980
0.000, 0.099, 0.980
-0.006, 0.093, 0.980
0.000, 0.086, 0.979
0.000, 0.080, 0.979
0.000, 0.073, 0.981
0.007, 0.073, 0.980
0.013, 0.067, 0.981
0.013, 0.073, 0.979
0.020, 0.067, 0.981
0.026, 0.067, 0.980
0.033, 0.060, 0.980
0.033, 0.054, 0.981
0.033, 0.047, 0.983
0.033, 0.041, 0.986
0.033, 0.034, 0.989
0.033, 0.028, 0.992
0.027, 0.022, 1.003
0.020, 0.015, 1.011
0.014, 0.008, 1.024
0.007, 0.002, 1.039
0.000, -0.005, 1.047
-0.007, -0.012, 1.052
-0.014, -0.005, 1.047
-0.014, 0.002, 1.037
-0.013, 0.009, 1.030
-0.007, 0.009, 1.030
0.000, 0.009, 1.031
0.000, 0.015, 1.022
-0.007, 0.022, 1.016
-0.013, 0.022, 1.016
-0.020, 0.022, 1.016
-0.020, 0.028, 1.004
-0.020, 0.035, 0.996
-0.026, 0.041, 0.991
-0.020, 0.041, 0.990
-0.013, 0.047, 0.986
-0.019, 0.054, 0.983
-0.026, 0.054, 0.983
-0.013, 0.054, 0.983
-0.006, 0.047, 0.985
-0.006, 0.054, 0.983
0.000, 0.054, 0.983
0.007, 0.047, 0.985
0.007, 0.054, 0.984
0.013, 0.047, 0.986
0.013, 0.041, 0.989
0.007, 0.035, 0.993
0.000, 0.034, 0.991
-0.006, 0.034, 0.991
0.013, 0.028, 1.000
0.007, 0.022, 1.012
0.000, 0.022, 1.015
0.014, 0.022, 1.008
0.020, 0.022, 1.005
0.027, 0.015, 1.008
0.021, 0.008, 1.020
0.021, 0.002, 1.031
0.014, -0.005, 1.045
0.007, -0.012, 1.051
0.000, -0.019, 1.057
-0.007, -0.019, 1.058
0.007, -0.019, 1.056
0.014, -0.019, 1.054
0.021, -0.019, 1.052
0.021, -0.012, 1.047
0.021, -0.005, 1.040
0.007, -0.005, 1.047
0.027, 0.008, 1.017
0.034, 0.008, 1.013
0.040, 0.008, 1.011
0.047, 0.002, 1.017
0.047, 0.008, 1.011
0.054, 0.002, 1.015
0.061, 0.002, 1.012
0.067, 0.002, 1.010
0.074, 0.002, 1.009
0.081, -0.005, 1.012
0.080, 0.002, 1.006
0.087, -0.005, 1.008
0.088, -0.012, 1.018
0.095, -0.012, 1.015
0.102, -0.019, 1.021
0.101, -0.012, 1.012
0.109, -0.019, 1.020
0.116, -0.026, 1.025
0.115, -0.019, 1.017
0.122, -0.025, 1.022
0.129, -0.025, 1.020
0.128, -0.018, 1.012
0.120, -0.012, 1.006
0.120, -0.005, 0.999
0.112, 0.002, 0.993
0.127, -0.012, 1.005
0.126, -0.005, 1.000
0.134, -0.012, 1.006
0.142, -0.019, 1.016
0.136, -0.025, 1.020
0.143, -0.032, 1.026
0.137, -0.039, 1.033
0.132, -0.047, 1.045
0.133, -0.054, 1.054
0.134, -0.062, 1.060
0.135, -0.069, 1.069
0.136, -0.077, 1.080
0.138, -0.085, 1.088
0.132, -0.093, 1.101
0.126, -0.102, 1.115
0.120, -0.111, 1.130
0.113, -0.111, 1.131
0.107, -0.120, 1.145
0.099, -0.120, 1.148
0.093, -0.130, 1.167
0.092, -0.120, 1.153
0.084, -0.112, 1.142
0.106, -0.111, 1.133
0.119, -0.102, 1.119
0.133, -0.101, 1.111
0.139, -0.093, 1.098
0.143, -0.077, 1.077
0.142, -0.069, 1.067
0.150, -0.077, 1.076
0.149, -0.069, 1.068
0.154, -0.061, 1.056
0.146, -0.054, 1.045
0.139, -0.047, 1.041
0.144, -0.039, 1.030
0.152, -0.046, 1.037
0.151, -0.039, 1.029
0.143, -0.025, 1.021
0.149, -0.025, 1.021
0.140, -0.005, 1.000
0.033, 0.021, 0.998
0.040, 0.021, 0.994
0.046, 0.021, 0.994
0.053, 0.021, 0.993
0.053, 0.028, 0.990
0.046, 0.034, 0.987
0.040, 0.034, 0.988
0.053, 0.034, 0.986
0.059, 0.034, 0.987
0.059, 0.041, 0.983
0.052, 0.047, 0.979
0.046, 0.047, 0.979
0.046, 0.053, 0.978
0.039, 0.060, 0.979
0.033, 0.067, 0.980
0.046, 0.060, 0.978
0.046, 0.066, 0.978
0.046, 0.073, 0.978
0.039, 0.080, 0.979
0.033, 0.079, 0.978
0.026, 0.086, 0.978
0.020, 0.086, 0.977
0.013, 0.093, 0.979
0.007, 0.086, 0.978
0.000, 0.093, 0.979
0.007, 0.092, 0.979
0.013, 0.099, 0.981
0.007, 0.106, 0.982
0.000, 0.106, 0.980
0.013, 0.106, 0.984
0.013, 0.113, 0.986
0.007, 0.119, 0.986
0.000, 0.119, 0.983
0.020, 0.106, 0.986
0.020, 0.099, 0.983
0.026, 0.107, 0.989
0.020, 0.113, 0.990
0.033, 0.100, 0.988
0.033, 0.107, 0.992
0.040, 0.100, 0.990
0.040, 0.093, 0.986
0.046, 0.093, 0.988
0.046, 0.100, 0.992
0.053, 0.094, 0.990
0.059, 0.087, 0.988
0.059, 0.080, 0.984
0.052, 0.073, 0.979
0.046, 0.080, 0.980
0.059, 0.067, 0.979
0.059, 0.060, 0.979
0.065, 0.060, 0.980
0.065, 0.067, 0.980
0.059, 0.073, 0.980
0.065, 0.073, 0.982
0.072, 0.067, 0.982
0.072, 0.073, 0.984
0.072, 0.080, 0.988
0.066, 0.087, 0.991
0.060, 0.094, 0.993
0.073, 0.087, 0.994
0.079, 0.081, 0.992
0.079, 0.074, 0.987
0.059, 0.047, 0.981
0.066, 0.041, 0.985
0.066, 0.034, 0.987
0.072, 0.034, 0.987
0.079, 0.028, 0.987
0.079, 0.021, 0.989
0.079, 0.015, 0.994
0.065, 0.047, 0.983
0.013, 0.035, 0.994
0.007, 0.008, 1.028
-0.007, -0.005, 1.047
-0.026, 0.112, 0.979
-0.019, 0.119, 0.980
-0.026, 0.126, 0.984
-0.033, 0.133, 0.988
-0.019, 0.126, 0.984
-0.013, 0.119, 0.981
-0.013, 0.126, 0.985
-0.039, 0.073, 0.976
-0.144, -0.021, 1.143
-0.126, -0.020, 1.120
-0.112, -0.036, 1.126
-0.105, -0.043, 1.133
-0.098, -0.051, 1.138
-0.092, -0.059, 1.152
-0.068, -0.067, 1.148
-0.053, -0.074, 1.149
-0.015, -0.081, 1.138
0.000, -0.089, 1.143
0.008, -0.106, 1.161
RegionID:6
Center:0.347,-0.127,1.334
Normal:-0.083,-0.710,-0.700
NumPatches:41
0.368, -0.150, 1.351
0.363, -0.161, 1.366
0.355, -0.161, 1.368
0.346, -0.161, 1.371
0.340, -0.172, 1.381
0.338, -0.162, 1.373
0.334, -0.151, 1.360
0.332, -0.141, 1.348
0.321, -0.131, 1.340
0.319, -0.122, 1.333
0.308, -0.112, 1.323
0.297, -0.102, 1.313
0.306, -0.102, 1.314
0.317, -0.112, 1.325
0.314, -0.102, 1.313
0.326, -0.112, 1.325
0.336, -0.121, 1.331
0.329, -0.131, 1.337
0.337, -0.131, 1.336
0.334, -0.112, 1.323
0.331, -0.102, 1.310
0.339, -0.102, 1.308
0.348, -0.102, 1.307
0.345, -0.093, 1.298
0.356, -0.102, 1.307
0.359, -0.111, 1.317
0.362, -0.121, 1.328
0.356, -0.131, 1.339
0.358, -0.141, 1.345
0.360, -0.151, 1.355
0.372, -0.161, 1.363
0.365, -0.171, 1.373
0.365, -0.131, 1.339
0.373, -0.131, 1.338
0.382, -0.131, 1.337
0.390, -0.131, 1.334
0.367, -0.111, 1.314
0.365, -0.102, 1.306
0.375, -0.111, 1.312
0.373, -0.102, 1.304
0.370, -0.092, 1.295
RegionID:7
Center:-0.425,-0.072,1.298
Normal:-0.095,-0.711,-0.697
NumPatches:122
-0.364, -0.057, 1.275
-0.373, -0.057, 1.277
-0.382, -0.057, 1.278
-0.391, -0.057, 1.279
-0.396, -0.049, 1.271
-0.405, -0.049, 1.273
-0.414, -0.049, 1.274
-0.423, -0.049, 1.274
-0.428, -0.040, 1.264
-0.436, -0.040, 1.265
-0.443, -0.031, 1.258
-0.451, -0.031, 1.259
-0.460, -0.031, 1.260
-0.469, -0.031, 1.262
-0.478, -0.031, 1.265
-0.487, -0.032, 1.265
-0.496, -0.032, 1.267
-0.505, -0.032, 1.268
-0.510, -0.023, 1.258
-0.519, -0.023, 1.260
-0.525, -0.015, 1.256
-0.534, -0.015, 1.257
-0.543, -0.015, 1.258
-0.552, -0.015, 1.259
-0.560, -0.015, 1.260
-0.573, -0.023, 1.269
-0.582, -0.023, 1.270
-0.577, -0.015, 1.260
-0.574, -0.006, 1.254
-0.569, -0.015, 1.260
-0.577, -0.032, 1.279
-0.580, -0.041, 1.285
-0.585, -0.049, 1.296
-0.582, -0.059, 1.308
-0.586, -0.068, 1.317
-0.577, -0.068, 1.316
-0.567, -0.068, 1.314
-0.561, -0.077, 1.321
-0.558, -0.068, 1.313
-0.553, -0.077, 1.323
-0.549, -0.067, 1.312
-0.545, -0.058, 1.302
-0.536, -0.058, 1.302
-0.531, -0.067, 1.310
-0.545, -0.077, 1.325
-0.536, -0.077, 1.324
-0.526, -0.077, 1.321
-0.520, -0.067, 1.307
-0.526, -0.058, 1.299
-0.516, -0.058, 1.295
-0.506, -0.058, 1.291
-0.497, -0.058, 1.291
-0.493, -0.067, 1.304
-0.507, -0.076, 1.317
-0.516, -0.077, 1.319
-0.510, -0.086, 1.324
-0.500, -0.086, 1.322
-0.497, -0.076, 1.315
-0.491, -0.085, 1.320
-0.485, -0.095, 1.329
-0.481, -0.085, 1.318
-0.476, -0.095, 1.327
-0.466, -0.095, 1.325
-0.456, -0.094, 1.322
-0.447, -0.094, 1.320
-0.438, -0.094, 1.320
-0.433, -0.104, 1.331
-0.430, -0.094, 1.321
-0.424, -0.104, 1.331
-0.414, -0.104, 1.329
-0.405, -0.103, 1.327
-0.400, -0.113, 1.339
-0.396, -0.103, 1.326
-0.390, -0.113, 1.337
-0.381, -0.113, 1.334
-0.371, -0.113, 1.332
-0.364, -0.122, 1.337
-0.367, -0.132, 1.349
-0.354, -0.122, 1.335
-0.362, -0.112, 1.329
-0.346, -0.122, 1.338
-0.338, -0.122, 1.339
-0.328, -0.122, 1.334
-0.319, -0.122, 1.334
-0.313, -0.132, 1.346
-0.310, -0.122, 1.334
-0.303, -0.132, 1.345
-0.294, -0.132, 1.344
-0.285, -0.131, 1.342
-0.276, -0.131, 1.340
-0.266, -0.131, 1.338
-0.264, -0.121, 1.326
-0.262, -0.111, 1.316
-0.260, -0.102, 1.307
-0.266, -0.092, 1.295
-0.276, -0.093, 1.299
-0.285, -0.093, 1.302
-0.283, -0.084, 1.295
-0.290, -0.075, 1.287
-0.299, -0.075, 1.287
-0.307, -0.075, 1.286
-0.316, -0.075, 1.288
-0.325, -0.075, 1.291
-0.332, -0.066, 1.283
-0.340, -0.066, 1.280
-0.348, -0.066, 1.281
-0.358, -0.066, 1.283
-0.366, -0.066, 1.283
-0.323, -0.066, 1.282
-0.282, -0.075, 1.286
-0.264, -0.083, 1.285
-0.263, -0.074, 1.277
-0.258, -0.092, 1.296
-0.248, -0.083, 1.287
-0.246, -0.074, 1.279
-0.489, -0.058, 1.292
-0.576, -0.049, 1.295
-0.516, -0.015, 1.254
-0.501, -0.023, 1.259
-0.434, -0.031, 1.257
-0.420, -0.040, 1.265
-0.388, -0.049, 1.271
RegionID:8
Center:0.328,0.193,1.120
Normal:-0.215,-0.398,-0.892
NumPatches:183
0.433, -0.054, 1.206
0.425, -0.054, 1.208
0.424, -0.046, 1.205
0.423, -0.038, 1.202
0.422, -0.030, 1.198
0.413, -0.022, 1.196
0.411, -0.014, 1.191
0.410, -0.006, 1.188
0.410, 0.002, 1.186
0.409, 0.010, 1.183
0.408, 0.018, 1.180
0.406, 0.025, 1.175
0.398, 0.033, 1.173
0.397, 0.041, 1.170
0.396, 0.048, 1.168
0.388, 0.056, 1.167
0.387, 0.064, 1.163
0.385, 0.071, 1.160
0.384, 0.079, 1.156
0.383, 0.086, 1.153
0.382, 0.093, 1.151
0.375, 0.101, 1.150
0.373, 0.108, 1.147
0.372, 0.116, 1.143
0.364, 0.123, 1.141
0.363, 0.130, 1.138
0.362, 0.137, 1.136
0.361, 0.145, 1.133
0.354, 0.152, 1.132
0.353, 0.159, 1.129
0.351, 0.166, 1.125
0.344, 0.173, 1.124
0.343, 0.180, 1.122
0.342, 0.188, 1.120
0.342, 0.194, 1.117
0.340, 0.201, 1.114
0.339, 0.208, 1.110
0.339, 0.215, 1.107
0.331, 0.222, 1.106
0.330, 0.228, 1.102
0.329, 0.235, 1.099
0.328, 0.242, 1.096
0.327, 0.249, 1.094
0.320, 0.256, 1.094
0.319, 0.262, 1.090
0.318, 0.269, 1.087
0.310, 0.275, 1.085
0.304, 0.269, 1.090
0.299, 0.264, 1.097
0.292, 0.264, 1.099
0.286, 0.258, 1.103
0.287, 0.251, 1.106
0.287, 0.244, 1.109
0.295, 0.237, 1.108
0.295, 0.230, 1.110
0.296, 0.223, 1.113
0.297, 0.217, 1.116
0.304, 0.209, 1.117
0.305, 0.202, 1.120
0.306, 0.196, 1.123
0.307, 0.189, 1.127
0.315, 0.182, 1.129
0.316, 0.174, 1.131
0.316, 0.167, 1.133
0.324, 0.160, 1.134
0.325, 0.153, 1.136
0.326, 0.146, 1.140
0.334, 0.138, 1.141
0.335, 0.131, 1.144
0.335, 0.124, 1.147
0.336, 0.116, 1.150
0.337, 0.109, 1.154
0.346, 0.102, 1.155
0.346, 0.094, 1.158
0.354, 0.086, 1.159
0.355, 0.079, 1.162
0.357, 0.072, 1.167
0.358, 0.064, 1.170
0.359, 0.056, 1.174
0.367, 0.049, 1.175
0.368, 0.041, 1.178
0.369, 0.033, 1.181
0.377, 0.025, 1.183
0.379, 0.018, 1.187
0.380, 0.010, 1.190
0.388, 0.002, 1.192
0.389, -0.006, 1.194
0.390, -0.014, 1.196
0.391, -0.022, 1.202
0.393, -0.030, 1.206
0.401, -0.038, 1.206
0.401, -0.046, 1.208
0.403, -0.054, 1.212
0.404, -0.062, 1.215
0.412, -0.071, 1.217
0.411, -0.062, 1.213
0.420, -0.071, 1.215
0.428, -0.071, 1.215
0.435, -0.070, 1.214
0.434, -0.062, 1.209
0.400, -0.030, 1.204
0.387, 0.010, 1.189
0.376, 0.033, 1.178
0.366, 0.056, 1.172
0.354, 0.094, 1.157
0.345, 0.109, 1.153
0.333, 0.145, 1.138
0.324, 0.167, 1.132
0.314, 0.189, 1.126
0.304, 0.216, 1.115
0.294, 0.244, 1.107
0.285, 0.264, 1.100
0.284, 0.271, 1.096
0.276, 0.277, 1.093
0.275, 0.284, 1.090
0.275, 0.290, 1.088
0.274, 0.297, 1.085
0.274, 0.304, 1.083
0.266, 0.310, 1.082
0.265, 0.317, 1.079
0.265, 0.323, 1.076
0.264, 0.329, 1.074
0.257, 0.336, 1.073
0.256, 0.343, 1.072
0.256, 0.349, 1.069
0.248, 0.356, 1.068
0.248, 0.362, 1.065
0.247, 0.368, 1.061
0.246, 0.374, 1.058
0.246, 0.380, 1.057
0.239, 0.387, 1.056
0.238, 0.393, 1.053
0.237, 0.399, 1.050
0.244, 0.398, 1.048
0.251, 0.398, 1.047
0.257, 0.397, 1.046
0.264, 0.397, 1.045
0.271, 0.397, 1.044
0.278, 0.390, 1.047
0.279, 0.384, 1.048
0.279, 0.378, 1.050
0.280, 0.372, 1.052
0.287, 0.365, 1.053
0.288, 0.359, 1.056
0.289, 0.353, 1.059
0.289, 0.347, 1.061
0.296, 0.340, 1.061
0.297, 0.333, 1.063
0.298, 0.327, 1.066
0.298, 0.320, 1.068
0.299, 0.314, 1.071
0.306, 0.307, 1.072
0.301, 0.302, 1.077
0.302, 0.296, 1.081
0.303, 0.289, 1.084
0.303, 0.283, 1.086
0.297, 0.276, 1.089
0.291, 0.271, 1.095
0.283, 0.277, 1.092
0.290, 0.277, 1.091
0.303, 0.276, 1.087
0.309, 0.289, 1.082
0.317, 0.282, 1.083
0.317, 0.275, 1.084
0.307, 0.301, 1.075
0.306, 0.314, 1.070
0.296, 0.346, 1.060
0.286, 0.371, 1.051
0.278, 0.396, 1.044
0.245, 0.386, 1.055
0.255, 0.355, 1.065
0.264, 0.336, 1.072
0.273, 0.310, 1.081
0.305, 0.263, 1.094
0.326, 0.255, 1.092
0.338, 0.222, 1.105
0.351, 0.173, 1.122
0.360, 0.152, 1.130
0.371, 0.123, 1.140
0.382, 0.101, 1.149
0.395, 0.056, 1.166
0.405, 0.033, 1.172
0.420, -0.022, 1.193
RegionID:9
Center:-0.322,0.037,1.407
Normal:-0.123,-0.685,-0.718
NumPatches:28
-0.342, 0.058, 1.393
-0.354, 0.049, 1.402
-0.356, 0.040, 1.411
-0.358, 0.031, 1.421
-0.348, 0.031, 1.418
-0.340, 0.021, 1.424
-0.338, 0.030, 1.415
-0.328, 0.030, 1.412
-0.326, 0.040, 1.406
-0.334, 0.049, 1.400
-0.344, 0.049, 1.401
-0.351, 0.058, 1.392
-0.324, 0.049, 1.397
-0.322, 0.057, 1.385
-0.315, 0.049, 1.395
-0.317, 0.040, 1.404
-0.309, 0.030, 1.410
-0.320, 0.021, 1.418
-0.307, 0.039, 1.402
-0.305, 0.049, 1.394
-0.297, 0.039, 1.401
-0.300, 0.030, 1.411
-0.302, 0.021, 1.423
-0.294, 0.012, 1.428
-0.282, 0.021, 1.416
-0.290, 0.030, 1.408
-0.288, 0.039, 1.399
-0.280, 0.030, 1.405
RegionID:10
Center:0.144,0.155,1.045
Normal:0.699,0.428,-0.574
NumPatches:200
0.127, 0.219, 1.057
0.118, 0.217, 1.046
0.111, 0.215, 1.039
0.103, 0.214, 1.032
0.095, 0.206, 1.024
0.095, 0.199, 1.024
0.103, 0.193, 1.029
0.102, 0.185, 1.025
0.110, 0.186, 1.031
0.117, 0.187, 1.037
0.118, 0.195, 1.041
0.111, 0.202, 1.040
0.103, 0.200, 1.033
0.118, 0.203, 1.046
0.126, 0.205, 1.055
0.127, 0.212, 1.057
0.134, 0.206, 1.062
0.135, 0.214, 1.066
0.142, 0.208, 1.070
0.142, 0.200, 1.067
0.149, 0.193, 1.070
0.150, 0.201, 1.075
0.158, 0.195, 1.081
0.167, 0.197, 1.089
0.174, 0.190, 1.090
0.173, 0.182, 1.086
0.172, 0.174, 1.080
0.181, 0.175, 1.087
0.189, 0.176, 1.094
0.198, 0.177, 1.102
0.207, 0.179, 1.114
0.215, 0.172, 1.117
0.218, 0.182, 1.132
0.226, 0.175, 1.135
0.224, 0.166, 1.123
0.232, 0.159, 1.128
0.231, 0.151, 1.121
0.239, 0.144, 1.124
0.241, 0.152, 1.132
0.249, 0.145, 1.135
0.248, 0.137, 1.131
0.257, 0.130, 1.135
0.255, 0.122, 1.129
0.254, 0.114, 1.124
0.253, 0.106, 1.121
0.252, 0.098, 1.116
0.260, 0.091, 1.118
0.261, 0.099, 1.123
0.269, 0.091, 1.126
0.269, 0.084, 1.124
0.268, 0.076, 1.122
0.268, 0.069, 1.118
0.266, 0.061, 1.113
0.255, 0.053, 1.098
0.246, 0.052, 1.090
0.239, 0.060, 1.088
0.230, 0.059, 1.079
0.220, 0.058, 1.069
0.212, 0.065, 1.065
0.204, 0.065, 1.057
0.195, 0.064, 1.046
0.185, 0.063, 1.032
0.176, 0.063, 1.020
0.168, 0.055, 1.009
0.160, 0.048, 1.002
0.153, 0.048, 1.000
0.146, 0.041, 0.995
0.139, 0.035, 0.992
0.132, 0.035, 0.992
0.126, 0.041, 0.995
0.119, 0.034, 0.991
0.112, 0.028, 0.987
0.118, 0.021, 0.988
0.118, 0.028, 0.989
0.132, 0.041, 0.994
0.133, 0.048, 0.997
0.127, 0.055, 1.002
0.120, 0.055, 1.003
0.127, 0.062, 1.006
0.121, 0.069, 1.008
0.128, 0.069, 1.009
0.128, 0.075, 1.012
0.135, 0.076, 1.014
0.141, 0.069, 1.013
0.141, 0.062, 1.007
0.133, 0.055, 1.001
0.148, 0.062, 1.008
0.155, 0.062, 1.011
0.155, 0.069, 1.015
0.149, 0.076, 1.017
0.142, 0.076, 1.016
0.156, 0.076, 1.019
0.156, 0.083, 1.022
0.150, 0.090, 1.022
0.150, 0.097, 1.024
0.143, 0.103, 1.023
0.150, 0.104, 1.027
0.159, 0.112, 1.039
0.160, 0.119, 1.043
0.153, 0.126, 1.042
0.145, 0.125, 1.036
0.137, 0.132, 1.033
0.130, 0.138, 1.031
0.123, 0.145, 1.025
0.115, 0.143, 1.016
0.108, 0.150, 1.015
0.101, 0.156, 1.011
0.101, 0.163, 1.015
0.094, 0.169, 1.011
0.087, 0.168, 1.003
0.080, 0.174, 0.999
0.073, 0.173, 0.992
0.073, 0.180, 0.995
0.066, 0.186, 0.992
0.059, 0.192, 0.987
0.052, 0.197, 0.982
0.045, 0.189, 0.972
0.039, 0.195, 0.970
0.032, 0.200, 0.966
0.026, 0.206, 0.963
0.019, 0.212, 0.962
0.026, 0.213, 0.968
0.026, 0.221, 0.972
0.033, 0.222, 0.977
0.033, 0.229, 0.980
0.033, 0.236, 0.983
0.033, 0.244, 0.987
0.040, 0.246, 0.995
0.040, 0.253, 0.999
0.040, 0.261, 1.002
0.047, 0.262, 1.007
0.047, 0.270, 1.010
0.047, 0.278, 1.017
0.048, 0.288, 1.026
0.048, 0.297, 1.034
0.056, 0.299, 1.041
0.056, 0.308, 1.049
0.056, 0.317, 1.057
0.064, 0.311, 1.059
0.063, 0.302, 1.052
0.063, 0.292, 1.043
0.069, 0.285, 1.043
0.069, 0.277, 1.036
0.069, 0.269, 1.033
0.068, 0.260, 1.026
0.075, 0.253, 1.026
0.075, 0.246, 1.024
0.082, 0.240, 1.028
0.082, 0.248, 1.030
0.089, 0.241, 1.032
0.089, 0.234, 1.028
0.096, 0.227, 1.030
0.096, 0.235, 1.033
0.104, 0.229, 1.040
0.103, 0.222, 1.036
0.096, 0.212, 1.025
0.104, 0.245, 1.046
0.097, 0.251, 1.043
0.090, 0.257, 1.042
0.106, 0.262, 1.060
0.113, 0.255, 1.061
0.089, 0.212, 0.838
0.036, 0.087, 0.337
0.076, 0.262, 1.032
0.070, 0.296, 1.055
0.064, 0.321, 1.068
0.032, 0.207, 0.970
0.039, 0.202, 0.973
0.046, 0.196, 0.975
0.059, 0.199, 0.992
0.066, 0.193, 0.997
0.073, 0.187, 0.999
0.087, 0.175, 1.006
0.102, 0.170, 1.018
0.108, 0.157, 1.018
0.115, 0.150, 1.020
0.131, 0.146, 1.034
0.138, 0.139, 1.036
0.145, 0.133, 1.040
0.160, 0.127, 1.046
0.167, 0.113, 1.045
0.166, 0.105, 1.041
0.166, 0.098, 1.038
0.165, 0.091, 1.034
0.173, 0.084, 1.040
0.164, 0.076, 1.024
0.172, 0.077, 1.034
0.173, 0.092, 1.042
0.161, 0.055, 1.007
0.169, 0.062, 1.015
0.145, 0.034, 0.991
0.146, 0.048, 0.998
0.221, 0.066, 1.072
0.247, 0.060, 1.094
0.255, 0.045, 1.095
0.265, 0.053, 1.107
0.258, 0.138, 1.141
0.235, 0.168, 1.139
0.175, 0.198, 1.095
0.144, 0.224, 1.080
RegionID:11
Center:-0.505,0.076,1.392
Normal:-0.088,-0.708,-0.700
NumPatches:22
-0.545, 0.085, 1.391
-0.531, 0.094, 1.379
-0.524, 0.085, 1.386
-0.527, 0.076, 1.393
-0.539, 0.067, 1.401
-0.530, 0.067, 1.401
-0.521, 0.067, 1.402
-0.515, 0.058, 1.411
-0.512, 0.067, 1.402
-0.505, 0.058, 1.410
-0.496, 0.058, 1.409
-0.493, 0.067, 1.401
-0.483, 0.067, 1.400
-0.479, 0.076, 1.388
-0.485, 0.085, 1.379
-0.494, 0.085, 1.380
-0.504, 0.085, 1.381
-0.514, 0.085, 1.384
-0.521, 0.094, 1.378
-0.476, 0.085, 1.379
-0.470, 0.076, 1.388
-0.467, 0.085, 1.379
RegionID:12
Center:0.625,0.115,1.364
Normal:0.681,-0.067,-0.730
NumPatches:20
0.612, 0.074, 1.354
0.599, 0.074, 1.346
0.598, 0.082, 1.344
0.598, 0.091, 1.343
0.612, 0.083, 1.354
0.612, 0.092, 1.355
0.611, 0.101, 1.352
0.609, 0.109, 1.348
0.609, 0.118, 1.347
0.610, 0.127, 1.349
0.624, 0.120, 1.360
0.624, 0.129, 1.362
0.624, 0.138, 1.362
0.640, 0.139, 1.375
0.641, 0.149, 1.378
0.657, 0.141, 1.392
0.657, 0.132, 1.392
0.640, 0.121, 1.376
0.657, 0.122, 1.393
0.657, 0.150, 1.392
RegionID:13
Center:-0.437,0.207,1.100
Normal:-0.098,-0.679,-0.728
NumPatches:244
-0.428, 0.155, 1.152
-0.420, 0.155, 1.151
-0.411, 0.154, 1.146
-0.405, 0.147, 1.151
-0.402, 0.153, 1.142
-0.397, 0.147, 1.149
-0.393, 0.153, 1.140
-0.392, 0.160, 1.136
-0.399, 0.167, 1.133
-0.407, 0.168, 1.136
-0.415, 0.168, 1.138
-0.423, 0.168, 1.139
-0.431, 0.168, 1.138
-0.440, 0.161, 1.143
-0.451, 0.155, 1.151
-0.459, 0.155, 1.152
-0.471, 0.149, 1.164
-0.447, 0.161, 1.143
-0.454, 0.168, 1.140
-0.462, 0.168, 1.140
-0.467, 0.175, 1.134
-0.474, 0.175, 1.134
-0.482, 0.175, 1.134
-0.489, 0.175, 1.133
-0.494, 0.181, 1.128
-0.502, 0.182, 1.129
-0.487, 0.181, 1.127
-0.483, 0.188, 1.121
-0.489, 0.194, 1.116
-0.498, 0.195, 1.120
-0.504, 0.202, 1.117
-0.515, 0.196, 1.124
-0.519, 0.202, 1.116
-0.528, 0.195, 1.121
-0.534, 0.202, 1.118
-0.542, 0.202, 1.119
-0.551, 0.203, 1.121
-0.559, 0.203, 1.123
-0.566, 0.203, 1.123
-0.571, 0.209, 1.117
-0.579, 0.209, 1.118
-0.576, 0.216, 1.113
-0.574, 0.222, 1.109
-0.567, 0.222, 1.108
-0.559, 0.222, 1.108
-0.551, 0.222, 1.107
-0.548, 0.228, 1.100
-0.544, 0.234, 1.092
-0.547, 0.239, 1.083
-0.557, 0.233, 1.090
-0.564, 0.233, 1.090
-0.554, 0.239, 1.084
-0.551, 0.245, 1.078
-0.557, 0.251, 1.075
-0.554, 0.257, 1.070
-0.551, 0.263, 1.064
-0.548, 0.268, 1.058
-0.544, 0.273, 1.051
-0.541, 0.279, 1.045
-0.539, 0.285, 1.041
-0.536, 0.290, 1.036
-0.531, 0.284, 1.039
-0.529, 0.290, 1.034
-0.523, 0.284, 1.037
-0.526, 0.278, 1.042
-0.536, 0.273, 1.048
-0.529, 0.273, 1.048
-0.519, 0.278, 1.042
-0.516, 0.274, 1.051
-0.519, 0.268, 1.057
-0.530, 0.263, 1.064
-0.537, 0.263, 1.065
-0.544, 0.263, 1.065
-0.522, 0.262, 1.062
-0.516, 0.256, 1.066
-0.526, 0.250, 1.070
-0.534, 0.251, 1.072
-0.541, 0.251, 1.073
-0.548, 0.251, 1.073
-0.529, 0.245, 1.076
-0.539, 0.239, 1.083
-0.532, 0.239, 1.083
-0.525, 0.239, 1.083
-0.517, 0.239, 1.082
-0.514, 0.244, 1.076
-0.518, 0.250, 1.070
-0.512, 0.250, 1.070
-0.514, 0.262, 1.060
-0.507, 0.262, 1.060
-0.504, 0.268, 1.055
-0.497, 0.268, 1.055
-0.489, 0.267, 1.053
-0.484, 0.261, 1.056
-0.481, 0.267, 1.051
-0.479, 0.272, 1.045
-0.476, 0.260, 1.054
-0.469, 0.260, 1.054
-0.462, 0.261, 1.055
-0.460, 0.266, 1.051
-0.465, 0.272, 1.046
-0.455, 0.260, 1.054
-0.449, 0.254, 1.058
-0.447, 0.260, 1.053
-0.443, 0.255, 1.059
-0.446, 0.249, 1.065
-0.438, 0.249, 1.064
-0.430, 0.248, 1.061
-0.425, 0.243, 1.068
-0.422, 0.248, 1.060
-0.419, 0.253, 1.053
-0.417, 0.242, 1.066
-0.413, 0.236, 1.072
-0.415, 0.230, 1.077
-0.408, 0.224, 1.080
-0.410, 0.218, 1.085
-0.413, 0.212, 1.091
-0.416, 0.206, 1.098
-0.411, 0.200, 1.105
-0.413, 0.194, 1.112
-0.405, 0.193, 1.110
-0.397, 0.193, 1.108
-0.389, 0.192, 1.105
-0.387, 0.199, 1.101
-0.393, 0.206, 1.098
-0.401, 0.206, 1.099
-0.409, 0.206, 1.099
-0.391, 0.212, 1.092
-0.396, 0.218, 1.086
-0.403, 0.218, 1.085
-0.390, 0.218, 1.087
-0.382, 0.218, 1.087
-0.380, 0.224, 1.081
-0.378, 0.230, 1.074
-0.372, 0.223, 1.078
-0.370, 0.229, 1.073
-0.364, 0.223, 1.076
-0.367, 0.217, 1.083
-0.359, 0.217, 1.081
-0.351, 0.216, 1.078
-0.343, 0.216, 1.077
-0.338, 0.210, 1.084
-0.340, 0.204, 1.089
-0.332, 0.204, 1.087
-0.326, 0.197, 1.092
-0.329, 0.192, 1.100
-0.321, 0.192, 1.100
-0.315, 0.185, 1.105
-0.314, 0.191, 1.099
-0.312, 0.198, 1.094
-0.317, 0.204, 1.087
-0.325, 0.204, 1.087
-0.324, 0.210, 1.083
-0.329, 0.216, 1.079
-0.336, 0.216, 1.078
-0.323, 0.217, 1.080
-0.316, 0.210, 1.083
-0.311, 0.204, 1.089
-0.309, 0.210, 1.083
-0.308, 0.185, 1.104
-0.309, 0.178, 1.109
-0.311, 0.172, 1.115
-0.320, 0.166, 1.122
-0.322, 0.159, 1.129
-0.332, 0.153, 1.136
-0.334, 0.146, 1.144
-0.344, 0.140, 1.153
-0.355, 0.133, 1.161
-0.362, 0.133, 1.161
-0.368, 0.140, 1.154
-0.376, 0.140, 1.155
-0.383, 0.140, 1.154
-0.391, 0.140, 1.155
-0.402, 0.133, 1.166
-0.411, 0.134, 1.167
-0.406, 0.127, 1.177
-0.388, 0.146, 1.148
-0.386, 0.153, 1.141
-0.379, 0.154, 1.143
-0.374, 0.147, 1.150
-0.372, 0.154, 1.144
-0.364, 0.153, 1.142
-0.357, 0.146, 1.144
-0.360, 0.140, 1.153
-0.352, 0.140, 1.154
-0.355, 0.153, 1.139
-0.338, 0.132, 1.157
-0.340, 0.126, 1.166
-0.336, 0.139, 1.150
-0.324, 0.153, 1.136
-0.313, 0.166, 1.122
-0.386, 0.205, 1.096
-0.406, 0.230, 1.073
-0.410, 0.242, 1.065
-0.403, 0.242, 1.064
-0.508, 0.283, 1.035
-0.539, 0.227, 1.097
-0.533, 0.221, 1.100
-0.536, 0.215, 1.106
-0.547, 0.209, 1.113
-0.556, 0.209, 1.116
-0.564, 0.209, 1.117
-0.538, 0.208, 1.111
-0.530, 0.226, 1.093
-0.526, 0.202, 1.116
-0.516, 0.208, 1.110
-0.514, 0.214, 1.105
-0.511, 0.220, 1.099
-0.503, 0.220, 1.099
-0.499, 0.214, 1.105
-0.508, 0.208, 1.110
-0.501, 0.208, 1.109
-0.493, 0.207, 1.108
-0.487, 0.201, 1.111
-0.485, 0.207, 1.107
-0.483, 0.214, 1.102
-0.488, 0.220, 1.098
-0.496, 0.220, 1.099
-0.492, 0.226, 1.089
-0.489, 0.232, 1.083
-0.487, 0.238, 1.078
-0.485, 0.244, 1.074
-0.477, 0.244, 1.073
-0.471, 0.237, 1.076
-0.481, 0.231, 1.081
-0.476, 0.225, 1.086
-0.480, 0.220, 1.095
-0.473, 0.231, 1.080
-0.469, 0.243, 1.072
-0.481, 0.194, 1.114
-0.473, 0.194, 1.114
-0.470, 0.188, 1.123
-0.480, 0.182, 1.129
-0.472, 0.182, 1.130
-0.466, 0.194, 1.115
-0.517, 0.189, 1.129
-0.460, 0.175, 1.135
-0.446, 0.168, 1.138
-0.438, 0.168, 1.137
-0.420, 0.174, 1.131
-0.418, 0.181, 1.124
-0.410, 0.180, 1.122
-0.404, 0.174, 1.128
-0.401, 0.180, 1.120
-0.390, 0.167, 1.131
RegionID:14
Center:0.516,0.303,1.232
Normal:-0.076,-0.363,-0.929
NumPatches:108
0.556, 0.259, 1.248
0.549, 0.251, 1.251
0.541, 0.243, 1.253
0.533, 0.243, 1.254
0.525, 0.243, 1.255
0.517, 0.244, 1.256
0.510, 0.244, 1.257
0.502, 0.244, 1.259
0.494, 0.244, 1.259
0.484, 0.252, 1.256
0.476, 0.252, 1.258
0.475, 0.260, 1.255
0.474, 0.268, 1.252
0.473, 0.275, 1.248
0.480, 0.275, 1.246
0.480, 0.283, 1.244
0.479, 0.290, 1.242
0.478, 0.298, 1.240
0.477, 0.305, 1.236
0.475, 0.313, 1.233
0.474, 0.320, 1.230
0.483, 0.313, 1.233
0.485, 0.305, 1.236
0.493, 0.305, 1.236
0.501, 0.297, 1.236
0.501, 0.289, 1.237
0.510, 0.289, 1.238
0.518, 0.290, 1.238
0.517, 0.297, 1.236
0.508, 0.305, 1.234
0.501, 0.305, 1.235
0.500, 0.313, 1.233
0.490, 0.320, 1.230
0.482, 0.320, 1.230
0.481, 0.328, 1.227
0.480, 0.335, 1.225
0.479, 0.342, 1.222
0.478, 0.349, 1.218
0.476, 0.356, 1.214
0.475, 0.364, 1.212
0.484, 0.356, 1.214
0.485, 0.349, 1.217
0.487, 0.342, 1.221
0.495, 0.342, 1.220
0.502, 0.342, 1.219
0.510, 0.341, 1.217
0.517, 0.341, 1.216
0.525, 0.341, 1.215
0.533, 0.341, 1.216
0.532, 0.348, 1.213
0.531, 0.355, 1.210
0.522, 0.363, 1.208
0.521, 0.370, 1.205
0.530, 0.362, 1.208
0.528, 0.369, 1.205
0.537, 0.362, 1.207
0.536, 0.369, 1.203
0.545, 0.362, 1.206
0.547, 0.355, 1.210
0.548, 0.348, 1.213
0.549, 0.340, 1.214
0.550, 0.333, 1.217
0.552, 0.326, 1.221
0.553, 0.319, 1.224
0.554, 0.311, 1.226
0.555, 0.304, 1.229
0.557, 0.296, 1.233
0.558, 0.289, 1.236
0.551, 0.281, 1.238
0.545, 0.274, 1.243
0.537, 0.274, 1.243
0.529, 0.266, 1.245
0.522, 0.259, 1.247
0.514, 0.258, 1.247
0.507, 0.251, 1.250
0.497, 0.258, 1.247
0.492, 0.252, 1.254
0.490, 0.259, 1.249
0.505, 0.258, 1.246
0.504, 0.266, 1.244
0.503, 0.274, 1.241
0.512, 0.274, 1.242
0.521, 0.266, 1.244
0.520, 0.274, 1.243
0.528, 0.274, 1.243
0.531, 0.259, 1.248
0.532, 0.251, 1.251
0.540, 0.251, 1.251
0.549, 0.243, 1.253
0.557, 0.243, 1.252
0.556, 0.251, 1.250
0.548, 0.259, 1.250
0.547, 0.267, 1.248
0.544, 0.282, 1.239
0.561, 0.274, 1.241
0.559, 0.281, 1.238
0.557, 0.332, 1.215
0.556, 0.340, 1.213
0.555, 0.355, 1.210
0.492, 0.356, 1.214
0.483, 0.363, 1.211
0.482, 0.371, 1.208
0.489, 0.370, 1.207
0.498, 0.320, 1.229
0.505, 0.319, 1.226
0.514, 0.311, 1.228
0.516, 0.304, 1.232
0.513, 0.319, 1.224
