NumRegions:14
RegionID:0
Center:0.090,-0.462,1.536
Normal:-0.091,-0.716,-0.692
NumPatches:307
0.076, -0.528, 1.633
0.065, -0.528, 1.633
0.055, -0.528, 1.633
0.054, -0.513, 1.620
0.054, -0.500, 1.612
0.065, -0.501, 1.615
0.076, -0.514, 1.624
0.075, -0.501, 1.616
0.075, -0.487, 1.604
0.064, -0.473, 1.593
0.053, -0.473, 1.594
0.043, -0.473, 1.594
0.032, -0.473, 1.594
0.032, -0.460, 1.586
0.021, -0.447, 1.577
0.011, -0.448, 1.581
0.000, -0.437, 1.576
-0.010, -0.436, 1.575
-0.010, -0.423, 1.564
-0.020, -0.410, 1.555
-0.031, -0.422, 1.562
-0.041, -0.434, 1.569
-0.052, -0.446, 1.573
-0.063, -0.458, 1.580
-0.073, -0.471, 1.587
-0.084, -0.484, 1.594
-0.095, -0.496, 1.601
-0.107, -0.511, 1.612
-0.118, -0.523, 1.616
-0.118, -0.536, 1.625
-0.130, -0.550, 1.635
-0.141, -0.563, 1.639
-0.153, -0.577, 1.650
-0.165, -0.592, 1.660
-0.177, -0.605, 1.666
-0.189, -0.619, 1.673
-0.201, -0.633, 1.681
-0.202, -0.648, 1.691
-0.190, -0.647, 1.690
-0.190, -0.633, 1.682
-0.179, -0.648, 1.690
-0.168, -0.647, 1.689
-0.157, -0.647, 1.688
-0.146, -0.647, 1.690
-0.134, -0.647, 1.690
-0.133, -0.632, 1.679
-0.122, -0.631, 1.677
-0.111, -0.632, 1.680
-0.100, -0.633, 1.683
-0.089, -0.634, 1.683
-0.078, -0.634, 1.684
-0.067, -0.635, 1.687
-0.056, -0.635, 1.686
-0.044, -0.634, 1.684
-0.033, -0.634, 1.685
-0.022, -0.651, 1.699
-0.022, -0.636, 1.688
-0.011, -0.636, 1.688
0.000, -0.651, 1.700
0.000, -0.636, 1.689
0.012, -0.637, 1.691
0.023, -0.653, 1.704
0.023, -0.637, 1.693
0.034, -0.654, 1.707
0.046, -0.653, 1.704
0.057, -0.652, 1.702
0.068, -0.652, 1.701
0.080, -0.653, 1.704
0.091, -0.654, 1.707
0.102, -0.654, 1.706
0.114, -0.653, 1.706
0.113, -0.639, 1.698
0.113, -0.625, 1.691
0.112, -0.611, 1.682
0.123, -0.610, 1.679
0.134, -0.609, 1.678
0.133, -0.594, 1.667
0.122, -0.582, 1.663
0.111, -0.581, 1.661
0.100, -0.581, 1.660
0.099, -0.566, 1.650
0.088, -0.553, 1.642
0.077, -0.554, 1.645
0.077, -0.541, 1.640
0.098, -0.552, 1.640
0.098, -0.538, 1.631
0.097, -0.525, 1.624
0.097, -0.512, 1.617
0.086, -0.500, 1.613
0.085, -0.486, 1.602
0.074, -0.473, 1.593
0.063, -0.459, 1.583
0.053, -0.461, 1.587
0.042, -0.448, 1.580
0.032, -0.448, 1.578
0.042, -0.435, 1.572
0.031, -0.421, 1.557
0.021, -0.423, 1.563
0.011, -0.436, 1.573
0.011, -0.424, 1.567
0.000, -0.411, 1.557
-0.010, -0.410, 1.555
-0.020, -0.397, 1.545
-0.031, -0.410, 1.557
-0.041, -0.422, 1.562
-0.052, -0.434, 1.567
-0.062, -0.446, 1.572
-0.010, -0.396, 1.539
-0.010, -0.379, 1.514
0.000, -0.377, 1.507
0.010, -0.393, 1.531
0.011, -0.410, 1.555
0.010, -0.376, 1.501
0.010, -0.361, 1.481
0.020, -0.375, 1.497
0.020, -0.360, 1.477
0.030, -0.374, 1.492
0.030, -0.389, 1.511
0.041, -0.402, 1.523
0.040, -0.387, 1.506
0.051, -0.401, 1.522
0.052, -0.419, 1.550
0.053, -0.435, 1.572
0.053, -0.448, 1.581
0.062, -0.418, 1.545
0.072, -0.416, 1.537
0.082, -0.413, 1.528
0.092, -0.427, 1.542
0.084, -0.446, 1.573
0.074, -0.447, 1.575
0.096, -0.462, 1.593
0.107, -0.475, 1.601
0.117, -0.475, 1.599
0.128, -0.488, 1.607
0.118, -0.500, 1.613
0.108, -0.512, 1.617
0.097, -0.499, 1.610
0.107, -0.500, 1.611
0.119, -0.513, 1.620
0.119, -0.527, 1.628
0.120, -0.541, 1.639
0.121, -0.555, 1.649
0.121, -0.569, 1.657
0.129, -0.501, 1.615
0.140, -0.514, 1.622
0.140, -0.500, 1.613
0.139, -0.487, 1.606
0.127, -0.474, 1.595
0.138, -0.472, 1.590
0.150, -0.487, 1.605
0.148, -0.471, 1.586
0.145, -0.453, 1.560
0.134, -0.438, 1.545
0.124, -0.441, 1.554
0.112, -0.425, 1.534
0.101, -0.410, 1.517
0.091, -0.411, 1.522
0.111, -0.409, 1.512
0.122, -0.423, 1.528
0.143, -0.436, 1.539
0.155, -0.451, 1.556
0.158, -0.469, 1.580
0.160, -0.486, 1.601
0.161, -0.501, 1.614
0.151, -0.514, 1.622
0.163, -0.528, 1.631
0.162, -0.514, 1.623
0.174, -0.528, 1.633
0.175, -0.542, 1.643
0.165, -0.556, 1.651
0.154, -0.568, 1.656
0.144, -0.581, 1.661
0.144, -0.595, 1.668
0.157, -0.612, 1.685
0.155, -0.581, 1.661
0.165, -0.569, 1.657
0.176, -0.556, 1.652
0.186, -0.543, 1.644
0.185, -0.529, 1.637
0.184, -0.515, 1.626
0.172, -0.501, 1.614
0.182, -0.500, 1.612
0.180, -0.482, 1.588
0.177, -0.464, 1.562
0.165, -0.450, 1.550
0.175, -0.448, 1.544
0.186, -0.462, 1.557
0.199, -0.479, 1.577
0.193, -0.499, 1.608
0.195, -0.515, 1.626
0.196, -0.529, 1.637
0.205, -0.513, 1.621
0.202, -0.496, 1.600
0.212, -0.493, 1.591
0.209, -0.477, 1.571
0.196, -0.461, 1.553
0.219, -0.475, 1.564
0.216, -0.458, 1.543
0.225, -0.456, 1.536
0.234, -0.454, 1.529
0.247, -0.470, 1.549
0.243, -0.452, 1.524
0.253, -0.451, 1.520
0.248, -0.434, 1.495
0.235, -0.417, 1.471
0.226, -0.419, 1.477
0.223, -0.404, 1.460
0.221, -0.390, 1.443
0.229, -0.388, 1.435
0.239, -0.399, 1.441
0.243, -0.415, 1.464
0.257, -0.432, 1.489
0.267, -0.431, 1.486
0.263, -0.415, 1.464
0.259, -0.399, 1.440
0.245, -0.384, 1.419
0.237, -0.385, 1.425
0.255, -0.384, 1.420
0.275, -0.429, 1.480
0.284, -0.427, 1.471
0.292, -0.425, 1.466
0.302, -0.425, 1.463
0.297, -0.409, 1.442
0.305, -0.407, 1.436
0.313, -0.405, 1.428
0.321, -0.403, 1.422
0.330, -0.403, 1.419
0.326, -0.388, 1.402
0.334, -0.386, 1.395
0.341, -0.384, 1.387
0.349, -0.383, 1.381
0.344, -0.368, 1.362
0.332, -0.356, 1.350
0.325, -0.358, 1.358
0.313, -0.346, 1.346
0.304, -0.346, 1.345
0.293, -0.334, 1.334
0.285, -0.335, 1.338
0.277, -0.336, 1.343
0.267, -0.326, 1.337
0.255, -0.314, 1.324
0.247, -0.315, 1.327
0.239, -0.315, 1.329
0.228, -0.304, 1.321
0.217, -0.293, 1.308
0.209, -0.293, 1.311
0.201, -0.295, 1.316
0.191, -0.284, 1.307
0.183, -0.284, 1.308
0.173, -0.273, 1.297
0.164, -0.274, 1.299
0.155, -0.263, 1.291
0.146, -0.264, 1.294
0.138, -0.265, 1.297
0.132, -0.278, 1.318
0.123, -0.279, 1.325
0.116, -0.292, 1.344
0.107, -0.292, 1.344
0.099, -0.293, 1.348
0.090, -0.295, 1.358
0.083, -0.309, 1.380
0.075, -0.322, 1.399
0.066, -0.324, 1.405
0.057, -0.326, 1.414
0.048, -0.342, 1.442
0.039, -0.343, 1.447
0.030, -0.359, 1.474
0.029, -0.344, 1.452
0.047, -0.327, 1.421
0.074, -0.310, 1.383
0.082, -0.297, 1.366
0.115, -0.280, 1.328
0.130, -0.266, 1.303
0.163, -0.263, 1.288
0.181, -0.273, 1.296
0.199, -0.283, 1.301
0.226, -0.292, 1.306
0.236, -0.303, 1.315
0.264, -0.314, 1.323
0.275, -0.325, 1.333
0.300, -0.333, 1.329
0.321, -0.345, 1.342
0.340, -0.355, 1.348
0.353, -0.368, 1.361
0.358, -0.382, 1.379
0.366, -0.381, 1.377
0.361, -0.367, 1.359
0.375, -0.381, 1.375
0.378, -0.394, 1.389
0.387, -0.393, 1.387
0.401, -0.407, 1.403
0.400, -0.425, 1.432
0.395, -0.392, 1.382
0.411, -0.408, 1.406
0.426, -0.433, 1.458
0.403, -0.391, 1.378
-0.177, -0.618, 1.672
-0.166, -0.605, 1.665
-0.154, -0.592, 1.660
-0.142, -0.577, 1.650
-0.130, -0.563, 1.641
-0.119, -0.551, 1.636
-0.107, -0.523, 1.618
-0.096, -0.511, 1.612
-0.085, -0.497, 1.601
-0.074, -0.484, 1.595
-0.063, -0.471, 1.587
RegionID:1
Center:0.566,-0.332,1.272
Normal:-0.135,-0.689,-0.712
NumPatches:246
0.486, -0.307, 1.261
0.490, -0.318, 1.271
0.488, -0.331, 1.287
0.485, -0.343, 1.302
0.481, -0.332, 1.292
0.491, -0.342, 1.297
0.495, -0.353, 1.306
0.490, -0.365, 1.317
0.493, -0.376, 1.324
0.504, -0.386, 1.332
0.498, -0.398, 1.339
0.502, -0.409, 1.349
0.506, -0.422, 1.359
0.517, -0.433, 1.366
0.511, -0.444, 1.372
0.520, -0.444, 1.372
0.535, -0.458, 1.388
0.530, -0.445, 1.375
0.546, -0.459, 1.392
0.556, -0.460, 1.395
0.566, -0.461, 1.397
0.564, -0.450, 1.392
0.573, -0.450, 1.391
0.581, -0.449, 1.389
0.578, -0.437, 1.380
0.573, -0.424, 1.368
0.566, -0.411, 1.353
0.560, -0.397, 1.338
0.553, -0.384, 1.322
0.562, -0.383, 1.321
0.558, -0.372, 1.313
0.554, -0.361, 1.303
0.549, -0.349, 1.290
0.556, -0.348, 1.287
0.567, -0.358, 1.293
0.565, -0.371, 1.309
0.571, -0.384, 1.322
0.587, -0.397, 1.338
0.584, -0.411, 1.353
0.575, -0.411, 1.353
0.591, -0.424, 1.368
0.587, -0.437, 1.379
0.596, -0.437, 1.379
0.610, -0.450, 1.390
0.592, -0.410, 1.350
0.594, -0.396, 1.333
0.579, -0.383, 1.320
0.572, -0.370, 1.304
0.605, -0.406, 1.338
0.599, -0.394, 1.327
0.592, -0.380, 1.310
0.586, -0.368, 1.297
0.594, -0.368, 1.296
0.609, -0.380, 1.309
0.607, -0.393, 1.323
0.611, -0.404, 1.332
0.624, -0.416, 1.341
0.630, -0.429, 1.355
0.637, -0.443, 1.369
0.643, -0.456, 1.382
0.643, -0.441, 1.363
0.655, -0.452, 1.369
0.649, -0.439, 1.356
0.662, -0.451, 1.365
0.669, -0.449, 1.361
0.677, -0.448, 1.358
0.684, -0.447, 1.355
0.691, -0.446, 1.351
0.684, -0.433, 1.337
0.681, -0.421, 1.330
0.676, -0.410, 1.321
0.671, -0.398, 1.312
0.659, -0.387, 1.304
0.658, -0.401, 1.321
0.651, -0.402, 1.325
0.644, -0.403, 1.327
0.639, -0.391, 1.317
0.624, -0.378, 1.304
0.619, -0.367, 1.293
0.615, -0.356, 1.285
0.621, -0.354, 1.280
0.631, -0.364, 1.284
0.632, -0.378, 1.303
0.627, -0.353, 1.276
0.625, -0.344, 1.271
0.622, -0.334, 1.266
0.617, -0.323, 1.255
0.603, -0.311, 1.243
0.597, -0.313, 1.249
0.591, -0.314, 1.253
0.584, -0.314, 1.255
0.576, -0.314, 1.256
0.571, -0.325, 1.264
0.563, -0.325, 1.265
0.558, -0.336, 1.273
0.563, -0.347, 1.284
0.571, -0.347, 1.282
0.579, -0.346, 1.281
0.576, -0.336, 1.274
0.554, -0.325, 1.264
0.573, -0.304, 1.249
0.562, -0.295, 1.243
0.554, -0.295, 1.245
0.549, -0.305, 1.252
0.542, -0.306, 1.254
0.534, -0.306, 1.256
0.527, -0.307, 1.259
0.520, -0.308, 1.262
0.515, -0.318, 1.271
0.506, -0.318, 1.270
0.498, -0.318, 1.271
0.518, -0.329, 1.278
0.514, -0.340, 1.290
0.507, -0.341, 1.292
0.498, -0.341, 1.293
0.521, -0.339, 1.286
0.512, -0.308, 1.262
0.501, -0.298, 1.257
0.499, -0.289, 1.252
0.495, -0.278, 1.242
0.491, -0.268, 1.231
0.480, -0.258, 1.225
0.488, -0.258, 1.224
0.485, -0.248, 1.216
0.491, -0.247, 1.212
0.486, -0.237, 1.199
0.492, -0.236, 1.194
0.497, -0.234, 1.187
0.491, -0.224, 1.173
0.480, -0.215, 1.165
0.477, -0.205, 1.157
0.474, -0.197, 1.151
0.484, -0.205, 1.156
0.486, -0.214, 1.162
0.494, -0.214, 1.161
0.501, -0.214, 1.161
0.499, -0.205, 1.156
0.489, -0.196, 1.149
0.478, -0.187, 1.141
0.485, -0.187, 1.140
0.482, -0.179, 1.134
0.491, -0.187, 1.137
0.496, -0.196, 1.147
0.506, -0.205, 1.153
0.509, -0.214, 1.161
0.513, -0.223, 1.170
0.525, -0.233, 1.179
0.521, -0.223, 1.171
0.533, -0.233, 1.179
0.544, -0.242, 1.186
0.540, -0.252, 1.196
0.534, -0.253, 1.199
0.535, -0.265, 1.220
0.530, -0.275, 1.228
0.523, -0.276, 1.231
0.522, -0.287, 1.247
0.517, -0.298, 1.254
0.509, -0.298, 1.256
0.515, -0.288, 1.250
0.512, -0.278, 1.242
0.507, -0.267, 1.230
0.502, -0.257, 1.219
0.508, -0.256, 1.213
0.519, -0.265, 1.220
0.514, -0.255, 1.209
0.522, -0.254, 1.208
0.529, -0.254, 1.205
0.532, -0.297, 1.252
0.534, -0.285, 1.237
0.545, -0.295, 1.243
0.550, -0.285, 1.236
0.539, -0.275, 1.229
0.546, -0.275, 1.226
0.557, -0.284, 1.234
0.552, -0.274, 1.223
0.546, -0.262, 1.208
0.560, -0.274, 1.222
0.554, -0.262, 1.208
0.549, -0.252, 1.197
0.562, -0.262, 1.208
0.568, -0.273, 1.221
0.573, -0.284, 1.233
0.569, -0.294, 1.240
0.577, -0.294, 1.240
0.588, -0.304, 1.246
0.584, -0.294, 1.239
0.590, -0.293, 1.234
0.599, -0.301, 1.235
0.596, -0.291, 1.229
0.611, -0.311, 1.243
0.619, -0.311, 1.243
0.631, -0.321, 1.249
0.629, -0.333, 1.263
0.641, -0.343, 1.269
0.635, -0.353, 1.273
0.638, -0.363, 1.280
0.643, -0.375, 1.291
0.651, -0.388, 1.305
0.637, -0.332, 1.261
0.648, -0.342, 1.266
0.652, -0.353, 1.274
0.656, -0.364, 1.283
0.662, -0.376, 1.294
0.666, -0.387, 1.303
0.643, -0.331, 1.257
0.638, -0.320, 1.247
0.627, -0.311, 1.241
0.634, -0.310, 1.239
0.629, -0.300, 1.230
0.621, -0.288, 1.215
0.616, -0.277, 1.203
0.611, -0.267, 1.194
0.608, -0.258, 1.189
0.605, -0.249, 1.183
0.595, -0.240, 1.178
0.590, -0.250, 1.185
0.586, -0.259, 1.192
0.579, -0.259, 1.194
0.574, -0.261, 1.199
0.568, -0.262, 1.205
0.565, -0.252, 1.198
0.552, -0.242, 1.186
0.540, -0.232, 1.178
0.575, -0.250, 1.185
0.572, -0.241, 1.180
0.580, -0.240, 1.179
0.587, -0.240, 1.178
0.594, -0.259, 1.191
0.602, -0.240, 1.177
0.523, -0.213, 1.158
0.520, -0.204, 1.151
0.508, -0.195, 1.141
0.497, -0.186, 1.134
0.489, -0.178, 1.132
0.504, -0.186, 1.133
0.531, -0.213, 1.158
0.618, -0.403, 1.328
0.614, -0.392, 1.321
0.603, -0.368, 1.297
0.514, -0.421, 1.357
0.509, -0.408, 1.345
0.518, -0.408, 1.344
0.516, -0.397, 1.339
0.512, -0.386, 1.329
0.501, -0.375, 1.322
0.498, -0.364, 1.315
RegionID:2
Center:0.321,-0.245,1.331
Normal:0.497,0.441,-0.747
NumPatches:106
0.359, -0.200, 1.386
0.348, -0.199, 1.377
0.337, -0.198, 1.370
0.325, -0.205, 1.359
0.313, -0.212, 1.346
0.301, -0.218, 1.330
0.290, -0.217, 1.323
0.281, -0.216, 1.319
0.271, -0.216, 1.313
0.272, -0.208, 1.320
0.263, -0.199, 1.317
0.252, -0.206, 1.305
0.241, -0.213, 1.296
0.231, -0.212, 1.289
0.221, -0.218, 1.278
0.211, -0.225, 1.269
0.212, -0.217, 1.273
0.220, -0.226, 1.275
0.229, -0.235, 1.276
0.230, -0.227, 1.281
0.239, -0.236, 1.281
0.247, -0.245, 1.282
0.248, -0.237, 1.288
0.257, -0.246, 1.289
0.266, -0.255, 1.290
0.267, -0.247, 1.294
0.275, -0.255, 1.294
0.284, -0.264, 1.295
0.285, -0.256, 1.300
0.295, -0.266, 1.303
0.305, -0.267, 1.310
0.315, -0.269, 1.317
0.325, -0.270, 1.323
0.334, -0.278, 1.322
0.335, -0.271, 1.328
0.344, -0.280, 1.329
0.343, -0.287, 1.323
0.352, -0.296, 1.324
0.353, -0.289, 1.329
0.362, -0.298, 1.330
0.371, -0.307, 1.331
0.373, -0.299, 1.336
0.381, -0.308, 1.334
0.380, -0.315, 1.330
0.390, -0.316, 1.333
0.391, -0.308, 1.337
0.393, -0.301, 1.345
0.404, -0.303, 1.351
0.406, -0.295, 1.356
0.408, -0.287, 1.364
0.411, -0.280, 1.373
0.412, -0.272, 1.377
0.413, -0.264, 1.382
0.403, -0.253, 1.377
0.392, -0.253, 1.372
0.380, -0.259, 1.360
0.367, -0.266, 1.348
0.357, -0.265, 1.344
0.358, -0.257, 1.345
0.349, -0.248, 1.346
0.339, -0.247, 1.343
0.329, -0.246, 1.339
0.319, -0.245, 1.332
0.320, -0.237, 1.337
0.321, -0.229, 1.341
0.311, -0.220, 1.339
0.322, -0.221, 1.347
0.324, -0.213, 1.355
0.315, -0.204, 1.354
0.305, -0.203, 1.348
0.292, -0.210, 1.331
0.284, -0.201, 1.333
0.273, -0.200, 1.327
0.264, -0.191, 1.323
0.252, -0.197, 1.308
0.242, -0.205, 1.301
0.275, -0.183, 1.333
0.276, -0.175, 1.338
0.286, -0.176, 1.344
0.294, -0.202, 1.340
0.316, -0.196, 1.357
0.306, -0.186, 1.354
0.317, -0.188, 1.364
0.326, -0.197, 1.363
0.332, -0.182, 1.386
0.333, -0.222, 1.355
0.335, -0.215, 1.362
0.344, -0.223, 1.361
0.342, -0.232, 1.356
0.341, -0.240, 1.350
0.353, -0.224, 1.363
0.345, -0.215, 1.365
0.355, -0.216, 1.368
0.356, -0.207, 1.374
0.364, -0.225, 1.368
0.362, -0.233, 1.362
0.361, -0.241, 1.356
0.359, -0.248, 1.349
0.378, -0.268, 1.356
0.382, -0.252, 1.367
0.414, -0.255, 1.384
0.400, -0.317, 1.337
0.410, -0.327, 1.339
0.411, -0.319, 1.344
0.222, -0.210, 1.282
0.351, -0.191, 1.390
RegionID:3
Center:-0.364,-0.184,1.311
Normal:-0.092,-0.665,-0.741
NumPatches:112
-0.526, -0.224, 1.367
-0.513, -0.214, 1.356
-0.519, -0.203, 1.347
-0.524, -0.193, 1.339
-0.521, -0.183, 1.330
-0.527, -0.173, 1.323
-0.523, -0.163, 1.313
-0.527, -0.153, 1.302
-0.524, -0.144, 1.295
-0.519, -0.153, 1.303
-0.515, -0.144, 1.294
-0.506, -0.143, 1.291
-0.496, -0.143, 1.289
-0.487, -0.143, 1.287
-0.478, -0.143, 1.285
-0.469, -0.143, 1.285
-0.460, -0.143, 1.284
-0.452, -0.143, 1.284
-0.444, -0.143, 1.285
-0.437, -0.152, 1.292
-0.435, -0.143, 1.286
-0.429, -0.152, 1.292
-0.419, -0.152, 1.289
-0.416, -0.142, 1.279
-0.410, -0.151, 1.286
-0.401, -0.151, 1.284
-0.392, -0.151, 1.284
-0.384, -0.151, 1.285
-0.375, -0.151, 1.284
-0.366, -0.151, 1.281
-0.357, -0.151, 1.279
-0.348, -0.151, 1.278
-0.339, -0.150, 1.277
-0.330, -0.150, 1.275
-0.322, -0.150, 1.275
-0.315, -0.160, 1.285
-0.313, -0.150, 1.276
-0.306, -0.159, 1.282
-0.297, -0.159, 1.278
-0.288, -0.159, 1.277
-0.279, -0.159, 1.276
-0.271, -0.159, 1.275
-0.262, -0.159, 1.275
-0.254, -0.159, 1.274
-0.245, -0.158, 1.274
-0.237, -0.158, 1.274
-0.228, -0.158, 1.272
-0.219, -0.158, 1.269
-0.210, -0.157, 1.266
-0.203, -0.167, 1.274
-0.205, -0.177, 1.285
-0.206, -0.187, 1.294
-0.207, -0.196, 1.301
-0.209, -0.206, 1.310
-0.210, -0.217, 1.320
-0.221, -0.227, 1.331
-0.230, -0.228, 1.332
-0.239, -0.228, 1.333
-0.248, -0.228, 1.334
-0.257, -0.229, 1.338
-0.267, -0.229, 1.342
-0.276, -0.229, 1.343
-0.285, -0.229, 1.342
-0.294, -0.229, 1.341
-0.300, -0.219, 1.331
-0.310, -0.219, 1.336
-0.320, -0.220, 1.339
-0.329, -0.220, 1.339
-0.338, -0.220, 1.340
-0.347, -0.220, 1.342
-0.356, -0.220, 1.342
-0.368, -0.231, 1.352
-0.377, -0.231, 1.352
-0.383, -0.221, 1.343
-0.394, -0.221, 1.349
-0.401, -0.211, 1.342
-0.410, -0.211, 1.342
-0.419, -0.212, 1.342
-0.428, -0.212, 1.343
-0.437, -0.212, 1.344
-0.446, -0.212, 1.345
-0.456, -0.212, 1.346
-0.466, -0.213, 1.349
-0.475, -0.213, 1.349
-0.484, -0.213, 1.351
-0.494, -0.213, 1.353
-0.504, -0.214, 1.355
-0.509, -0.203, 1.346
-0.515, -0.193, 1.338
-0.391, -0.211, 1.339
-0.373, -0.220, 1.340
-0.365, -0.220, 1.341
-0.291, -0.218, 1.330
-0.255, -0.218, 1.327
-0.254, -0.208, 1.318
-0.262, -0.199, 1.315
-0.270, -0.198, 1.315
-0.268, -0.188, 1.305
-0.266, -0.178, 1.291
-0.257, -0.178, 1.291
-0.250, -0.188, 1.301
-0.253, -0.198, 1.313
-0.243, -0.198, 1.309
-0.235, -0.207, 1.314
-0.246, -0.217, 1.322
-0.237, -0.217, 1.322
-0.234, -0.197, 1.305
-0.248, -0.178, 1.289
-0.212, -0.227, 1.329
-0.203, -0.227, 1.328
-0.201, -0.157, 1.264
-0.518, -0.173, 1.322
RegionID:4
Center:0.000,-0.037,1.011
Normal:-0.223,-0.679,-0.699
NumPatches:451
0.030, -0.146, 1.117
0.037, -0.137, 1.100
0.029, -0.129, 1.093
0.022, -0.129, 1.095
0.015, -0.130, 1.100
0.008, -0.130, 1.105
0.000, -0.131, 1.108
-0.007, -0.131, 1.110
-0.015, -0.140, 1.126
-0.007, -0.149, 1.136
-0.014, -0.123, 1.105
-0.022, -0.123, 1.110
-0.029, -0.124, 1.114
-0.037, -0.124, 1.116
-0.044, -0.124, 1.119
-0.052, -0.125, 1.123
-0.059, -0.117, 1.117
-0.067, -0.117, 1.122
-0.075, -0.118, 1.127
-0.081, -0.109, 1.118
-0.089, -0.110, 1.123
-0.097, -0.110, 1.128
-0.105, -0.111, 1.132
-0.112, -0.102, 1.123
-0.121, -0.111, 1.138
-0.128, -0.104, 1.138
-0.137, -0.105, 1.151
-0.147, -0.106, 1.166
-0.155, -0.099, 1.167
-0.163, -0.091, 1.171
-0.162, -0.083, 1.164
-0.161, -0.075, 1.155
-0.159, -0.066, 1.144
-0.158, -0.058, 1.136
-0.157, -0.050, 1.124
-0.153, -0.042, 1.101
-0.145, -0.049, 1.095
-0.142, -0.041, 1.068
-0.139, -0.033, 1.052
-0.148, -0.026, 1.062
-0.146, -0.019, 1.046
-0.137, -0.019, 1.031
-0.135, -0.012, 1.016
-0.133, -0.005, 1.003
-0.139, 0.002, 1.001
-0.150, -0.005, 1.030
-0.167, -0.013, 1.095
-0.148, 0.002, 1.015
-0.146, 0.008, 1.001
-0.145, 0.015, 0.992
-0.144, 0.021, 0.987
-0.144, 0.028, 0.985
-0.143, 0.034, 0.982
-0.136, 0.040, 0.974
-0.129, 0.034, 0.971
-0.129, 0.027, 0.973
-0.129, 0.021, 0.976
-0.130, 0.015, 0.981
-0.131, 0.008, 0.986
-0.132, 0.002, 0.992
-0.122, 0.027, 0.970
-0.115, 0.027, 0.967
-0.109, 0.027, 0.964
-0.102, 0.021, 0.963
-0.102, 0.027, 0.960
-0.101, 0.033, 0.956
-0.108, 0.040, 0.956
-0.114, 0.046, 0.957
-0.121, 0.046, 0.959
-0.121, 0.052, 0.959
-0.101, 0.040, 0.954
-0.095, 0.033, 0.954
-0.095, 0.039, 0.953
-0.095, 0.046, 0.953
-0.095, 0.052, 0.954
-0.095, 0.059, 0.954
-0.088, 0.058, 0.952
-0.088, 0.065, 0.953
-0.082, 0.065, 0.952
-0.082, 0.071, 0.955
-0.082, 0.078, 0.957
-0.089, 0.085, 0.964
-0.096, 0.078, 0.961
-0.096, 0.085, 0.968
-0.083, 0.084, 0.961
-0.076, 0.078, 0.956
-0.076, 0.071, 0.954
-0.070, 0.071, 0.954
-0.063, 0.071, 0.954
-0.057, 0.065, 0.952
-0.057, 0.071, 0.953
-0.050, 0.065, 0.952
-0.050, 0.058, 0.950
-0.044, 0.058, 0.949
-0.038, 0.058, 0.948
-0.038, 0.064, 0.949
-0.044, 0.071, 0.951
-0.050, 0.077, 0.952
-0.057, 0.084, 0.954
-0.063, 0.084, 0.955
-0.070, 0.084, 0.956
-0.076, 0.084, 0.959
-0.077, 0.091, 0.963
-0.077, 0.098, 0.967
-0.070, 0.098, 0.965
-0.064, 0.097, 0.963
-0.057, 0.097, 0.963
-0.044, 0.077, 0.952
-0.038, 0.071, 0.950
-0.038, 0.077, 0.952
-0.031, 0.071, 0.950
-0.025, 0.071, 0.950
-0.025, 0.077, 0.954
-0.032, 0.084, 0.956
-0.038, 0.091, 0.958
-0.032, 0.091, 0.960
-0.025, 0.084, 0.958
-0.025, 0.091, 0.962
-0.019, 0.084, 0.959
-0.013, 0.084, 0.961
-0.006, 0.078, 0.957
-0.012, 0.071, 0.951
-0.019, 0.064, 0.947
-0.025, 0.058, 0.946
-0.031, 0.052, 0.948
-0.031, 0.046, 0.948
-0.025, 0.045, 0.946
-0.019, 0.039, 0.946
-0.019, 0.045, 0.945
-0.012, 0.039, 0.945
-0.006, 0.033, 0.946
-0.006, 0.039, 0.944
0.000, 0.033, 0.945
0.006, 0.033, 0.942
0.013, 0.033, 0.941
0.019, 0.033, 0.940
0.019, 0.039, 0.939
0.013, 0.045, 0.939
0.006, 0.051, 0.940
0.019, 0.045, 0.939
0.025, 0.045, 0.939
0.031, 0.045, 0.939
0.031, 0.052, 0.942
0.025, 0.058, 0.946
0.019, 0.065, 0.950
0.013, 0.065, 0.949
0.007, 0.071, 0.954
0.000, 0.071, 0.954
-0.006, 0.071, 0.953
0.000, 0.078, 0.958
-0.006, 0.084, 0.962
0.007, 0.078, 0.959
0.013, 0.071, 0.954
0.013, 0.078, 0.959
0.019, 0.071, 0.954
0.019, 0.078, 0.959
0.026, 0.071, 0.955
0.025, 0.065, 0.950
0.032, 0.058, 0.946
0.038, 0.058, 0.946
0.038, 0.065, 0.951
0.044, 0.065, 0.951
0.051, 0.058, 0.950
0.050, 0.052, 0.946
0.044, 0.045, 0.941
0.038, 0.039, 0.939
0.038, 0.033, 0.939
0.038, 0.026, 0.940
0.031, 0.020, 0.943
0.025, 0.014, 0.945
0.019, 0.014, 0.945
0.013, 0.014, 0.946
0.007, 0.008, 0.950
0.000, 0.002, 0.959
0.000, -0.005, 0.966
0.000, -0.011, 0.974
0.007, -0.011, 0.970
0.013, -0.011, 0.968
0.019, -0.011, 0.967
0.026, -0.018, 0.971
0.026, -0.024, 0.975
0.032, -0.024, 0.972
0.039, -0.024, 0.970
0.039, -0.018, 0.964
0.032, -0.011, 0.962
0.026, -0.011, 0.966
0.038, -0.011, 0.959
0.045, -0.011, 0.958
0.051, -0.011, 0.957
0.058, -0.018, 0.960
0.057, -0.011, 0.954
0.064, -0.017, 0.956
0.064, -0.024, 0.962
0.065, -0.031, 0.970
0.065, -0.037, 0.981
0.066, -0.044, 0.988
0.066, -0.051, 0.992
0.072, -0.051, 0.989
0.079, -0.051, 0.987
0.079, -0.044, 0.983
0.072, -0.037, 0.979
0.078, -0.037, 0.977
0.077, -0.031, 0.969
0.070, -0.024, 0.960
0.070, -0.017, 0.953
0.077, -0.024, 0.960
0.076, -0.017, 0.951
0.082, -0.017, 0.949
0.088, -0.017, 0.948
0.095, -0.017, 0.947
0.094, -0.011, 0.942
0.087, -0.005, 0.939
0.081, -0.005, 0.939
0.094, -0.005, 0.939
0.100, -0.011, 0.942
0.107, -0.017, 0.946
0.108, -0.024, 0.951
0.102, -0.030, 0.959
0.097, -0.037, 0.970
0.097, -0.044, 0.977
0.104, -0.050, 0.981
0.105, -0.057, 0.988
0.100, -0.065, 0.998
0.101, -0.072, 1.007
0.101, -0.079, 1.015
0.108, -0.079, 1.013
0.114, -0.079, 1.012
0.114, -0.072, 1.007
0.106, -0.065, 0.999
0.113, -0.065, 0.998
0.112, -0.057, 0.988
0.119, -0.064, 0.993
0.118, -0.057, 0.985
0.117, -0.050, 0.975
0.110, -0.043, 0.970
0.104, -0.044, 0.974
0.109, -0.037, 0.963
0.108, -0.030, 0.957
0.115, -0.037, 0.962
0.116, -0.043, 0.967
0.122, -0.043, 0.966
0.128, -0.043, 0.966
0.128, -0.037, 0.962
0.121, -0.030, 0.959
0.115, -0.030, 0.957
0.121, -0.024, 0.954
0.113, -0.017, 0.946
0.107, -0.011, 0.942
0.112, -0.005, 0.939
0.119, -0.005, 0.938
0.128, -0.030, 0.959
0.127, -0.024, 0.955
0.126, -0.017, 0.948
0.133, -0.024, 0.954
0.134, -0.030, 0.958
0.134, -0.037, 0.962
0.135, -0.043, 0.966
0.136, -0.050, 0.973
0.137, -0.057, 0.979
0.137, -0.064, 0.983
0.138, -0.071, 0.990
0.133, -0.078, 1.002
0.127, -0.078, 1.006
0.121, -0.079, 1.009
0.126, -0.071, 0.995
0.125, -0.064, 0.989
0.135, -0.086, 1.012
0.136, -0.093, 1.023
0.138, -0.101, 1.034
0.139, -0.109, 1.042
0.146, -0.116, 1.048
0.141, -0.125, 1.062
0.134, -0.125, 1.063
0.128, -0.133, 1.073
0.123, -0.143, 1.088
0.116, -0.143, 1.089
0.109, -0.143, 1.092
0.102, -0.144, 1.097
0.095, -0.144, 1.099
0.088, -0.144, 1.100
0.081, -0.144, 1.100
0.073, -0.144, 1.102
0.066, -0.144, 1.102
0.059, -0.145, 1.103
0.051, -0.136, 1.097
0.044, -0.137, 1.099
0.036, -0.129, 1.091
0.058, -0.136, 1.093
0.125, -0.152, 1.101
0.126, -0.160, 1.112
0.127, -0.169, 1.122
0.134, -0.169, 1.122
0.122, -0.134, 1.075
0.127, -0.125, 1.064
0.148, -0.125, 1.060
0.153, -0.116, 1.044
0.145, -0.109, 1.039
0.150, -0.101, 1.027
0.149, -0.093, 1.017
0.147, -0.085, 1.007
0.139, -0.078, 0.999
0.146, -0.078, 0.998
0.152, -0.071, 0.990
0.150, -0.064, 0.982
0.143, -0.057, 0.978
0.159, -0.071, 0.995
0.160, -0.078, 1.005
0.162, -0.086, 1.013
0.156, -0.093, 1.018
0.157, -0.100, 1.027
0.158, -0.108, 1.034
0.164, -0.100, 1.026
0.170, -0.093, 1.024
0.169, -0.086, 1.018
0.178, -0.094, 1.029
0.177, -0.087, 1.023
0.175, -0.079, 1.014
0.166, -0.071, 1.001
0.165, -0.064, 0.994
0.174, -0.072, 1.007
0.173, -0.065, 1.002
0.172, -0.058, 0.997
0.163, -0.051, 0.983
0.163, -0.044, 0.978
0.172, -0.051, 0.992
0.171, -0.044, 0.988
0.170, -0.038, 0.985
0.179, -0.045, 0.999
0.180, -0.052, 1.002
0.179, -0.038, 0.998
0.179, -0.031, 0.998
0.171, -0.025, 0.988
0.170, -0.018, 0.986
0.179, -0.025, 0.998
0.179, -0.018, 0.996
0.178, -0.012, 0.993
0.132, -0.017, 0.947
0.131, -0.011, 0.941
0.138, -0.011, 0.942
0.096, -0.030, 0.961
0.007, 0.002, 0.954
0.013, 0.002, 0.951
0.006, 0.014, 0.947
0.025, 0.020, 0.943
0.038, 0.020, 0.942
0.044, 0.014, 0.941
0.050, 0.008, 0.940
0.044, 0.002, 0.944
0.038, 0.002, 0.945
0.032, 0.002, 0.947
0.050, 0.014, 0.938
0.056, 0.008, 0.938
0.056, 0.014, 0.937
0.063, 0.002, 0.939
0.069, 0.002, 0.937
0.038, 0.045, 0.940
0.050, 0.039, 0.941
0.050, 0.045, 0.943
0.051, 0.065, 0.954
-0.031, 0.058, 0.948
-0.019, 0.058, 0.945
-0.012, 0.058, 0.943
-0.019, 0.071, 0.950
-0.088, 0.046, 0.951
-0.082, 0.039, 0.950
-0.082, 0.033, 0.951
-0.082, 0.027, 0.952
-0.089, 0.021, 0.956
-0.096, 0.014, 0.966
-0.097, 0.008, 0.973
-0.090, 0.008, 0.972
-0.083, 0.008, 0.969
-0.077, 0.008, 0.968
-0.071, 0.002, 0.972
-0.070, 0.008, 0.967
-0.070, 0.014, 0.962
-0.063, 0.021, 0.955
-0.069, 0.027, 0.953
-0.076, 0.033, 0.951
-0.076, 0.039, 0.950
-0.082, 0.046, 0.949
-0.069, 0.039, 0.950
-0.063, 0.039, 0.950
-0.057, 0.033, 0.950
-0.063, 0.027, 0.952
-0.057, 0.021, 0.953
-0.057, 0.014, 0.956
-0.051, 0.008, 0.958
-0.051, 0.002, 0.962
-0.044, 0.002, 0.961
-0.038, 0.002, 0.961
-0.051, 0.014, 0.955
-0.050, 0.021, 0.952
-0.057, 0.027, 0.951
-0.044, 0.021, 0.952
-0.038, 0.014, 0.954
-0.038, 0.021, 0.952
-0.031, 0.020, 0.952
-0.025, 0.014, 0.952
-0.025, 0.020, 0.950
-0.019, 0.014, 0.952
-0.019, 0.008, 0.955
-0.025, 0.002, 0.960
-0.019, -0.005, 0.969
-0.026, -0.011, 0.980
-0.032, -0.011, 0.981
-0.039, -0.011, 0.983
-0.046, -0.011, 0.984
-0.052, -0.011, 0.986
-0.059, -0.011, 0.987
-0.065, -0.011, 0.988
-0.065, -0.005, 0.979
-0.064, 0.002, 0.969
-0.019, -0.011, 0.979
-0.013, -0.005, 0.969
-0.013, 0.002, 0.962
-0.012, 0.008, 0.956
-0.057, 0.039, 0.949
-0.095, 0.021, 0.960
-0.082, 0.021, 0.955
-0.128, -0.019, 1.019
-0.130, -0.026, 1.032
-0.131, -0.033, 1.042
-0.133, -0.040, 1.053
-0.135, -0.048, 1.073
-0.138, -0.056, 1.094
-0.139, -0.064, 1.107
-0.151, -0.073, 1.136
-0.141, -0.072, 1.120
-0.129, -0.056, 1.080
-0.120, -0.055, 1.068
-0.113, -0.055, 1.061
-0.111, -0.047, 1.050
-0.118, -0.040, 1.045
-0.124, -0.033, 1.036
-0.116, -0.032, 1.030
-0.110, -0.040, 1.039
-0.109, -0.032, 1.025
-0.108, -0.025, 1.015
-0.101, -0.025, 1.014
-0.095, -0.032, 1.025
-0.103, -0.040, 1.036
-0.096, -0.039, 1.034
-0.094, -0.025, 1.012
-0.153, -0.090, 1.154
-0.145, -0.097, 1.152
-0.120, -0.103, 1.130
-0.104, -0.102, 1.118
-0.074, -0.109, 1.114
-0.052, -0.116, 1.113
-0.007, -0.122, 1.101
RegionID:5
Center:0.399,-0.123,1.236
Normal:-0.088,-0.683,-0.725
NumPatches:42
0.334, -0.104, 1.226
0.342, -0.104, 1.224
0.352, -0.112, 1.231
0.350, -0.104, 1.224
0.347, -0.095, 1.215
0.355, -0.095, 1.214
0.363, -0.095, 1.214
0.372, -0.095, 1.215
0.380, -0.095, 1.215
0.387, -0.095, 1.214
0.394, -0.094, 1.210
0.391, -0.086, 1.202
0.401, -0.094, 1.207
0.399, -0.086, 1.200
0.409, -0.094, 1.205
0.412, -0.103, 1.215
0.420, -0.103, 1.215
0.427, -0.103, 1.213
0.438, -0.111, 1.220
0.433, -0.120, 1.229
0.436, -0.129, 1.239
0.431, -0.139, 1.249
0.434, -0.148, 1.255
0.428, -0.157, 1.263
0.424, -0.167, 1.276
0.416, -0.167, 1.277
0.407, -0.167, 1.276
0.398, -0.167, 1.275
0.396, -0.158, 1.268
0.386, -0.149, 1.262
0.383, -0.139, 1.254
0.372, -0.130, 1.245
0.370, -0.121, 1.238
0.360, -0.112, 1.229
0.367, -0.112, 1.228
0.381, -0.130, 1.245
0.394, -0.148, 1.261
0.421, -0.157, 1.266
0.436, -0.157, 1.261
0.439, -0.139, 1.247
0.441, -0.120, 1.229
0.435, -0.103, 1.212
RegionID:6
Center:-0.292,-0.064,1.412
Normal:-0.092,-0.657,-0.748
NumPatches:18
-0.277, -0.044, 1.391
-0.288, -0.054, 1.402
-0.298, -0.054, 1.404
-0.309, -0.063, 1.412
-0.311, -0.073, 1.421
-0.314, -0.083, 1.433
-0.304, -0.083, 1.430
-0.293, -0.083, 1.427
-0.284, -0.083, 1.426
-0.274, -0.083, 1.426
-0.273, -0.073, 1.420
-0.271, -0.063, 1.409
-0.279, -0.053, 1.399
-0.287, -0.044, 1.395
-0.269, -0.053, 1.397
-0.308, -0.054, 1.405
-0.315, -0.044, 1.397
-0.306, -0.044, 1.397
RegionID:7
Center:-0.464,-0.050,1.420
Normal:-0.097,-0.677,-0.730
NumPatches:22
-0.459, -0.074, 1.442
-0.469, -0.074, 1.444
-0.479, -0.074, 1.444
-0.486, -0.064, 1.437
-0.496, -0.064, 1.438
-0.494, -0.055, 1.432
-0.484, -0.055, 1.429
-0.480, -0.045, 1.418
-0.486, -0.035, 1.409
-0.476, -0.035, 1.407
-0.467, -0.035, 1.406
-0.457, -0.035, 1.406
-0.455, -0.026, 1.399
-0.447, -0.035, 1.404
-0.445, -0.026, 1.398
-0.438, -0.035, 1.404
-0.441, -0.045, 1.413
-0.453, -0.054, 1.422
-0.457, -0.064, 1.435
-0.444, -0.054, 1.423
-0.428, -0.035, 1.402
-0.476, -0.064, 1.436
RegionID:8
Center:0.303,0.185,1.053
Normal:-0.282,-0.372,-0.884
NumPatches:206
0.228, 0.349, 1.009
0.223, 0.345, 1.015
0.217, 0.340, 1.019
0.211, 0.334, 1.021
0.204, 0.328, 1.025
0.197, 0.334, 1.024
0.197, 0.340, 1.021
0.190, 0.347, 1.020
0.190, 0.353, 1.018
0.183, 0.360, 1.019
0.183, 0.366, 1.017
0.176, 0.373, 1.018
0.169, 0.379, 1.017
0.169, 0.385, 1.014
0.176, 0.379, 1.015
0.175, 0.384, 1.012
0.181, 0.384, 1.010
0.188, 0.383, 1.008
0.194, 0.382, 1.006
0.201, 0.375, 1.006
0.200, 0.381, 1.004
0.207, 0.375, 1.005
0.208, 0.369, 1.007
0.214, 0.363, 1.008
0.215, 0.357, 1.011
0.216, 0.352, 1.015
0.210, 0.346, 1.019
0.204, 0.340, 1.021
0.197, 0.346, 1.019
0.203, 0.346, 1.019
0.204, 0.334, 1.022
0.217, 0.346, 1.018
0.214, 0.368, 1.005
0.182, 0.372, 1.016
0.189, 0.359, 1.017
0.205, 0.322, 1.028
0.212, 0.315, 1.028
0.212, 0.309, 1.030
0.219, 0.302, 1.030
0.220, 0.296, 1.032
0.220, 0.290, 1.035
0.227, 0.290, 1.033
0.234, 0.283, 1.034
0.234, 0.276, 1.036
0.235, 0.270, 1.038
0.235, 0.264, 1.041
0.236, 0.258, 1.044
0.243, 0.251, 1.045
0.242, 0.257, 1.042
0.250, 0.251, 1.043
0.250, 0.244, 1.045
0.250, 0.238, 1.046
0.257, 0.231, 1.047
0.258, 0.224, 1.050
0.265, 0.218, 1.050
0.264, 0.224, 1.047
0.272, 0.217, 1.048
0.273, 0.211, 1.051
0.273, 0.205, 1.055
0.274, 0.198, 1.058
0.282, 0.192, 1.060
0.282, 0.185, 1.062
0.289, 0.178, 1.062
0.290, 0.171, 1.064
0.291, 0.164, 1.067
0.298, 0.158, 1.067
0.297, 0.164, 1.065
0.304, 0.157, 1.065
0.305, 0.150, 1.068
0.306, 0.144, 1.069
0.313, 0.136, 1.069
0.313, 0.130, 1.072
0.314, 0.123, 1.075
0.322, 0.116, 1.075
0.321, 0.123, 1.072
0.328, 0.116, 1.073
0.329, 0.109, 1.076
0.337, 0.102, 1.078
0.338, 0.095, 1.081
0.345, 0.088, 1.083
0.345, 0.095, 1.080
0.352, 0.088, 1.081
0.353, 0.081, 1.083
0.353, 0.074, 1.084
0.354, 0.067, 1.086
0.361, 0.059, 1.087
0.362, 0.052, 1.090
0.370, 0.045, 1.092
0.369, 0.052, 1.088
0.377, 0.045, 1.090
0.378, 0.038, 1.093
0.379, 0.031, 1.095
0.386, 0.024, 1.096
0.387, 0.016, 1.098
0.394, 0.009, 1.098
0.394, 0.002, 1.099
0.402, -0.005, 1.099
0.404, -0.013, 1.105
0.412, -0.020, 1.106
0.413, -0.028, 1.110
0.421, -0.035, 1.111
0.422, -0.043, 1.114
0.429, -0.042, 1.112
0.435, -0.042, 1.110
0.442, -0.042, 1.108
0.441, -0.035, 1.106
0.439, -0.027, 1.102
0.438, -0.020, 1.098
0.430, -0.013, 1.096
0.423, -0.013, 1.098
0.422, -0.005, 1.095
0.421, 0.002, 1.092
0.420, 0.009, 1.089
0.412, 0.016, 1.088
0.411, 0.023, 1.086
0.404, 0.031, 1.086
0.403, 0.038, 1.084
0.402, 0.045, 1.080
0.394, 0.052, 1.079
0.394, 0.059, 1.077
0.386, 0.066, 1.077
0.379, 0.073, 1.077
0.378, 0.080, 1.074
0.377, 0.087, 1.071
0.370, 0.094, 1.071
0.369, 0.101, 1.068
0.362, 0.108, 1.067
0.361, 0.115, 1.065
0.354, 0.122, 1.064
0.353, 0.129, 1.062
0.352, 0.135, 1.060
0.345, 0.142, 1.059
0.338, 0.149, 1.058
0.337, 0.156, 1.055
0.336, 0.162, 1.052
0.328, 0.169, 1.051
0.321, 0.176, 1.050
0.320, 0.183, 1.048
0.313, 0.189, 1.048
0.312, 0.196, 1.044
0.305, 0.203, 1.045
0.305, 0.209, 1.043
0.298, 0.216, 1.043
0.297, 0.222, 1.040
0.296, 0.229, 1.037
0.289, 0.235, 1.036
0.282, 0.242, 1.035
0.282, 0.249, 1.034
0.275, 0.255, 1.033
0.274, 0.261, 1.030
0.273, 0.267, 1.027
0.266, 0.274, 1.026
0.265, 0.280, 1.024
0.259, 0.287, 1.024
0.258, 0.293, 1.022
0.251, 0.300, 1.021
0.251, 0.306, 1.019
0.244, 0.313, 1.019
0.243, 0.319, 1.017
0.237, 0.325, 1.017
0.236, 0.331, 1.015
0.229, 0.338, 1.015
0.229, 0.344, 1.012
0.236, 0.337, 1.012
0.243, 0.325, 1.015
0.250, 0.312, 1.017
0.258, 0.299, 1.020
0.265, 0.286, 1.022
0.272, 0.273, 1.024
0.281, 0.255, 1.032
0.289, 0.242, 1.034
0.296, 0.235, 1.034
0.305, 0.216, 1.042
0.312, 0.202, 1.042
0.320, 0.189, 1.046
0.327, 0.176, 1.048
0.335, 0.169, 1.049
0.344, 0.149, 1.057
0.351, 0.142, 1.057
0.360, 0.122, 1.063
0.368, 0.108, 1.065
0.376, 0.094, 1.068
0.386, 0.073, 1.074
0.393, 0.066, 1.075
0.401, 0.052, 1.078
0.411, 0.031, 1.084
0.419, 0.016, 1.086
0.427, 0.002, 1.090
0.436, -0.013, 1.094
0.447, -0.035, 1.103
0.448, -0.042, 1.105
0.419, -0.028, 1.107
0.410, -0.013, 1.102
0.401, 0.002, 1.097
0.393, 0.016, 1.096
0.385, 0.031, 1.093
0.360, 0.066, 1.084
0.336, 0.109, 1.075
0.312, 0.143, 1.067
0.289, 0.185, 1.060
0.281, 0.198, 1.057
0.257, 0.237, 1.044
0.233, 0.289, 1.032
0.219, 0.308, 1.028
0.211, 0.322, 1.026
0.217, 0.333, 1.020
RegionID:9
Center:-0.457,0.098,1.140
Normal:-0.106,-0.656,-0.748
NumPatches:229
-0.611, 0.072, 1.179
-0.600, 0.080, 1.173
-0.606, 0.087, 1.170
-0.603, 0.095, 1.164
-0.598, 0.102, 1.155
-0.594, 0.108, 1.147
-0.590, 0.115, 1.140
-0.585, 0.108, 1.145
-0.590, 0.101, 1.155
-0.594, 0.094, 1.162
-0.588, 0.087, 1.166
-0.592, 0.080, 1.173
-0.597, 0.073, 1.184
-0.584, 0.080, 1.172
-0.580, 0.087, 1.165
-0.586, 0.094, 1.161
-0.583, 0.101, 1.155
-0.574, 0.101, 1.153
-0.570, 0.108, 1.144
-0.574, 0.115, 1.138
-0.582, 0.115, 1.139
-0.572, 0.122, 1.134
-0.578, 0.129, 1.131
-0.587, 0.130, 1.133
-0.574, 0.136, 1.123
-0.578, 0.143, 1.117
-0.575, 0.149, 1.111
-0.570, 0.142, 1.115
-0.566, 0.136, 1.121
-0.569, 0.129, 1.129
-0.564, 0.122, 1.132
-0.566, 0.115, 1.138
-0.556, 0.122, 1.131
-0.554, 0.129, 1.128
-0.551, 0.136, 1.122
-0.543, 0.136, 1.121
-0.540, 0.142, 1.115
-0.545, 0.149, 1.110
-0.552, 0.149, 1.109
-0.561, 0.142, 1.113
-0.559, 0.149, 1.109
-0.565, 0.156, 1.105
-0.569, 0.162, 1.100
-0.563, 0.162, 1.101
-0.555, 0.162, 1.100
-0.550, 0.156, 1.104
-0.542, 0.155, 1.102
-0.538, 0.149, 1.110
-0.534, 0.155, 1.101
-0.529, 0.149, 1.107
-0.526, 0.155, 1.101
-0.520, 0.148, 1.104
-0.522, 0.141, 1.108
-0.534, 0.135, 1.118
-0.525, 0.135, 1.114
-0.517, 0.135, 1.113
-0.515, 0.141, 1.108
-0.513, 0.148, 1.104
-0.518, 0.155, 1.100
-0.506, 0.148, 1.104
-0.501, 0.142, 1.109
-0.510, 0.135, 1.113
-0.503, 0.135, 1.114
-0.495, 0.135, 1.112
-0.487, 0.135, 1.112
-0.483, 0.141, 1.102
-0.488, 0.147, 1.097
-0.497, 0.148, 1.102
-0.480, 0.147, 1.096
-0.476, 0.141, 1.102
-0.480, 0.135, 1.112
-0.475, 0.128, 1.117
-0.476, 0.121, 1.121
-0.468, 0.121, 1.119
-0.462, 0.114, 1.123
-0.466, 0.107, 1.132
-0.457, 0.107, 1.130
-0.450, 0.107, 1.129
-0.442, 0.107, 1.130
-0.439, 0.113, 1.122
-0.444, 0.120, 1.115
-0.452, 0.120, 1.115
-0.460, 0.120, 1.117
-0.443, 0.127, 1.112
-0.449, 0.134, 1.108
-0.456, 0.134, 1.108
-0.464, 0.134, 1.110
-0.472, 0.134, 1.111
-0.461, 0.141, 1.102
-0.466, 0.147, 1.096
-0.473, 0.147, 1.096
-0.459, 0.147, 1.097
-0.453, 0.141, 1.101
-0.451, 0.147, 1.096
-0.441, 0.134, 1.108
-0.434, 0.134, 1.107
-0.426, 0.134, 1.105
-0.418, 0.134, 1.104
-0.410, 0.134, 1.104
-0.403, 0.134, 1.103
-0.397, 0.127, 1.107
-0.407, 0.120, 1.114
-0.415, 0.120, 1.115
-0.424, 0.113, 1.122
-0.427, 0.107, 1.129
-0.421, 0.100, 1.133
-0.424, 0.093, 1.139
-0.426, 0.086, 1.147
-0.419, 0.086, 1.148
-0.411, 0.086, 1.148
-0.409, 0.093, 1.140
-0.412, 0.099, 1.129
-0.418, 0.106, 1.125
-0.408, 0.113, 1.119
-0.402, 0.106, 1.120
-0.397, 0.099, 1.129
-0.400, 0.092, 1.138
-0.394, 0.106, 1.120
-0.392, 0.113, 1.115
-0.398, 0.120, 1.112
-0.391, 0.120, 1.110
-0.389, 0.126, 1.104
-0.395, 0.133, 1.103
-0.380, 0.126, 1.101
-0.372, 0.126, 1.099
-0.367, 0.119, 1.105
-0.365, 0.126, 1.099
-0.360, 0.119, 1.106
-0.361, 0.112, 1.111
-0.363, 0.106, 1.118
-0.356, 0.106, 1.118
-0.349, 0.106, 1.119
-0.348, 0.113, 1.114
-0.346, 0.120, 1.110
-0.336, 0.126, 1.101
-0.330, 0.119, 1.103
-0.331, 0.112, 1.107
-0.342, 0.106, 1.119
-0.336, 0.099, 1.125
-0.337, 0.092, 1.128
-0.338, 0.084, 1.132
-0.340, 0.077, 1.138
-0.343, 0.070, 1.148
-0.345, 0.063, 1.155
-0.346, 0.056, 1.160
-0.340, 0.048, 1.164
-0.343, 0.041, 1.173
-0.353, 0.033, 1.182
-0.361, 0.033, 1.183
-0.367, 0.041, 1.178
-0.376, 0.041, 1.179
-0.386, 0.033, 1.187
-0.392, 0.041, 1.181
-0.400, 0.041, 1.181
-0.408, 0.041, 1.182
-0.416, 0.041, 1.184
-0.421, 0.049, 1.176
-0.430, 0.049, 1.179
-0.439, 0.049, 1.182
-0.448, 0.049, 1.183
-0.455, 0.049, 1.182
-0.460, 0.056, 1.175
-0.469, 0.057, 1.178
-0.475, 0.064, 1.174
-0.483, 0.064, 1.173
-0.490, 0.064, 1.172
-0.498, 0.064, 1.172
-0.506, 0.064, 1.174
-0.513, 0.072, 1.170
-0.521, 0.072, 1.171
-0.532, 0.064, 1.179
-0.537, 0.072, 1.173
-0.546, 0.072, 1.176
-0.555, 0.072, 1.177
-0.564, 0.072, 1.180
-0.569, 0.080, 1.173
-0.576, 0.080, 1.173
-0.572, 0.087, 1.165
-0.568, 0.094, 1.156
-0.565, 0.101, 1.150
-0.557, 0.101, 1.149
-0.554, 0.108, 1.144
-0.546, 0.108, 1.143
-0.542, 0.101, 1.151
-0.554, 0.094, 1.159
-0.558, 0.087, 1.167
-0.560, 0.080, 1.172
-0.546, 0.094, 1.158
-0.540, 0.087, 1.161
-0.542, 0.079, 1.167
-0.537, 0.094, 1.155
-0.528, 0.094, 1.153
-0.520, 0.094, 1.152
-0.518, 0.101, 1.148
-0.523, 0.108, 1.141
-0.532, 0.108, 1.144
-0.539, 0.108, 1.144
-0.518, 0.114, 1.131
-0.516, 0.121, 1.126
-0.508, 0.121, 1.125
-0.500, 0.121, 1.124
-0.495, 0.114, 1.130
-0.508, 0.108, 1.142
-0.515, 0.108, 1.141
-0.499, 0.108, 1.139
-0.493, 0.100, 1.144
-0.504, 0.093, 1.150
-0.512, 0.093, 1.151
-0.496, 0.093, 1.149
-0.490, 0.107, 1.135
-0.492, 0.121, 1.123
-0.529, 0.072, 1.171
-0.504, 0.072, 1.169
-0.467, 0.064, 1.171
-0.452, 0.056, 1.175
-0.414, 0.049, 1.176
-0.384, 0.041, 1.180
-0.359, 0.041, 1.175
-0.345, 0.033, 1.182
-0.338, 0.056, 1.158
-0.335, 0.070, 1.148
-0.330, 0.084, 1.131
-0.333, 0.105, 1.116
-0.325, 0.105, 1.113
-0.323, 0.112, 1.106
-0.322, 0.119, 1.102
-0.329, 0.126, 1.100
-0.422, 0.120, 1.115
-0.437, 0.120, 1.115
RegionID:10
Center:0.112,0.146,1.006
Normal:0.452,0.465,-0.762
NumPatches:184
0.110, 0.092, 0.974
0.104, 0.092, 0.973
0.110, 0.085, 0.972
0.116, 0.079, 0.971
0.116, 0.072, 0.968
0.109, 0.066, 0.964
0.102, 0.059, 0.959
0.095, 0.052, 0.955
0.096, 0.059, 0.958
0.102, 0.052, 0.954
0.101, 0.046, 0.950
0.095, 0.039, 0.949
0.101, 0.039, 0.947
0.107, 0.039, 0.945
0.113, 0.039, 0.943
0.119, 0.039, 0.942
0.125, 0.039, 0.942
0.126, 0.046, 0.948
0.127, 0.052, 0.954
0.133, 0.052, 0.955
0.134, 0.059, 0.960
0.141, 0.059, 0.962
0.148, 0.059, 0.965
0.155, 0.060, 0.972
0.163, 0.060, 0.981
0.171, 0.061, 0.988
0.178, 0.061, 0.992
0.185, 0.054, 0.992
0.185, 0.061, 0.996
0.192, 0.054, 0.996
0.200, 0.055, 1.002
0.201, 0.062, 1.006
0.209, 0.062, 1.013
0.215, 0.055, 1.013
0.216, 0.062, 1.018
0.223, 0.056, 1.018
0.230, 0.049, 1.018
0.231, 0.056, 1.023
0.238, 0.049, 1.021
0.245, 0.042, 1.023
0.245, 0.049, 1.026
0.253, 0.043, 1.030
0.254, 0.050, 1.033
0.255, 0.057, 1.037
0.256, 0.064, 1.042
0.258, 0.071, 1.048
0.259, 0.079, 1.054
0.260, 0.086, 1.057
0.261, 0.093, 1.060
0.262, 0.101, 1.066
0.256, 0.108, 1.068
0.249, 0.115, 1.070
0.240, 0.114, 1.062
0.241, 0.122, 1.067
0.242, 0.130, 1.071
0.235, 0.137, 1.072
0.228, 0.144, 1.073
0.222, 0.152, 1.076
0.213, 0.151, 1.069
0.206, 0.158, 1.070
0.200, 0.165, 1.072
0.193, 0.173, 1.077
0.184, 0.171, 1.066
0.175, 0.170, 1.055
0.168, 0.169, 1.051
0.161, 0.177, 1.054
0.163, 0.185, 1.064
0.156, 0.193, 1.067
0.148, 0.191, 1.057
0.140, 0.190, 1.052
0.132, 0.189, 1.046
0.124, 0.188, 1.039
0.117, 0.187, 1.033
0.109, 0.186, 1.028
0.102, 0.192, 1.026
0.095, 0.191, 1.020
0.088, 0.198, 1.022
0.081, 0.197, 1.018
0.075, 0.204, 1.017
0.068, 0.203, 1.014
0.061, 0.202, 1.009
0.053, 0.201, 1.001
0.054, 0.208, 1.005
0.054, 0.216, 1.010
0.047, 0.223, 1.011
0.040, 0.222, 1.007
0.034, 0.229, 1.007
0.034, 0.237, 1.012
0.034, 0.246, 1.023
0.027, 0.253, 1.024
0.020, 0.250, 1.013
0.021, 0.260, 1.023
0.021, 0.270, 1.037
0.014, 0.278, 1.042
0.007, 0.276, 1.035
0.000, 0.273, 1.024
-0.007, 0.281, 1.026
-0.013, 0.271, 1.014
-0.013, 0.262, 1.005
-0.020, 0.251, 0.990
-0.019, 0.243, 0.984
-0.019, 0.236, 0.980
-0.019, 0.228, 0.976
-0.025, 0.220, 0.967
-0.025, 0.212, 0.961
-0.031, 0.204, 0.952
-0.031, 0.197, 0.949
-0.031, 0.190, 0.947
-0.031, 0.183, 0.943
-0.025, 0.177, 0.942
-0.025, 0.184, 0.947
-0.019, 0.177, 0.947
-0.019, 0.170, 0.943
-0.012, 0.171, 0.947
-0.006, 0.172, 0.952
0.000, 0.166, 0.951
0.000, 0.173, 0.957
0.007, 0.166, 0.956
0.007, 0.159, 0.951
0.013, 0.153, 0.952
0.013, 0.160, 0.956
0.019, 0.154, 0.957
0.019, 0.147, 0.955
0.026, 0.148, 0.959
0.032, 0.148, 0.962
0.039, 0.142, 0.962
0.039, 0.149, 0.965
0.045, 0.142, 0.965
0.051, 0.136, 0.965
0.052, 0.143, 0.969
0.058, 0.137, 0.969
0.058, 0.130, 0.964
0.065, 0.130, 0.969
0.071, 0.131, 0.975
0.078, 0.124, 0.975
0.078, 0.131, 0.979
0.085, 0.125, 0.979
0.091, 0.118, 0.979
0.092, 0.126, 0.983
0.098, 0.119, 0.984
0.105, 0.113, 0.985
0.105, 0.120, 0.989
0.112, 0.113, 0.988
0.118, 0.106, 0.985
0.119, 0.113, 0.990
0.125, 0.107, 0.989
0.124, 0.100, 0.984
0.131, 0.093, 0.985
0.123, 0.086, 0.977
0.123, 0.079, 0.973
0.130, 0.086, 0.981
0.132, 0.100, 0.989
-0.025, 0.205, 0.956
-0.019, 0.221, 0.972
-0.013, 0.252, 0.993
-0.013, 0.279, 1.021
-0.007, 0.290, 1.034
-0.014, 0.298, 1.038
0.000, 0.283, 1.034
0.021, 0.280, 1.048
0.035, 0.256, 1.037
0.041, 0.230, 1.012
0.048, 0.239, 1.024
0.054, 0.224, 1.015
0.061, 0.217, 1.015
0.068, 0.211, 1.016
0.069, 0.227, 1.031
0.082, 0.205, 1.021
0.096, 0.199, 1.027
0.110, 0.193, 1.031
0.165, 0.195, 1.078
0.169, 0.178, 1.060
0.203, 0.175, 1.088
0.209, 0.167, 1.085
0.216, 0.160, 1.081
0.232, 0.154, 1.091
0.239, 0.146, 1.088
0.244, 0.138, 1.082
0.257, 0.116, 1.075
0.264, 0.108, 1.072
0.132, 0.039, 0.943
0.131, 0.033, 0.940
0.103, 0.065, 0.964
0.115, 0.066, 0.964
RegionID:11
Center:0.612,0.146,1.229
Normal:0.545,0.082,-0.834
NumPatches:37
0.622, 0.100, 1.231
0.608, 0.099, 1.220
0.595, 0.098, 1.209
0.595, 0.106, 1.211
0.586, 0.114, 1.208
0.575, 0.114, 1.203
0.577, 0.122, 1.205
0.587, 0.122, 1.211
0.588, 0.131, 1.213
0.589, 0.139, 1.214
0.600, 0.140, 1.220
0.601, 0.148, 1.221
0.601, 0.156, 1.223
0.614, 0.157, 1.232
0.615, 0.166, 1.233
0.614, 0.174, 1.232
0.614, 0.182, 1.232
0.615, 0.190, 1.234
0.626, 0.183, 1.240
0.627, 0.175, 1.242
0.628, 0.167, 1.244
0.627, 0.158, 1.242
0.626, 0.150, 1.239
0.624, 0.141, 1.236
0.623, 0.133, 1.234
0.623, 0.125, 1.234
0.610, 0.116, 1.224
0.597, 0.115, 1.215
0.608, 0.107, 1.221
0.622, 0.116, 1.232
0.640, 0.168, 1.250
0.640, 0.176, 1.252
0.626, 0.191, 1.239
0.627, 0.200, 1.241
0.628, 0.208, 1.244
0.641, 0.201, 1.253
0.639, 0.193, 1.249
RegionID:12
Center:0.477,0.344,1.139
Normal:-0.175,-0.326,-0.929
NumPatches:76
0.501, 0.421, 1.108
0.494, 0.414, 1.110
0.488, 0.408, 1.113
0.481, 0.408, 1.114
0.475, 0.409, 1.116
0.468, 0.410, 1.118
0.462, 0.404, 1.122
0.456, 0.404, 1.124
0.449, 0.405, 1.125
0.442, 0.405, 1.126
0.435, 0.399, 1.129
0.429, 0.392, 1.131
0.429, 0.385, 1.134
0.431, 0.379, 1.137
0.432, 0.372, 1.140
0.425, 0.366, 1.143
0.433, 0.358, 1.142
0.433, 0.351, 1.144
0.434, 0.344, 1.145
0.435, 0.337, 1.148
0.436, 0.330, 1.151
0.437, 0.323, 1.153
0.438, 0.316, 1.155
0.439, 0.309, 1.158
0.440, 0.302, 1.161
0.441, 0.295, 1.163
0.441, 0.288, 1.165
0.443, 0.281, 1.169
0.450, 0.281, 1.168
0.458, 0.281, 1.167
0.465, 0.280, 1.166
0.472, 0.280, 1.165
0.480, 0.280, 1.164
0.478, 0.287, 1.161
0.477, 0.294, 1.158
0.484, 0.293, 1.156
0.492, 0.286, 1.158
0.487, 0.280, 1.163
0.494, 0.279, 1.162
0.499, 0.285, 1.155
0.491, 0.293, 1.154
0.506, 0.285, 1.153
0.513, 0.285, 1.152
0.520, 0.284, 1.151
0.528, 0.284, 1.151
0.535, 0.284, 1.150
0.534, 0.291, 1.148
0.533, 0.298, 1.146
0.525, 0.306, 1.145
0.524, 0.313, 1.143
0.522, 0.319, 1.139
0.521, 0.326, 1.136
0.520, 0.333, 1.134
0.519, 0.340, 1.132
0.518, 0.347, 1.130
0.518, 0.354, 1.129
0.517, 0.361, 1.128
0.509, 0.368, 1.126
0.501, 0.375, 1.125
0.500, 0.382, 1.123
0.499, 0.388, 1.120
0.498, 0.395, 1.118
0.504, 0.394, 1.116
0.503, 0.401, 1.114
0.495, 0.407, 1.112
0.502, 0.407, 1.111
0.501, 0.414, 1.109
0.512, 0.387, 1.116
0.507, 0.374, 1.123
0.516, 0.367, 1.125
0.532, 0.305, 1.144
0.432, 0.365, 1.141
0.435, 0.392, 1.130
0.427, 0.406, 1.128
0.435, 0.406, 1.127
0.461, 0.410, 1.120
RegionID:13
Center:-0.428,0.321,0.941
Normal:-0.115,-0.638,-0.762
NumPatches:149
-0.440, 0.350, 0.921
-0.448, 0.345, 0.924
-0.453, 0.350, 0.922
-0.459, 0.350, 0.923
-0.468, 0.346, 0.927
-0.474, 0.346, 0.927
-0.482, 0.341, 0.932
-0.484, 0.337, 0.936
-0.487, 0.332, 0.940
-0.488, 0.327, 0.943
-0.490, 0.322, 0.947
-0.493, 0.317, 0.951
-0.489, 0.313, 0.957
-0.499, 0.309, 0.964
-0.493, 0.308, 0.964
-0.482, 0.312, 0.955
-0.486, 0.317, 0.951
-0.477, 0.307, 0.959
-0.479, 0.302, 0.962
-0.489, 0.297, 0.969
-0.498, 0.292, 0.974
-0.503, 0.298, 0.972
-0.496, 0.298, 0.970
-0.500, 0.287, 0.978
-0.509, 0.282, 0.984
-0.503, 0.282, 0.983
-0.500, 0.278, 0.992
-0.510, 0.273, 0.998
-0.519, 0.267, 1.002
-0.495, 0.272, 0.994
-0.493, 0.287, 0.978
-0.487, 0.287, 0.978
-0.481, 0.287, 0.978
-0.478, 0.292, 0.973
-0.482, 0.297, 0.968
-0.475, 0.297, 0.967
-0.469, 0.297, 0.967
-0.465, 0.292, 0.973
-0.474, 0.287, 0.978
-0.468, 0.287, 0.978
-0.461, 0.287, 0.978
-0.454, 0.287, 0.977
-0.452, 0.292, 0.972
-0.455, 0.296, 0.966
-0.462, 0.297, 0.967
-0.449, 0.296, 0.966
-0.446, 0.301, 0.961
-0.444, 0.306, 0.955
-0.449, 0.311, 0.952
-0.456, 0.312, 0.954
-0.463, 0.312, 0.955
-0.469, 0.312, 0.955
-0.475, 0.312, 0.955
-0.473, 0.317, 0.950
-0.472, 0.322, 0.947
-0.466, 0.322, 0.948
-0.464, 0.327, 0.944
-0.461, 0.331, 0.938
-0.459, 0.336, 0.933
-0.452, 0.336, 0.933
-0.450, 0.340, 0.928
-0.446, 0.336, 0.933
-0.447, 0.331, 0.936
-0.450, 0.327, 0.942
-0.460, 0.323, 0.949
-0.454, 0.317, 0.951
-0.453, 0.322, 0.948
-0.443, 0.326, 0.940
-0.441, 0.331, 0.936
-0.440, 0.336, 0.934
-0.433, 0.336, 0.933
-0.431, 0.340, 0.928
-0.435, 0.345, 0.924
-0.442, 0.345, 0.924
-0.446, 0.350, 0.921
-0.428, 0.350, 0.921
-0.421, 0.349, 0.920
-0.415, 0.349, 0.918
-0.408, 0.348, 0.917
-0.402, 0.348, 0.917
-0.396, 0.348, 0.917
-0.436, 0.325, 0.938
-0.438, 0.320, 0.942
-0.439, 0.315, 0.946
-0.441, 0.310, 0.950
-0.437, 0.305, 0.953
-0.434, 0.310, 0.948
-0.428, 0.310, 0.948
-0.426, 0.315, 0.944
-0.431, 0.320, 0.942
-0.429, 0.325, 0.938
-0.425, 0.320, 0.941
-0.420, 0.314, 0.944
-0.421, 0.310, 0.948
-0.417, 0.304, 0.951
-0.420, 0.300, 0.958
-0.413, 0.300, 0.957
-0.407, 0.300, 0.957
-0.413, 0.314, 0.943
-0.412, 0.319, 0.940
-0.417, 0.325, 0.937
-0.407, 0.314, 0.943
-0.405, 0.319, 0.939
-0.400, 0.314, 0.942
-0.402, 0.309, 0.946
-0.396, 0.309, 0.946
-0.394, 0.314, 0.942
-0.392, 0.319, 0.938
-0.386, 0.318, 0.937
-0.384, 0.324, 0.934
-0.390, 0.329, 0.932
-0.395, 0.334, 0.929
-0.392, 0.338, 0.923
-0.388, 0.334, 0.927
-0.386, 0.338, 0.922
-0.384, 0.343, 0.918
-0.377, 0.342, 0.916
-0.375, 0.346, 0.911
-0.368, 0.346, 0.910
-0.362, 0.346, 0.910
-0.356, 0.345, 0.910
-0.350, 0.345, 0.909
-0.345, 0.340, 0.912
-0.347, 0.336, 0.917
-0.348, 0.331, 0.921
-0.342, 0.331, 0.920
-0.337, 0.326, 0.922
-0.345, 0.322, 0.929
-0.353, 0.317, 0.933
-0.360, 0.318, 0.934
-0.368, 0.313, 0.940
-0.375, 0.314, 0.942
-0.383, 0.309, 0.946
-0.389, 0.309, 0.946
-0.381, 0.314, 0.941
-0.367, 0.318, 0.936
-0.352, 0.322, 0.930
-0.338, 0.321, 0.926
-0.331, 0.326, 0.922
-0.335, 0.331, 0.919
-0.329, 0.330, 0.919
-0.344, 0.345, 0.908
-0.337, 0.344, 0.907
-0.383, 0.328, 0.930
-0.445, 0.292, 0.972
-0.437, 0.297, 0.967
-0.480, 0.346, 0.927
-0.477, 0.350, 0.922
-0.465, 0.350, 0.923
