NumRegions:15
RegionID:0
Center:-0.230,-0.425,1.405
Normal:-0.089,-0.708,-0.700
NumPatches:262
-0.345, -0.400, 1.446
-0.356, -0.411, 1.448
-0.365, -0.411, 1.448
-0.375, -0.411, 1.448
-0.386, -0.422, 1.454
-0.396, -0.432, 1.457
-0.407, -0.444, 1.461
-0.419, -0.456, 1.469
-0.431, -0.468, 1.477
-0.443, -0.479, 1.482
-0.454, -0.490, 1.486
-0.466, -0.503, 1.493
-0.467, -0.514, 1.498
-0.478, -0.525, 1.501
-0.472, -0.539, 1.512
-0.474, -0.551, 1.518
-0.486, -0.564, 1.525
-0.500, -0.578, 1.536
-0.511, -0.590, 1.539
-0.520, -0.588, 1.536
-0.517, -0.575, 1.527
-0.505, -0.563, 1.522
-0.496, -0.564, 1.525
-0.492, -0.549, 1.513
-0.501, -0.590, 1.541
-0.491, -0.591, 1.542
-0.481, -0.590, 1.541
-0.478, -0.577, 1.532
-0.475, -0.564, 1.524
-0.470, -0.590, 1.540
-0.461, -0.591, 1.542
-0.450, -0.590, 1.541
-0.439, -0.589, 1.538
-0.438, -0.578, 1.535
-0.427, -0.577, 1.533
-0.417, -0.577, 1.533
-0.408, -0.578, 1.536
-0.401, -0.593, 1.549
-0.398, -0.580, 1.540
-0.396, -0.565, 1.529
-0.394, -0.553, 1.524
-0.393, -0.542, 1.519
-0.383, -0.542, 1.520
-0.374, -0.553, 1.523
-0.385, -0.565, 1.528
-0.377, -0.579, 1.537
-0.390, -0.593, 1.548
-0.380, -0.593, 1.548
-0.369, -0.593, 1.547
-0.359, -0.593, 1.547
-0.357, -0.579, 1.537
-0.347, -0.579, 1.539
-0.339, -0.593, 1.547
-0.337, -0.580, 1.540
-0.328, -0.592, 1.546
-0.318, -0.592, 1.546
-0.308, -0.592, 1.545
-0.297, -0.592, 1.546
-0.288, -0.594, 1.550
-0.278, -0.595, 1.553
-0.268, -0.595, 1.553
-0.257, -0.595, 1.553
-0.247, -0.594, 1.552
-0.237, -0.595, 1.553
-0.227, -0.595, 1.553
-0.216, -0.595, 1.552
-0.215, -0.582, 1.546
-0.205, -0.582, 1.546
-0.195, -0.582, 1.546
-0.185, -0.582, 1.547
-0.175, -0.583, 1.549
-0.174, -0.570, 1.541
-0.164, -0.571, 1.543
-0.163, -0.558, 1.537
-0.153, -0.559, 1.538
-0.152, -0.546, 1.530
-0.142, -0.545, 1.530
-0.141, -0.533, 1.524
-0.151, -0.522, 1.519
-0.161, -0.521, 1.518
-0.171, -0.520, 1.516
-0.180, -0.507, 1.507
-0.179, -0.496, 1.503
-0.178, -0.483, 1.492
-0.169, -0.484, 1.496
-0.167, -0.468, 1.478
-0.164, -0.452, 1.458
-0.154, -0.450, 1.452
-0.143, -0.447, 1.442
-0.133, -0.445, 1.433
-0.125, -0.461, 1.456
-0.127, -0.477, 1.476
-0.139, -0.496, 1.502
-0.150, -0.497, 1.505
-0.159, -0.484, 1.497
-0.140, -0.509, 1.512
-0.141, -0.521, 1.518
-0.131, -0.521, 1.516
-0.121, -0.520, 1.516
-0.120, -0.507, 1.507
-0.129, -0.493, 1.494
-0.119, -0.492, 1.491
-0.117, -0.477, 1.476
-0.107, -0.476, 1.473
-0.097, -0.473, 1.464
-0.096, -0.458, 1.445
-0.086, -0.455, 1.436
-0.077, -0.468, 1.446
-0.076, -0.453, 1.430
-0.066, -0.451, 1.423
-0.065, -0.435, 1.402
-0.055, -0.432, 1.394
-0.046, -0.446, 1.408
-0.046, -0.429, 1.384
-0.045, -0.413, 1.361
-0.036, -0.412, 1.358
-0.027, -0.411, 1.354
-0.026, -0.398, 1.341
-0.017, -0.397, 1.338
-0.009, -0.396, 1.332
-0.008, -0.381, 1.314
0.000, -0.379, 1.306
0.009, -0.378, 1.301
0.018, -0.377, 1.300
0.017, -0.363, 1.282
0.026, -0.361, 1.273
0.025, -0.349, 1.259
0.017, -0.338, 1.250
0.009, -0.339, 1.254
0.000, -0.340, 1.258
-0.008, -0.330, 1.250
-0.016, -0.331, 1.253
-0.024, -0.319, 1.240
-0.032, -0.308, 1.229
-0.041, -0.309, 1.232
-0.048, -0.297, 1.219
-0.057, -0.299, 1.226
-0.064, -0.288, 1.214
-0.073, -0.289, 1.219
-0.080, -0.278, 1.206
-0.088, -0.279, 1.212
-0.097, -0.280, 1.215
-0.105, -0.281, 1.218
-0.112, -0.271, 1.211
-0.120, -0.271, 1.209
-0.127, -0.260, 1.198
-0.136, -0.262, 1.205
-0.144, -0.262, 1.208
-0.151, -0.253, 1.200
-0.157, -0.242, 1.187
-0.165, -0.242, 1.188
-0.172, -0.233, 1.182
-0.181, -0.234, 1.184
-0.189, -0.235, 1.189
-0.196, -0.225, 1.182
-0.207, -0.237, 1.199
-0.215, -0.237, 1.203
-0.227, -0.250, 1.223
-0.236, -0.250, 1.227
-0.248, -0.263, 1.247
-0.261, -0.275, 1.267
-0.273, -0.288, 1.287
-0.286, -0.302, 1.308
-0.300, -0.316, 1.331
-0.310, -0.317, 1.336
-0.324, -0.331, 1.358
-0.340, -0.347, 1.387
-0.352, -0.349, 1.394
-0.329, -0.345, 1.377
-0.323, -0.358, 1.391
-0.319, -0.343, 1.371
-0.313, -0.357, 1.388
-0.317, -0.371, 1.406
-0.307, -0.370, 1.403
-0.296, -0.368, 1.396
-0.286, -0.367, 1.390
-0.279, -0.378, 1.400
-0.295, -0.397, 1.433
-0.308, -0.412, 1.453
-0.319, -0.423, 1.457
-0.329, -0.423, 1.457
-0.338, -0.422, 1.456
-0.348, -0.422, 1.455
-0.357, -0.423, 1.456
-0.321, -0.435, 1.464
-0.311, -0.434, 1.464
-0.301, -0.434, 1.463
-0.300, -0.423, 1.458
-0.299, -0.412, 1.453
-0.306, -0.399, 1.439
-0.316, -0.400, 1.444
-0.326, -0.401, 1.447
-0.336, -0.401, 1.447
-0.288, -0.410, 1.446
-0.277, -0.408, 1.440
-0.272, -0.391, 1.412
-0.268, -0.377, 1.394
-0.276, -0.366, 1.387
-0.267, -0.408, 1.438
-0.271, -0.423, 1.457
-0.272, -0.435, 1.467
-0.264, -0.447, 1.471
-0.265, -0.458, 1.478
-0.266, -0.470, 1.485
-0.256, -0.471, 1.485
-0.247, -0.471, 1.487
-0.237, -0.471, 1.486
-0.227, -0.471, 1.486
-0.226, -0.459, 1.481
-0.216, -0.459, 1.480
-0.214, -0.444, 1.464
-0.211, -0.429, 1.444
-0.208, -0.415, 1.429
-0.215, -0.400, 1.412
-0.225, -0.401, 1.416
-0.235, -0.402, 1.417
-0.245, -0.403, 1.422
-0.256, -0.406, 1.431
-0.205, -0.399, 1.406
-0.263, -0.435, 1.466
-0.320, -0.318, 1.341
-0.296, -0.303, 1.314
-0.283, -0.289, 1.291
-0.269, -0.276, 1.269
-0.252, -0.275, 1.264
-0.245, -0.251, 1.231
-0.224, -0.238, 1.207
-0.205, -0.226, 1.186
-0.203, -0.216, 1.175
-0.187, -0.225, 1.177
-0.164, -0.233, 1.181
-0.149, -0.242, 1.185
-0.143, -0.252, 1.198
-0.119, -0.260, 1.197
-0.104, -0.270, 1.208
-0.072, -0.277, 1.202
-0.056, -0.287, 1.211
-0.040, -0.296, 1.214
-0.024, -0.307, 1.226
-0.016, -0.319, 1.240
0.000, -0.328, 1.243
0.025, -0.337, 1.245
0.034, -0.347, 1.253
0.034, -0.359, 1.267
0.042, -0.359, 1.265
0.042, -0.346, 1.250
0.051, -0.358, 1.262
0.059, -0.357, 1.258
-0.123, -0.444, 1.433
-0.170, -0.507, 1.507
-0.375, -0.565, 1.527
-0.373, -0.541, 1.517
-0.470, -0.527, 1.505
-0.456, -0.502, 1.492
-0.444, -0.491, 1.487
-0.433, -0.480, 1.483
-0.422, -0.468, 1.478
-0.418, -0.444, 1.463
-0.406, -0.433, 1.457
-0.395, -0.421, 1.451
-0.384, -0.410, 1.446
-0.383, -0.399, 1.441
RegionID:1
Center:0.331,-0.302,1.145
Normal:-0.151,-0.647,-0.747
NumPatches:354
0.155, -0.283, 1.162
0.163, -0.293, 1.168
0.157, -0.304, 1.182
0.151, -0.315, 1.194
0.150, -0.305, 1.187
0.159, -0.314, 1.192
0.159, -0.324, 1.198
0.160, -0.333, 1.204
0.161, -0.343, 1.210
0.162, -0.353, 1.215
0.163, -0.363, 1.223
0.172, -0.374, 1.231
0.173, -0.385, 1.240
0.182, -0.395, 1.246
0.183, -0.405, 1.254
0.184, -0.416, 1.260
0.194, -0.426, 1.265
0.195, -0.437, 1.274
0.204, -0.438, 1.277
0.213, -0.440, 1.281
0.222, -0.441, 1.283
0.230, -0.440, 1.283
0.239, -0.440, 1.282
0.238, -0.430, 1.276
0.237, -0.419, 1.271
0.235, -0.409, 1.263
0.244, -0.409, 1.265
0.255, -0.421, 1.276
0.256, -0.432, 1.283
0.248, -0.441, 1.285
0.257, -0.442, 1.288
0.264, -0.432, 1.283
0.262, -0.420, 1.273
0.253, -0.409, 1.266
0.250, -0.397, 1.254
0.248, -0.386, 1.243
0.256, -0.385, 1.241
0.265, -0.395, 1.246
0.268, -0.407, 1.258
0.270, -0.419, 1.270
0.272, -0.431, 1.280
0.274, -0.443, 1.289
0.280, -0.429, 1.276
0.288, -0.438, 1.276
0.286, -0.427, 1.267
0.284, -0.415, 1.256
0.275, -0.405, 1.252
0.282, -0.403, 1.246
0.295, -0.435, 1.267
0.301, -0.433, 1.260
0.309, -0.431, 1.256
0.318, -0.432, 1.258
0.326, -0.432, 1.259
0.334, -0.432, 1.257
0.342, -0.430, 1.254
0.349, -0.429, 1.250
0.359, -0.439, 1.256
0.356, -0.427, 1.245
0.366, -0.437, 1.250
0.373, -0.436, 1.247
0.380, -0.435, 1.244
0.387, -0.434, 1.240
0.395, -0.433, 1.237
0.402, -0.432, 1.233
0.409, -0.431, 1.231
0.417, -0.430, 1.229
0.424, -0.429, 1.226
0.420, -0.417, 1.215
0.418, -0.407, 1.209
0.409, -0.398, 1.207
0.402, -0.399, 1.209
0.400, -0.389, 1.204
0.398, -0.379, 1.197
0.404, -0.378, 1.192
0.413, -0.387, 1.196
0.416, -0.397, 1.204
0.424, -0.397, 1.203
0.433, -0.406, 1.206
0.428, -0.417, 1.214
0.430, -0.428, 1.222
0.438, -0.427, 1.220
0.435, -0.416, 1.213
0.445, -0.426, 1.218
0.453, -0.426, 1.217
0.464, -0.436, 1.224
0.460, -0.425, 1.213
0.471, -0.435, 1.221
0.479, -0.451, 1.243
0.478, -0.435, 1.219
0.474, -0.423, 1.210
0.472, -0.413, 1.204
0.469, -0.403, 1.197
0.476, -0.402, 1.195
0.485, -0.403, 1.196
0.494, -0.403, 1.198
0.490, -0.392, 1.188
0.496, -0.391, 1.185
0.503, -0.390, 1.182
0.499, -0.380, 1.174
0.497, -0.370, 1.169
0.495, -0.361, 1.163
0.501, -0.360, 1.160
0.498, -0.350, 1.154
0.504, -0.349, 1.148
0.500, -0.338, 1.140
0.497, -0.329, 1.133
0.494, -0.320, 1.127
0.500, -0.318, 1.123
0.506, -0.318, 1.120
0.514, -0.325, 1.121
0.510, -0.335, 1.128
0.513, -0.345, 1.135
0.516, -0.334, 1.126
0.523, -0.334, 1.125
0.520, -0.325, 1.119
0.512, -0.317, 1.117
0.519, -0.316, 1.115
0.524, -0.315, 1.111
0.530, -0.314, 1.108
0.527, -0.305, 1.101
0.533, -0.304, 1.099
0.540, -0.304, 1.098
0.549, -0.313, 1.102
0.553, -0.322, 1.110
0.557, -0.313, 1.103
0.546, -0.304, 1.096
0.565, -0.313, 1.104
0.560, -0.303, 1.095
0.557, -0.294, 1.089
0.554, -0.285, 1.082
0.550, -0.277, 1.076
0.548, -0.268, 1.071
0.545, -0.260, 1.065
0.542, -0.251, 1.059
0.532, -0.243, 1.054
0.525, -0.243, 1.054
0.518, -0.243, 1.053
0.513, -0.251, 1.058
0.508, -0.259, 1.063
0.506, -0.268, 1.072
0.504, -0.278, 1.083
0.503, -0.289, 1.096
0.498, -0.291, 1.102
0.495, -0.282, 1.095
0.491, -0.272, 1.088
0.487, -0.263, 1.077
0.475, -0.253, 1.067
0.470, -0.254, 1.072
0.465, -0.255, 1.076
0.460, -0.256, 1.081
0.459, -0.267, 1.097
0.456, -0.277, 1.106
0.449, -0.278, 1.109
0.444, -0.267, 1.096
0.441, -0.258, 1.088
0.448, -0.258, 1.087
0.454, -0.257, 1.085
0.449, -0.247, 1.073
0.444, -0.238, 1.062
0.434, -0.229, 1.053
0.429, -0.230, 1.057
0.423, -0.230, 1.060
0.417, -0.231, 1.065
0.412, -0.232, 1.070
0.401, -0.223, 1.060
0.397, -0.224, 1.066
0.391, -0.225, 1.071
0.388, -0.235, 1.081
0.384, -0.244, 1.091
0.377, -0.244, 1.092
0.371, -0.245, 1.094
0.365, -0.246, 1.097
0.357, -0.246, 1.098
0.350, -0.246, 1.097
0.343, -0.246, 1.097
0.340, -0.236, 1.088
0.337, -0.228, 1.080
0.345, -0.228, 1.080
0.343, -0.219, 1.074
0.334, -0.211, 1.068
0.326, -0.211, 1.067
0.319, -0.211, 1.068
0.313, -0.211, 1.069
0.304, -0.203, 1.064
0.299, -0.212, 1.072
0.295, -0.221, 1.081
0.290, -0.229, 1.089
0.283, -0.230, 1.091
0.276, -0.230, 1.092
0.269, -0.230, 1.093
0.267, -0.221, 1.084
0.265, -0.213, 1.079
0.257, -0.205, 1.075
0.249, -0.197, 1.070
0.242, -0.197, 1.071
0.235, -0.197, 1.073
0.230, -0.206, 1.080
0.223, -0.207, 1.083
0.216, -0.207, 1.085
0.208, -0.199, 1.079
0.201, -0.199, 1.079
0.194, -0.199, 1.081
0.187, -0.200, 1.084
0.181, -0.200, 1.086
0.178, -0.190, 1.072
0.177, -0.181, 1.062
0.176, -0.174, 1.058
0.183, -0.174, 1.057
0.182, -0.166, 1.053
0.174, -0.158, 1.046
0.173, -0.150, 1.038
0.171, -0.142, 1.031
0.164, -0.135, 1.027
0.158, -0.142, 1.035
0.152, -0.143, 1.036
0.146, -0.150, 1.043
0.147, -0.158, 1.049
0.148, -0.166, 1.057
0.149, -0.175, 1.064
0.150, -0.183, 1.073
0.151, -0.192, 1.084
0.146, -0.202, 1.099
0.148, -0.212, 1.109
0.149, -0.221, 1.119
0.150, -0.231, 1.130
0.151, -0.239, 1.137
0.152, -0.249, 1.144
0.159, -0.248, 1.140
0.168, -0.256, 1.145
0.168, -0.265, 1.149
0.177, -0.274, 1.156
0.170, -0.283, 1.161
0.171, -0.292, 1.168
0.165, -0.303, 1.178
0.178, -0.283, 1.162
0.176, -0.265, 1.149
0.167, -0.248, 1.139
0.166, -0.239, 1.134
0.158, -0.230, 1.129
0.165, -0.230, 1.128
0.153, -0.202, 1.098
0.145, -0.143, 1.037
0.158, -0.135, 1.030
0.151, -0.128, 1.029
0.143, -0.121, 1.024
0.142, -0.113, 1.015
0.141, -0.105, 1.008
0.149, -0.120, 1.021
0.157, -0.128, 1.025
0.163, -0.127, 1.022
0.170, -0.134, 1.025
0.178, -0.142, 1.030
0.177, -0.134, 1.025
0.176, -0.127, 1.020
0.168, -0.119, 1.012
0.166, -0.111, 0.997
0.175, -0.119, 1.010
0.181, -0.119, 1.007
0.189, -0.126, 1.015
0.184, -0.134, 1.023
0.185, -0.142, 1.030
0.191, -0.142, 1.028
0.190, -0.134, 1.020
0.197, -0.134, 1.019
0.195, -0.126, 1.012
0.203, -0.133, 1.018
0.206, -0.142, 1.031
0.212, -0.141, 1.027
0.209, -0.133, 1.013
0.201, -0.125, 1.008
0.218, -0.141, 1.023
0.215, -0.132, 1.009
0.224, -0.140, 1.020
0.221, -0.132, 1.006
0.230, -0.140, 1.017
0.240, -0.149, 1.032
0.236, -0.140, 1.015
0.181, -0.158, 1.048
0.189, -0.159, 1.051
0.190, -0.173, 1.056
0.215, -0.199, 1.079
0.228, -0.198, 1.074
0.241, -0.189, 1.068
0.248, -0.189, 1.067
0.256, -0.197, 1.070
0.264, -0.205, 1.074
0.272, -0.212, 1.077
0.288, -0.221, 1.083
0.301, -0.220, 1.079
0.291, -0.204, 1.068
0.290, -0.196, 1.064
0.298, -0.203, 1.066
0.311, -0.203, 1.062
0.341, -0.211, 1.069
0.348, -0.211, 1.070
0.355, -0.211, 1.069
0.351, -0.227, 1.078
0.358, -0.227, 1.077
0.374, -0.235, 1.081
0.391, -0.244, 1.088
0.385, -0.226, 1.074
0.391, -0.215, 1.052
0.387, -0.205, 1.039
0.384, -0.197, 1.031
0.393, -0.205, 1.037
0.396, -0.213, 1.045
0.407, -0.222, 1.056
0.438, -0.228, 1.047
0.434, -0.218, 1.036
0.431, -0.210, 1.029
0.438, -0.210, 1.029
0.444, -0.210, 1.029
0.462, -0.277, 1.104
0.480, -0.252, 1.063
0.480, -0.241, 1.047
0.470, -0.233, 1.041
0.464, -0.233, 1.042
0.457, -0.233, 1.042
0.448, -0.225, 1.038
0.477, -0.233, 1.041
0.475, -0.225, 1.037
0.467, -0.218, 1.033
0.484, -0.233, 1.041
0.486, -0.241, 1.045
0.482, -0.225, 1.037
0.480, -0.218, 1.033
0.490, -0.225, 1.038
0.488, -0.218, 1.035
0.498, -0.226, 1.040
0.496, -0.271, 1.082
0.507, -0.288, 1.091
0.510, -0.278, 1.081
0.512, -0.268, 1.071
0.516, -0.259, 1.064
0.510, -0.242, 1.051
0.516, -0.235, 1.050
0.524, -0.236, 1.052
0.540, -0.243, 1.056
0.539, -0.236, 1.054
0.509, -0.389, 1.179
0.520, -0.399, 1.186
0.483, -0.424, 1.211
0.487, -0.436, 1.221
0.496, -0.436, 1.222
0.431, -0.397, 1.202
0.411, -0.377, 1.189
0.263, -0.383, 1.235
0.193, -0.416, 1.259
0.181, -0.384, 1.239
0.170, -0.362, 1.220
0.179, -0.362, 1.220
0.178, -0.352, 1.214
0.169, -0.342, 1.207
0.176, -0.342, 1.205
RegionID:2
Center:-0.050,-0.191,1.221
Normal:0.517,0.519,-0.681
NumPatches:174
-0.114, -0.112, 1.226
-0.121, -0.119, 1.215
-0.128, -0.126, 1.207
-0.135, -0.125, 1.201
-0.142, -0.132, 1.191
-0.142, -0.140, 1.188
-0.148, -0.147, 1.179
-0.155, -0.153, 1.171
-0.155, -0.161, 1.168
-0.161, -0.167, 1.159
-0.161, -0.174, 1.154
-0.153, -0.182, 1.154
-0.153, -0.175, 1.157
-0.154, -0.168, 1.162
-0.146, -0.182, 1.158
-0.139, -0.183, 1.162
-0.131, -0.191, 1.164
-0.131, -0.184, 1.166
-0.124, -0.192, 1.169
-0.117, -0.193, 1.174
-0.109, -0.201, 1.174
-0.109, -0.194, 1.179
-0.102, -0.201, 1.179
-0.101, -0.208, 1.174
-0.093, -0.216, 1.175
-0.094, -0.209, 1.178
-0.086, -0.217, 1.177
-0.078, -0.217, 1.181
-0.071, -0.219, 1.188
-0.063, -0.227, 1.189
-0.063, -0.234, 1.185
-0.055, -0.235, 1.190
-0.047, -0.236, 1.195
-0.040, -0.236, 1.198
-0.032, -0.237, 1.203
-0.024, -0.245, 1.203
-0.024, -0.238, 1.208
-0.016, -0.246, 1.207
-0.008, -0.254, 1.207
-0.008, -0.247, 1.212
0.000, -0.255, 1.211
0.000, -0.263, 1.209
0.008, -0.264, 1.214
0.016, -0.265, 1.221
0.025, -0.274, 1.222
0.025, -0.267, 1.227
0.025, -0.259, 1.229
0.033, -0.260, 1.233
0.041, -0.269, 1.236
0.033, -0.275, 1.228
0.041, -0.282, 1.225
0.041, -0.276, 1.232
0.049, -0.283, 1.229
0.058, -0.284, 1.233
0.066, -0.285, 1.237
0.074, -0.293, 1.237
0.074, -0.286, 1.241
0.075, -0.279, 1.244
0.075, -0.272, 1.250
0.075, -0.265, 1.258
0.076, -0.258, 1.265
0.067, -0.250, 1.265
0.059, -0.248, 1.258
0.050, -0.247, 1.253
0.042, -0.246, 1.248
0.033, -0.245, 1.243
0.033, -0.238, 1.248
0.034, -0.231, 1.255
0.042, -0.232, 1.260
0.042, -0.224, 1.264
0.034, -0.216, 1.264
0.025, -0.215, 1.260
0.017, -0.222, 1.249
0.008, -0.227, 1.234
0.000, -0.226, 1.229
0.000, -0.219, 1.234
-0.008, -0.211, 1.234
-0.016, -0.210, 1.228
-0.016, -0.203, 1.233
-0.016, -0.195, 1.240
-0.008, -0.197, 1.249
0.000, -0.205, 1.250
0.000, -0.212, 1.241
0.009, -0.213, 1.249
0.017, -0.214, 1.254
0.017, -0.207, 1.258
0.009, -0.198, 1.257
0.000, -0.198, 1.255
0.009, -0.190, 1.261
0.000, -0.182, 1.263
0.000, -0.174, 1.267
-0.008, -0.166, 1.268
-0.016, -0.173, 1.256
-0.025, -0.172, 1.250
-0.033, -0.171, 1.245
-0.041, -0.178, 1.233
-0.049, -0.185, 1.224
-0.056, -0.184, 1.217
-0.064, -0.183, 1.214
-0.064, -0.176, 1.218
-0.072, -0.167, 1.217
-0.081, -0.159, 1.217
-0.081, -0.152, 1.222
-0.081, -0.145, 1.227
-0.082, -0.137, 1.233
-0.074, -0.138, 1.239
-0.066, -0.146, 1.240
-0.065, -0.154, 1.236
-0.073, -0.160, 1.221
-0.065, -0.169, 1.224
-0.057, -0.169, 1.231
-0.049, -0.177, 1.229
-0.041, -0.170, 1.238
-0.041, -0.163, 1.241
-0.066, -0.138, 1.244
-0.066, -0.131, 1.252
-0.075, -0.123, 1.256
-0.083, -0.122, 1.247
-0.090, -0.121, 1.239
-0.098, -0.128, 1.228
-0.105, -0.128, 1.223
-0.113, -0.127, 1.217
-0.120, -0.127, 1.211
-0.113, -0.120, 1.222
-0.121, -0.111, 1.221
-0.129, -0.111, 1.214
-0.136, -0.118, 1.205
-0.143, -0.125, 1.194
-0.130, -0.103, 1.222
-0.123, -0.097, 1.241
-0.125, -0.089, 1.255
-0.126, -0.082, 1.265
-0.117, -0.090, 1.262
-0.116, -0.097, 1.250
-0.118, -0.082, 1.269
-0.110, -0.082, 1.273
-0.110, -0.074, 1.279
-0.102, -0.083, 1.280
-0.093, -0.091, 1.277
-0.101, -0.099, 1.268
-0.092, -0.107, 1.264
-0.099, -0.113, 1.241
-0.106, -0.112, 1.232
-0.098, -0.121, 1.232
-0.083, -0.115, 1.260
-0.084, -0.107, 1.270
-0.085, -0.100, 1.277
-0.076, -0.108, 1.277
-0.067, -0.116, 1.275
-0.067, -0.124, 1.265
-0.059, -0.125, 1.274
-0.050, -0.133, 1.272
-0.016, -0.165, 1.261
-0.025, -0.157, 1.263
-0.025, -0.150, 1.276
-0.034, -0.142, 1.278
-0.017, -0.158, 1.272
-0.008, -0.159, 1.276
0.000, -0.167, 1.273
0.009, -0.183, 1.266
0.017, -0.199, 1.262
0.025, -0.208, 1.264
0.017, -0.229, 1.243
0.042, -0.216, 1.267
0.051, -0.233, 1.264
0.059, -0.233, 1.268
0.068, -0.242, 1.270
0.076, -0.251, 1.271
0.076, -0.243, 1.275
0.082, -0.302, 1.238
0.041, -0.261, 1.239
-0.063, -0.220, 1.193
-0.148, -0.154, 1.176
-0.141, -0.147, 1.184
RegionID:3
Center:0.455,-0.160,1.067
Normal:0.376,0.725,-0.578
NumPatches:72
0.540, -0.180, 1.098
0.524, -0.185, 1.081
0.516, -0.184, 1.078
0.505, -0.183, 1.071
0.496, -0.182, 1.066
0.487, -0.182, 1.063
0.482, -0.175, 1.067
0.471, -0.174, 1.058
0.462, -0.173, 1.052
0.453, -0.172, 1.049
0.444, -0.172, 1.045
0.436, -0.171, 1.042
0.440, -0.166, 1.051
0.435, -0.159, 1.055
0.426, -0.159, 1.051
0.420, -0.152, 1.054
0.416, -0.146, 1.062
0.410, -0.140, 1.065
0.401, -0.139, 1.058
0.391, -0.138, 1.050
0.382, -0.137, 1.046
0.377, -0.131, 1.051
0.369, -0.130, 1.047
0.361, -0.130, 1.044
0.353, -0.129, 1.041
0.348, -0.123, 1.046
0.350, -0.117, 1.053
0.356, -0.124, 1.050
0.359, -0.118, 1.059
0.364, -0.124, 1.053
0.372, -0.125, 1.058
0.376, -0.119, 1.067
0.382, -0.125, 1.064
0.386, -0.131, 1.056
0.395, -0.132, 1.061
0.404, -0.133, 1.068
0.414, -0.134, 1.074
0.419, -0.140, 1.070
0.423, -0.134, 1.079
0.429, -0.141, 1.076
0.425, -0.147, 1.065
0.429, -0.153, 1.057
0.437, -0.153, 1.061
0.441, -0.147, 1.071
0.451, -0.148, 1.077
0.456, -0.155, 1.071
0.443, -0.160, 1.058
0.461, -0.149, 1.083
0.466, -0.156, 1.078
0.471, -0.162, 1.075
0.475, -0.156, 1.083
0.481, -0.163, 1.080
0.477, -0.169, 1.070
0.486, -0.170, 1.076
0.491, -0.176, 1.072
0.495, -0.170, 1.080
0.500, -0.177, 1.076
0.510, -0.177, 1.081
0.519, -0.178, 1.084
0.528, -0.179, 1.090
0.534, -0.185, 1.086
0.520, -0.190, 1.073
0.529, -0.191, 1.076
0.538, -0.192, 1.080
0.543, -0.198, 1.076
0.539, -0.203, 1.067
0.550, -0.205, 1.074
0.554, -0.199, 1.083
0.548, -0.192, 1.084
0.554, -0.187, 1.097
0.560, -0.182, 1.110
0.558, -0.193, 1.090
RegionID:4
Center:-0.584,-0.155,1.199
Normal:-0.105,-0.623,-0.775
NumPatches:40
-0.563, -0.114, 1.162
-0.571, -0.114, 1.162
-0.579, -0.114, 1.163
-0.588, -0.114, 1.166
-0.598, -0.114, 1.169
-0.612, -0.123, 1.181
-0.616, -0.132, 1.189
-0.618, -0.141, 1.194
-0.621, -0.149, 1.199
-0.625, -0.158, 1.206
-0.628, -0.167, 1.214
-0.633, -0.176, 1.222
-0.638, -0.186, 1.232
-0.641, -0.195, 1.239
-0.633, -0.195, 1.238
-0.625, -0.195, 1.238
-0.615, -0.195, 1.235
-0.606, -0.194, 1.233
-0.598, -0.194, 1.233
-0.589, -0.194, 1.233
-0.580, -0.194, 1.230
-0.570, -0.193, 1.227
-0.562, -0.193, 1.226
-0.553, -0.193, 1.226
-0.550, -0.184, 1.218
-0.555, -0.175, 1.213
-0.551, -0.166, 1.204
-0.548, -0.157, 1.195
-0.544, -0.148, 1.188
-0.541, -0.139, 1.181
-0.538, -0.131, 1.175
-0.543, -0.122, 1.168
-0.551, -0.122, 1.169
-0.559, -0.122, 1.170
-0.567, -0.122, 1.169
-0.547, -0.114, 1.161
-0.539, -0.114, 1.160
-0.535, -0.122, 1.168
-0.547, -0.175, 1.211
-0.607, -0.115, 1.171
RegionID:5
Center:-0.323,0.007,0.922
Normal:-0.209,-0.638,-0.741
NumPatches:565
-0.367, -0.102, 1.042
-0.358, -0.102, 1.037
-0.346, -0.093, 1.023
-0.351, -0.086, 1.018
-0.360, -0.086, 1.022
-0.368, -0.087, 1.026
-0.376, -0.087, 1.030
-0.384, -0.087, 1.033
-0.393, -0.088, 1.038
-0.402, -0.088, 1.043
-0.410, -0.089, 1.046
-0.423, -0.097, 1.061
-0.427, -0.089, 1.053
-0.435, -0.089, 1.058
-0.440, -0.082, 1.051
-0.449, -0.082, 1.056
-0.453, -0.075, 1.050
-0.464, -0.075, 1.058
-0.468, -0.068, 1.053
-0.461, -0.060, 1.036
-0.467, -0.053, 1.036
-0.476, -0.047, 1.039
-0.485, -0.040, 1.044
-0.502, -0.041, 1.066
-0.517, -0.041, 1.081
-0.511, -0.034, 1.070
-0.506, -0.026, 1.058
-0.488, -0.026, 1.036
-0.470, -0.025, 1.011
-0.463, -0.018, 0.995
-0.455, -0.011, 0.980
-0.461, -0.005, 0.977
-0.481, -0.005, 1.006
-0.511, -0.012, 1.054
-0.453, 0.002, 0.961
-0.448, 0.008, 0.950
-0.443, 0.014, 0.940
-0.439, 0.020, 0.931
-0.434, 0.026, 0.921
-0.437, 0.032, 0.915
-0.434, 0.038, 0.907
-0.431, 0.043, 0.902
-0.435, 0.049, 0.898
-0.438, 0.055, 0.892
-0.444, 0.055, 0.891
-0.441, 0.060, 0.886
-0.445, 0.066, 0.882
-0.450, 0.072, 0.881
-0.456, 0.077, 0.881
-0.454, 0.083, 0.877
-0.449, 0.077, 0.878
-0.446, 0.083, 0.873
-0.444, 0.088, 0.869
-0.442, 0.093, 0.866
-0.449, 0.099, 0.867
-0.442, 0.099, 0.864
-0.436, 0.093, 0.864
-0.430, 0.087, 0.864
-0.432, 0.082, 0.867
-0.441, 0.077, 0.875
-0.436, 0.071, 0.876
-0.438, 0.066, 0.881
-0.432, 0.066, 0.879
-0.430, 0.060, 0.887
-0.433, 0.055, 0.893
-0.429, 0.049, 0.897
-0.426, 0.066, 0.879
-0.417, 0.071, 0.872
-0.415, 0.076, 0.868
-0.419, 0.082, 0.865
-0.425, 0.082, 0.865
-0.434, 0.077, 0.872
-0.424, 0.087, 0.863
-0.429, 0.093, 0.863
-0.430, 0.099, 0.863
-0.430, 0.104, 0.863
-0.436, 0.110, 0.865
-0.443, 0.111, 0.866
-0.437, 0.116, 0.867
-0.430, 0.110, 0.864
-0.431, 0.116, 0.865
-0.425, 0.116, 0.864
-0.426, 0.122, 0.868
-0.420, 0.122, 0.867
-0.414, 0.122, 0.866
-0.408, 0.122, 0.865
-0.409, 0.128, 0.867
-0.403, 0.128, 0.866
-0.403, 0.134, 0.867
-0.397, 0.134, 0.867
-0.398, 0.140, 0.868
-0.399, 0.146, 0.871
-0.407, 0.152, 0.875
-0.411, 0.146, 0.872
-0.392, 0.139, 0.867
-0.391, 0.134, 0.866
-0.391, 0.128, 0.866
-0.396, 0.122, 0.865
-0.395, 0.116, 0.863
-0.394, 0.110, 0.861
-0.401, 0.104, 0.863
-0.407, 0.104, 0.863
-0.412, 0.099, 0.862
-0.418, 0.093, 0.862
-0.417, 0.098, 0.861
-0.423, 0.104, 0.862
-0.418, 0.104, 0.862
-0.412, 0.104, 0.862
-0.412, 0.093, 0.862
-0.412, 0.087, 0.863
-0.413, 0.082, 0.865
-0.407, 0.082, 0.864
-0.402, 0.076, 0.866
-0.411, 0.071, 0.871
-0.404, 0.071, 0.870
-0.401, 0.082, 0.863
-0.400, 0.087, 0.861
-0.406, 0.093, 0.862
-0.400, 0.093, 0.861
-0.401, 0.099, 0.862
-0.394, 0.093, 0.861
-0.389, 0.087, 0.861
-0.395, 0.081, 0.862
-0.389, 0.081, 0.862
-0.384, 0.076, 0.864
-0.391, 0.070, 0.866
-0.392, 0.065, 0.869
-0.394, 0.059, 0.873
-0.397, 0.054, 0.880
-0.394, 0.048, 0.885
-0.390, 0.054, 0.877
-0.388, 0.048, 0.885
-0.382, 0.048, 0.885
-0.376, 0.048, 0.885
-0.369, 0.048, 0.883
-0.363, 0.048, 0.883
-0.360, 0.043, 0.888
-0.357, 0.048, 0.883
-0.353, 0.043, 0.886
-0.346, 0.042, 0.884
-0.344, 0.048, 0.879
-0.349, 0.054, 0.877
-0.346, 0.059, 0.870
-0.344, 0.064, 0.865
-0.349, 0.070, 0.861
-0.354, 0.076, 0.860
-0.360, 0.076, 0.860
-0.366, 0.076, 0.861
-0.372, 0.076, 0.862
-0.378, 0.076, 0.863
-0.385, 0.070, 0.865
-0.348, 0.076, 0.860
-0.342, 0.075, 0.859
-0.337, 0.070, 0.860
-0.338, 0.064, 0.863
-0.340, 0.059, 0.869
-0.343, 0.054, 0.875
-0.338, 0.048, 0.877
-0.335, 0.053, 0.871
-0.333, 0.059, 0.865
-0.331, 0.048, 0.875
-0.333, 0.042, 0.880
-0.327, 0.042, 0.879
-0.320, 0.042, 0.878
-0.314, 0.042, 0.877
-0.308, 0.042, 0.874
-0.300, 0.042, 0.870
-0.294, 0.042, 0.868
-0.288, 0.042, 0.867
-0.283, 0.036, 0.870
-0.281, 0.042, 0.864
-0.276, 0.036, 0.867
-0.272, 0.030, 0.873
-0.270, 0.036, 0.865
-0.266, 0.030, 0.873
-0.260, 0.030, 0.871
-0.253, 0.030, 0.867
-0.247, 0.030, 0.865
-0.245, 0.036, 0.858
-0.241, 0.030, 0.865
-0.243, 0.025, 0.872
-0.245, 0.019, 0.878
-0.246, 0.013, 0.883
-0.248, 0.007, 0.889
-0.249, 0.001, 0.894
-0.251, -0.004, 0.899
-0.246, -0.011, 0.904
-0.248, -0.017, 0.910
-0.243, -0.023, 0.916
-0.251, -0.029, 0.924
-0.254, -0.036, 0.934
-0.256, -0.042, 0.941
-0.249, -0.042, 0.939
-0.242, -0.042, 0.937
-0.240, -0.035, 0.927
-0.245, -0.029, 0.922
-0.238, -0.029, 0.919
-0.237, -0.023, 0.914
-0.242, -0.017, 0.910
-0.231, -0.029, 0.917
-0.227, -0.035, 0.924
-0.236, -0.042, 0.935
-0.229, -0.042, 0.933
-0.221, -0.035, 0.923
-0.219, -0.029, 0.918
-0.225, -0.023, 0.915
-0.230, -0.017, 0.911
-0.215, -0.016, 0.902
-0.214, -0.010, 0.894
-0.219, -0.004, 0.891
-0.226, -0.004, 0.895
-0.229, 0.001, 0.885
-0.237, -0.004, 0.894
-0.244, -0.004, 0.897
-0.236, 0.001, 0.887
-0.234, 0.007, 0.882
-0.228, 0.007, 0.879
-0.226, 0.013, 0.874
-0.231, 0.019, 0.870
-0.230, 0.024, 0.865
-0.235, 0.030, 0.862
-0.239, 0.036, 0.858
-0.238, 0.041, 0.854
-0.232, 0.041, 0.854
-0.231, 0.047, 0.851
-0.227, 0.041, 0.854
-0.228, 0.036, 0.858
-0.229, 0.030, 0.861
-0.222, 0.036, 0.858
-0.221, 0.041, 0.854
-0.216, 0.036, 0.858
-0.218, 0.030, 0.863
-0.213, 0.024, 0.868
-0.219, 0.019, 0.870
-0.225, 0.019, 0.869
-0.214, 0.013, 0.873
-0.221, 0.007, 0.877
-0.217, 0.001, 0.883
-0.215, 0.007, 0.876
-0.211, 0.001, 0.882
-0.212, -0.004, 0.889
-0.207, -0.010, 0.893
-0.209, -0.016, 0.898
-0.211, -0.023, 0.906
-0.213, -0.029, 0.915
-0.203, -0.022, 0.902
-0.202, -0.016, 0.896
-0.201, -0.010, 0.891
-0.194, -0.004, 0.884
-0.193, 0.001, 0.881
-0.197, 0.007, 0.875
-0.203, 0.007, 0.874
-0.209, 0.007, 0.875
-0.188, -0.004, 0.885
-0.189, -0.010, 0.888
-0.190, -0.016, 0.894
-0.197, -0.022, 0.900
-0.199, -0.029, 0.909
-0.201, -0.035, 0.919
-0.203, -0.041, 0.926
-0.205, -0.048, 0.934
-0.213, -0.055, 0.946
-0.220, -0.055, 0.948
-0.227, -0.055, 0.949
-0.234, -0.062, 0.955
-0.242, -0.068, 0.960
-0.245, -0.076, 0.970
-0.248, -0.083, 0.982
-0.241, -0.083, 0.981
-0.235, -0.083, 0.982
-0.228, -0.083, 0.980
-0.226, -0.076, 0.971
-0.229, -0.068, 0.960
-0.236, -0.068, 0.959
-0.223, -0.069, 0.960
-0.216, -0.068, 0.959
-0.215, -0.062, 0.953
-0.209, -0.068, 0.956
-0.211, -0.075, 0.962
-0.220, -0.083, 0.976
-0.213, -0.082, 0.971
-0.208, -0.089, 0.980
-0.210, -0.097, 0.987
-0.211, -0.104, 0.995
-0.221, -0.112, 1.009
-0.228, -0.112, 1.010
-0.235, -0.113, 1.012
-0.245, -0.121, 1.026
-0.253, -0.121, 1.029
-0.260, -0.121, 1.031
-0.267, -0.122, 1.033
-0.275, -0.122, 1.037
-0.283, -0.122, 1.038
-0.279, -0.114, 1.025
-0.276, -0.106, 1.013
-0.280, -0.098, 1.005
-0.287, -0.098, 1.006
-0.295, -0.099, 1.011
-0.303, -0.099, 1.015
-0.308, -0.092, 1.008
-0.315, -0.092, 1.011
-0.323, -0.092, 1.013
-0.330, -0.093, 1.015
-0.338, -0.093, 1.019
-0.343, -0.086, 1.014
-0.300, -0.092, 1.003
-0.273, -0.098, 1.005
-0.269, -0.106, 1.012
-0.264, -0.113, 1.020
-0.262, -0.106, 1.010
-0.242, -0.113, 1.015
-0.214, -0.112, 1.007
-0.206, -0.111, 1.003
-0.204, -0.104, 0.991
-0.200, -0.111, 1.003
-0.198, -0.104, 0.992
-0.196, -0.096, 0.983
-0.201, -0.089, 0.978
-0.194, -0.089, 0.975
-0.189, -0.096, 0.983
-0.182, -0.096, 0.982
-0.180, -0.089, 0.971
-0.185, -0.081, 0.963
-0.191, -0.075, 0.960
-0.198, -0.075, 0.961
-0.196, -0.068, 0.954
-0.201, -0.061, 0.947
-0.206, -0.055, 0.942
-0.200, -0.055, 0.940
-0.194, -0.061, 0.945
-0.184, -0.074, 0.956
-0.178, -0.081, 0.959
-0.176, -0.096, 0.983
-0.233, -0.055, 0.949
-0.191, -0.022, 0.899
-0.186, -0.029, 0.906
-0.188, -0.035, 0.914
-0.189, -0.041, 0.919
-0.184, -0.047, 0.923
-0.183, -0.041, 0.919
-0.178, -0.048, 0.925
-0.179, -0.054, 0.931
-0.174, -0.061, 0.937
-0.168, -0.061, 0.938
-0.185, -0.022, 0.901
-0.184, -0.016, 0.894
-0.183, -0.010, 0.890
-0.179, -0.016, 0.897
-0.178, -0.010, 0.893
-0.174, -0.016, 0.902
-0.175, -0.023, 0.908
-0.176, -0.029, 0.914
-0.171, -0.035, 0.919
-0.170, -0.029, 0.916
-0.165, -0.035, 0.922
-0.166, -0.041, 0.926
-0.161, -0.048, 0.935
-0.156, -0.048, 0.938
-0.155, -0.042, 0.934
-0.160, -0.035, 0.925
-0.154, -0.035, 0.929
-0.150, -0.042, 0.941
-0.145, -0.043, 0.950
-0.144, -0.036, 0.945
-0.143, -0.030, 0.939
-0.143, -0.023, 0.934
-0.147, -0.017, 0.926
-0.152, -0.011, 0.919
-0.158, -0.011, 0.915
-0.163, -0.011, 0.909
-0.162, -0.005, 0.906
-0.167, 0.001, 0.898
-0.172, -0.004, 0.895
-0.173, -0.010, 0.897
-0.171, 0.001, 0.891
-0.171, 0.007, 0.889
-0.162, 0.001, 0.905
-0.162, 0.007, 0.907
-0.163, 0.014, 0.908
-0.163, 0.020, 0.908
-0.157, 0.008, 0.911
-0.157, 0.001, 0.910
-0.152, -0.005, 0.916
-0.152, 0.001, 0.914
-0.146, -0.005, 0.919
-0.147, -0.011, 0.922
-0.142, -0.017, 0.932
-0.137, -0.023, 0.941
-0.137, -0.017, 0.940
-0.137, -0.011, 0.937
-0.146, 0.001, 0.918
-0.214, 0.019, 0.871
-0.208, 0.019, 0.871
-0.207, 0.024, 0.867
-0.212, 0.030, 0.862
-0.206, 0.030, 0.862
-0.205, 0.036, 0.858
-0.210, 0.041, 0.854
-0.215, 0.041, 0.854
-0.209, 0.046, 0.850
-0.204, 0.041, 0.854
-0.200, 0.030, 0.862
-0.195, 0.024, 0.866
-0.195, 0.030, 0.863
-0.194, 0.036, 0.860
-0.193, 0.041, 0.856
-0.331, 0.070, 0.859
-0.336, 0.075, 0.858
-0.324, 0.070, 0.857
-0.324, 0.075, 0.855
-0.323, 0.081, 0.853
-0.328, 0.086, 0.852
-0.335, 0.086, 0.854
-0.341, 0.087, 0.856
-0.347, 0.092, 0.857
-0.353, 0.092, 0.858
-0.358, 0.098, 0.857
-0.365, 0.104, 0.858
-0.371, 0.098, 0.860
-0.377, 0.098, 0.861
-0.383, 0.098, 0.861
-0.389, 0.093, 0.861
-0.383, 0.104, 0.860
-0.388, 0.110, 0.860
-0.382, 0.110, 0.860
-0.383, 0.116, 0.861
-0.390, 0.122, 0.865
-0.384, 0.122, 0.864
-0.385, 0.128, 0.865
-0.378, 0.127, 0.863
-0.379, 0.133, 0.864
-0.385, 0.139, 0.867
-0.393, 0.146, 0.871
-0.396, 0.153, 0.877
-0.387, 0.146, 0.870
-0.390, 0.153, 0.876
-0.381, 0.146, 0.870
-0.380, 0.139, 0.867
-0.374, 0.139, 0.867
-0.369, 0.140, 0.869
-0.371, 0.146, 0.872
-0.364, 0.140, 0.871
-0.366, 0.146, 0.875
-0.360, 0.141, 0.874
-0.358, 0.134, 0.869
-0.355, 0.127, 0.863
-0.360, 0.121, 0.860
-0.365, 0.115, 0.859
-0.371, 0.110, 0.860
-0.377, 0.110, 0.860
-0.371, 0.104, 0.860
-0.365, 0.110, 0.858
-0.358, 0.104, 0.856
-0.352, 0.098, 0.856
-0.366, 0.121, 0.861
-0.353, 0.121, 0.859
-0.352, 0.134, 0.870
-0.355, 0.141, 0.876
-0.347, 0.134, 0.872
-0.349, 0.141, 0.877
-0.342, 0.135, 0.873
-0.340, 0.128, 0.868
-0.337, 0.121, 0.861
-0.329, 0.115, 0.856
-0.331, 0.121, 0.861
-0.324, 0.115, 0.856
-0.323, 0.109, 0.853
-0.328, 0.103, 0.851
-0.333, 0.097, 0.851
-0.340, 0.092, 0.855
-0.340, 0.103, 0.853
-0.346, 0.109, 0.855
-0.340, 0.109, 0.854
-0.333, 0.103, 0.851
-0.327, 0.097, 0.850
-0.328, 0.092, 0.851
-0.322, 0.097, 0.850
-0.316, 0.097, 0.851
-0.317, 0.103, 0.852
-0.317, 0.109, 0.854
-0.311, 0.092, 0.851
-0.310, 0.086, 0.850
-0.317, 0.080, 0.852
-0.311, 0.075, 0.853
-0.318, 0.070, 0.856
-0.312, 0.069, 0.855
-0.306, 0.069, 0.855
-0.300, 0.069, 0.854
-0.295, 0.069, 0.854
-0.295, 0.075, 0.854
-0.300, 0.081, 0.852
-0.305, 0.080, 0.851
-0.311, 0.080, 0.851
-0.299, 0.086, 0.851
-0.305, 0.092, 0.851
-0.305, 0.097, 0.852
-0.299, 0.097, 0.851
-0.300, 0.103, 0.853
-0.295, 0.103, 0.854
-0.296, 0.109, 0.857
-0.302, 0.115, 0.860
-0.308, 0.115, 0.859
-0.310, 0.122, 0.864
-0.318, 0.128, 0.871
-0.326, 0.135, 0.876
-0.331, 0.135, 0.874
-0.336, 0.135, 0.873
-0.344, 0.141, 0.877
-0.320, 0.135, 0.877
-0.312, 0.128, 0.870
-0.306, 0.128, 0.869
-0.299, 0.122, 0.865
-0.297, 0.116, 0.861
-0.291, 0.110, 0.859
-0.292, 0.116, 0.863
-0.287, 0.116, 0.866
-0.288, 0.122, 0.869
-0.283, 0.117, 0.869
-0.282, 0.111, 0.866
-0.281, 0.105, 0.864
-0.275, 0.099, 0.864
-0.276, 0.105, 0.867
-0.289, 0.098, 0.854
-0.284, 0.092, 0.854
-0.294, 0.081, 0.853
-0.289, 0.069, 0.852
-0.282, 0.063, 0.851
-0.283, 0.058, 0.852
-0.290, 0.053, 0.856
-0.296, 0.053, 0.857
-0.276, 0.063, 0.849
-0.282, 0.069, 0.851
-0.381, 0.059, 0.869
-0.431, 0.032, 0.914
-0.439, 0.008, 0.946
-0.444, 0.002, 0.955
-0.432, 0.008, 0.944
-0.429, 0.002, 0.950
-0.433, -0.005, 0.960
-0.447, -0.011, 0.975
-0.438, -0.011, 0.970
-0.426, 0.008, 0.943
-0.469, -0.039, 1.024
-0.462, -0.046, 1.023
-0.455, -0.053, 1.024
-0.447, -0.053, 1.021
-0.444, -0.060, 1.029
-0.449, -0.067, 1.041
-0.444, -0.075, 1.045
-0.438, -0.052, 1.016
-0.431, -0.082, 1.048
-0.427, -0.074, 1.038
-0.424, -0.067, 1.029
-0.419, -0.059, 1.018
-0.412, -0.052, 1.002
-0.408, -0.044, 0.992
-0.401, -0.044, 0.991
-0.399, -0.051, 1.001
-0.411, -0.059, 1.016
-0.407, -0.066, 1.021
-0.418, -0.074, 1.032
-0.409, -0.073, 1.027
-0.404, -0.059, 1.014
-0.395, -0.044, 0.991
-0.418, -0.089, 1.050
RegionID:6
Center:0.063,-0.086,1.136
Normal:-0.103,-0.624,-0.775
NumPatches:52
0.051, -0.042, 1.103
0.044, -0.050, 1.108
0.037, -0.050, 1.109
0.030, -0.058, 1.119
0.023, -0.058, 1.119
0.015, -0.065, 1.127
0.008, -0.073, 1.133
0.000, -0.065, 1.127
0.008, -0.065, 1.128
0.015, -0.073, 1.131
0.015, -0.081, 1.139
0.023, -0.081, 1.137
0.031, -0.089, 1.142
0.030, -0.081, 1.135
0.038, -0.089, 1.142
0.038, -0.097, 1.149
0.046, -0.105, 1.154
0.046, -0.097, 1.150
0.054, -0.105, 1.154
0.054, -0.113, 1.158
0.054, -0.121, 1.162
0.062, -0.130, 1.170
0.062, -0.121, 1.161
0.070, -0.130, 1.169
0.071, -0.139, 1.179
0.079, -0.139, 1.179
0.086, -0.139, 1.177
0.094, -0.139, 1.176
0.093, -0.130, 1.168
0.101, -0.130, 1.168
0.100, -0.121, 1.161
0.100, -0.113, 1.153
0.099, -0.105, 1.146
0.099, -0.097, 1.141
0.098, -0.089, 1.136
0.098, -0.081, 1.130
0.105, -0.080, 1.128
0.104, -0.072, 1.119
0.096, -0.065, 1.113
0.089, -0.065, 1.116
0.082, -0.065, 1.118
0.074, -0.057, 1.112
0.067, -0.057, 1.113
0.059, -0.057, 1.115
0.052, -0.050, 1.109
0.044, -0.042, 1.103
0.059, -0.050, 1.108
0.081, -0.057, 1.111
0.088, -0.049, 1.101
0.103, -0.064, 1.110
0.015, -0.058, 1.119
0.030, -0.050, 1.110
RegionID:7
Center:0.200,-0.063,1.022
Normal:0.401,0.793,-0.458
NumPatches:33
0.164, -0.039, 1.028
0.157, -0.039, 1.024
0.163, -0.046, 1.019
0.170, -0.046, 1.023
0.176, -0.052, 1.017
0.168, -0.059, 1.008
0.175, -0.059, 1.010
0.181, -0.065, 1.006
0.182, -0.059, 1.015
0.183, -0.053, 1.022
0.178, -0.046, 1.028
0.191, -0.053, 1.026
0.199, -0.053, 1.032
0.201, -0.047, 1.045
0.207, -0.053, 1.039
0.206, -0.060, 1.031
0.204, -0.066, 1.021
0.194, -0.072, 1.006
0.186, -0.071, 1.001
0.188, -0.065, 1.012
0.202, -0.072, 1.011
0.207, -0.078, 1.002
0.209, -0.072, 1.016
0.214, -0.079, 1.007
0.222, -0.079, 1.014
0.231, -0.080, 1.020
0.239, -0.080, 1.027
0.245, -0.086, 1.022
0.247, -0.080, 1.031
0.252, -0.087, 1.026
0.254, -0.081, 1.033
0.220, -0.067, 1.033
0.218, -0.042, 1.090
RegionID:8
Center:-0.007,0.193,0.983
Normal:-0.267,-0.319,-0.909
NumPatches:192
-0.081, 0.359, 0.945
-0.088, 0.359, 0.947
-0.094, 0.360, 0.949
-0.101, 0.361, 0.951
-0.107, 0.362, 0.954
-0.114, 0.363, 0.955
-0.121, 0.358, 0.960
-0.127, 0.364, 0.960
-0.121, 0.364, 0.958
-0.121, 0.352, 0.961
-0.115, 0.346, 0.961
-0.115, 0.340, 0.962
-0.115, 0.334, 0.964
-0.109, 0.328, 0.965
-0.108, 0.334, 0.963
-0.102, 0.327, 0.963
-0.102, 0.322, 0.965
-0.103, 0.316, 0.968
-0.096, 0.310, 0.967
-0.096, 0.315, 0.965
-0.090, 0.309, 0.965
-0.090, 0.303, 0.968
-0.090, 0.297, 0.969
-0.084, 0.291, 0.971
-0.084, 0.286, 0.974
-0.078, 0.280, 0.975
-0.078, 0.274, 0.977
-0.071, 0.267, 0.976
-0.071, 0.261, 0.978
-0.065, 0.254, 0.977
-0.065, 0.248, 0.979
-0.058, 0.242, 0.979
-0.058, 0.248, 0.977
-0.052, 0.241, 0.977
-0.052, 0.236, 0.980
-0.045, 0.229, 0.981
-0.045, 0.223, 0.982
-0.039, 0.217, 0.983
-0.039, 0.211, 0.985
-0.033, 0.204, 0.985
-0.033, 0.198, 0.987
-0.026, 0.192, 0.988
-0.026, 0.186, 0.992
-0.020, 0.179, 0.992
-0.020, 0.173, 0.994
-0.013, 0.166, 0.994
-0.013, 0.173, 0.992
-0.006, 0.166, 0.992
-0.006, 0.160, 0.994
0.000, 0.153, 0.995
0.000, 0.147, 0.997
0.007, 0.140, 0.997
0.007, 0.134, 0.998
0.013, 0.127, 0.998
0.013, 0.121, 1.000
0.020, 0.114, 1.000
0.020, 0.108, 1.003
0.027, 0.101, 1.004
0.027, 0.095, 1.006
0.034, 0.088, 1.006
0.034, 0.095, 1.004
0.040, 0.088, 1.004
0.040, 0.082, 1.007
0.047, 0.075, 1.008
0.047, 0.082, 1.005
0.054, 0.075, 1.007
0.054, 0.069, 1.009
0.054, 0.062, 1.011
0.061, 0.055, 1.011
0.061, 0.049, 1.013
0.067, 0.042, 1.013
0.068, 0.035, 1.016
0.075, 0.029, 1.017
0.075, 0.022, 1.020
0.081, 0.015, 1.020
0.082, 0.008, 1.022
0.089, 0.002, 1.024
0.088, 0.008, 1.021
0.095, 0.002, 1.022
0.095, -0.005, 1.024
0.102, -0.005, 1.021
0.108, -0.005, 1.019
0.115, -0.005, 1.017
0.115, 0.002, 1.016
0.115, 0.008, 1.014
0.108, 0.015, 1.013
0.108, 0.022, 1.011
0.101, 0.028, 1.011
0.094, 0.035, 1.009
0.094, 0.042, 1.005
0.093, 0.048, 1.002
0.087, 0.055, 1.002
0.087, 0.061, 1.001
0.080, 0.068, 1.001
0.080, 0.074, 0.998
0.073, 0.081, 0.997
0.066, 0.088, 0.997
0.066, 0.094, 0.994
0.060, 0.100, 0.994
0.059, 0.107, 0.992
0.053, 0.113, 0.992
0.053, 0.120, 0.990
0.046, 0.126, 0.990
0.046, 0.133, 0.988
0.040, 0.139, 0.988
0.033, 0.146, 0.987
0.033, 0.152, 0.984
0.033, 0.158, 0.982
0.026, 0.165, 0.983
0.020, 0.165, 0.985
0.013, 0.165, 0.987
0.013, 0.172, 0.985
0.013, 0.178, 0.983
0.013, 0.184, 0.980
0.007, 0.190, 0.980
0.007, 0.196, 0.977
0.000, 0.203, 0.977
-0.006, 0.209, 0.978
-0.006, 0.215, 0.976
-0.013, 0.222, 0.976
-0.013, 0.228, 0.974
-0.013, 0.233, 0.970
-0.019, 0.239, 0.969
-0.019, 0.245, 0.967
-0.025, 0.252, 0.967
-0.025, 0.257, 0.964
-0.032, 0.264, 0.964
-0.032, 0.270, 0.962
-0.038, 0.276, 0.961
-0.038, 0.282, 0.960
-0.044, 0.288, 0.961
-0.051, 0.295, 0.961
-0.051, 0.300, 0.958
-0.057, 0.306, 0.957
-0.057, 0.312, 0.956
-0.063, 0.319, 0.956
-0.063, 0.324, 0.953
-0.069, 0.330, 0.952
-0.076, 0.337, 0.953
-0.076, 0.342, 0.952
-0.082, 0.349, 0.951
-0.082, 0.354, 0.948
-0.076, 0.348, 0.950
-0.069, 0.336, 0.950
-0.063, 0.329, 0.950
-0.057, 0.318, 0.955
-0.051, 0.306, 0.956
-0.044, 0.294, 0.959
-0.038, 0.288, 0.960
-0.032, 0.275, 0.960
-0.025, 0.263, 0.963
-0.019, 0.251, 0.964
-0.013, 0.239, 0.967
-0.006, 0.221, 0.974
0.000, 0.209, 0.976
0.007, 0.202, 0.975
0.013, 0.190, 0.978
0.020, 0.183, 0.977
0.033, 0.164, 0.980
0.039, 0.145, 0.986
0.046, 0.139, 0.986
0.053, 0.126, 0.988
0.059, 0.113, 0.990
0.066, 0.100, 0.992
0.073, 0.087, 0.994
0.079, 0.081, 0.995
0.087, 0.068, 1.000
0.093, 0.055, 1.000
0.100, 0.048, 1.000
0.101, 0.035, 1.008
0.107, 0.028, 1.008
0.114, 0.015, 1.012
0.121, 0.008, 1.012
0.081, 0.022, 1.018
0.074, 0.035, 1.014
0.067, 0.049, 1.010
0.061, 0.062, 1.010
0.027, 0.108, 1.000
0.020, 0.121, 0.998
0.013, 0.134, 0.996
0.007, 0.147, 0.995
0.000, 0.160, 0.992
-0.020, 0.185, 0.990
-0.026, 0.198, 0.986
-0.032, 0.210, 0.983
-0.039, 0.223, 0.981
-0.045, 0.235, 0.979
-0.065, 0.260, 0.974
-0.071, 0.273, 0.974
-0.077, 0.285, 0.973
-0.083, 0.297, 0.968
-0.114, 0.351, 0.959
RegionID:9
Center:-0.173,0.034,0.886
Normal:0.841,-0.251,-0.479
NumPatches:21
-0.157, 0.044, 0.911
-0.157, 0.038, 0.911
-0.162, 0.032, 0.905
-0.167, 0.031, 0.899
-0.172, 0.025, 0.893
-0.176, 0.025, 0.886
-0.181, 0.019, 0.880
-0.181, 0.013, 0.881
-0.181, 0.025, 0.878
-0.180, 0.030, 0.876
-0.184, 0.036, 0.867
-0.184, 0.042, 0.865
-0.183, 0.047, 0.861
-0.179, 0.042, 0.870
-0.180, 0.036, 0.873
-0.174, 0.042, 0.877
-0.170, 0.043, 0.885
-0.167, 0.037, 0.897
-0.172, 0.031, 0.893
-0.166, 0.043, 0.894
-0.157, 0.032, 0.912
RegionID:10
Center:-0.225,0.200,0.928
Normal:0.465,0.514,-0.721
NumPatches:304
-0.202, 0.069, 0.844
-0.202, 0.074, 0.846
-0.203, 0.080, 0.848
-0.209, 0.086, 0.850
-0.215, 0.092, 0.853
-0.220, 0.086, 0.850
-0.225, 0.080, 0.849
-0.231, 0.080, 0.851
-0.237, 0.080, 0.852
-0.238, 0.086, 0.854
-0.239, 0.092, 0.857
-0.241, 0.099, 0.863
-0.248, 0.105, 0.871
-0.249, 0.112, 0.874
-0.242, 0.105, 0.870
-0.244, 0.112, 0.875
-0.245, 0.118, 0.878
-0.238, 0.112, 0.875
-0.239, 0.118, 0.878
-0.232, 0.111, 0.873
-0.230, 0.105, 0.867
-0.234, 0.099, 0.861
-0.228, 0.098, 0.861
-0.221, 0.092, 0.854
-0.233, 0.118, 0.877
-0.227, 0.118, 0.877
-0.221, 0.118, 0.877
-0.215, 0.118, 0.877
-0.217, 0.124, 0.883
-0.224, 0.131, 0.887
-0.218, 0.131, 0.887
-0.219, 0.137, 0.890
-0.219, 0.144, 0.893
-0.220, 0.150, 0.896
-0.227, 0.156, 0.899
-0.232, 0.156, 0.898
-0.238, 0.162, 0.897
-0.244, 0.168, 0.896
-0.249, 0.173, 0.894
-0.254, 0.173, 0.890
-0.259, 0.172, 0.887
-0.260, 0.179, 0.890
-0.266, 0.185, 0.892
-0.272, 0.185, 0.890
-0.278, 0.190, 0.891
-0.282, 0.189, 0.886
-0.286, 0.188, 0.880
-0.291, 0.188, 0.877
-0.297, 0.194, 0.878
-0.303, 0.200, 0.879
-0.309, 0.206, 0.880
-0.314, 0.205, 0.877
-0.320, 0.211, 0.876
-0.324, 0.210, 0.872
-0.329, 0.209, 0.869
-0.335, 0.215, 0.869
-0.340, 0.220, 0.868
-0.344, 0.219, 0.864
-0.350, 0.225, 0.865
-0.355, 0.224, 0.862
-0.359, 0.223, 0.859
-0.365, 0.229, 0.859
-0.371, 0.235, 0.859
-0.376, 0.241, 0.859
-0.372, 0.241, 0.862
-0.373, 0.248, 0.865
-0.369, 0.249, 0.869
-0.371, 0.257, 0.874
-0.367, 0.258, 0.879
-0.369, 0.265, 0.882
-0.364, 0.265, 0.884
-0.366, 0.272, 0.888
-0.361, 0.273, 0.892
-0.362, 0.280, 0.894
-0.363, 0.287, 0.897
-0.359, 0.288, 0.900
-0.354, 0.289, 0.904
-0.355, 0.296, 0.906
-0.349, 0.290, 0.907
-0.348, 0.284, 0.905
-0.344, 0.285, 0.910
-0.338, 0.279, 0.910
-0.336, 0.271, 0.904
-0.331, 0.272, 0.908
-0.327, 0.274, 0.912
-0.329, 0.281, 0.917
-0.335, 0.288, 0.917
-0.340, 0.287, 0.915
-0.341, 0.293, 0.917
-0.346, 0.299, 0.914
-0.350, 0.297, 0.910
-0.353, 0.305, 0.916
-0.342, 0.301, 0.920
-0.345, 0.309, 0.927
-0.347, 0.317, 0.934
-0.342, 0.318, 0.936
-0.344, 0.327, 0.943
-0.347, 0.336, 0.950
-0.349, 0.344, 0.955
-0.342, 0.337, 0.954
-0.344, 0.345, 0.960
-0.338, 0.339, 0.961
-0.332, 0.333, 0.962
-0.334, 0.342, 0.969
-0.327, 0.335, 0.967
-0.325, 0.326, 0.960
-0.319, 0.320, 0.960
-0.321, 0.328, 0.966
-0.315, 0.322, 0.968
-0.312, 0.314, 0.961
-0.310, 0.305, 0.952
-0.311, 0.293, 0.936
-0.315, 0.285, 0.930
-0.313, 0.278, 0.925
-0.308, 0.279, 0.929
-0.303, 0.280, 0.932
-0.304, 0.287, 0.936
-0.307, 0.295, 0.943
-0.300, 0.289, 0.941
-0.303, 0.298, 0.951
-0.295, 0.290, 0.946
-0.291, 0.292, 0.953
-0.295, 0.303, 0.966
-0.298, 0.313, 0.977
-0.300, 0.321, 0.983
-0.287, 0.295, 0.961
-0.283, 0.297, 0.969
-0.285, 0.306, 0.975
-0.278, 0.299, 0.975
-0.276, 0.290, 0.967
-0.269, 0.283, 0.964
-0.266, 0.274, 0.954
-0.265, 0.266, 0.949
-0.258, 0.260, 0.949
-0.259, 0.267, 0.953
-0.253, 0.260, 0.951
-0.247, 0.262, 0.956
-0.243, 0.264, 0.964
-0.239, 0.266, 0.973
-0.241, 0.276, 0.983
-0.234, 0.268, 0.980
-0.227, 0.261, 0.978
-0.229, 0.270, 0.986
-0.230, 0.278, 0.991
-0.222, 0.263, 0.986
-0.217, 0.264, 0.991
-0.218, 0.272, 0.995
-0.211, 0.265, 0.994
-0.204, 0.259, 0.993
-0.203, 0.250, 0.987
-0.200, 0.241, 0.975
-0.195, 0.242, 0.980
-0.190, 0.244, 0.989
-0.192, 0.253, 0.998
-0.199, 0.260, 0.998
-0.205, 0.267, 0.999
-0.185, 0.246, 0.996
-0.183, 0.237, 0.984
-0.178, 0.239, 0.993
-0.170, 0.231, 0.987
-0.173, 0.241, 1.002
-0.165, 0.233, 0.997
-0.158, 0.226, 0.994
-0.160, 0.236, 1.007
-0.153, 0.228, 1.005
-0.151, 0.218, 0.989
-0.146, 0.221, 1.000
-0.139, 0.213, 0.995
-0.141, 0.223, 1.011
-0.134, 0.215, 1.007
-0.126, 0.208, 1.002
-0.128, 0.217, 1.016
-0.121, 0.210, 1.011
-0.119, 0.200, 0.996
-0.124, 0.191, 0.983
-0.129, 0.183, 0.976
-0.129, 0.176, 0.972
-0.123, 0.176, 0.975
-0.117, 0.177, 0.978
-0.117, 0.184, 0.982
-0.118, 0.192, 0.988
-0.112, 0.193, 0.994
-0.106, 0.194, 0.999
-0.108, 0.204, 1.015
-0.115, 0.212, 1.022
-0.101, 0.196, 1.011
-0.102, 0.206, 1.027
-0.095, 0.199, 1.026
-0.093, 0.189, 1.008
-0.092, 0.180, 0.997
-0.092, 0.173, 0.993
-0.092, 0.165, 0.987
-0.085, 0.166, 0.992
-0.079, 0.159, 0.992
-0.079, 0.167, 0.997
-0.080, 0.174, 1.000
-0.086, 0.181, 1.002
-0.072, 0.160, 0.995
-0.072, 0.153, 0.991
-0.072, 0.146, 0.987
-0.072, 0.138, 0.983
-0.071, 0.131, 0.977
-0.077, 0.124, 0.968
-0.077, 0.117, 0.964
-0.076, 0.110, 0.960
-0.082, 0.102, 0.951
-0.087, 0.095, 0.943
-0.093, 0.095, 0.939
-0.099, 0.095, 0.935
-0.105, 0.094, 0.930
-0.111, 0.100, 0.930
-0.117, 0.100, 0.927
-0.123, 0.106, 0.928
-0.129, 0.112, 0.928
-0.135, 0.112, 0.924
-0.140, 0.111, 0.920
-0.145, 0.104, 0.913
-0.146, 0.111, 0.916
-0.152, 0.117, 0.915
-0.158, 0.123, 0.915
-0.163, 0.116, 0.909
-0.168, 0.116, 0.905
-0.173, 0.115, 0.901
-0.178, 0.114, 0.896
-0.183, 0.114, 0.891
-0.190, 0.120, 0.895
-0.192, 0.112, 0.878
-0.199, 0.119, 0.884
-0.203, 0.112, 0.875
-0.207, 0.105, 0.867
-0.205, 0.098, 0.860
-0.210, 0.092, 0.854
-0.203, 0.086, 0.851
-0.204, 0.092, 0.854
-0.209, 0.111, 0.873
-0.205, 0.118, 0.881
-0.195, 0.119, 0.889
-0.185, 0.121, 0.898
-0.185, 0.127, 0.902
-0.186, 0.134, 0.905
-0.181, 0.134, 0.908
-0.175, 0.128, 0.908
-0.179, 0.121, 0.901
-0.174, 0.122, 0.905
-0.175, 0.135, 0.912
-0.162, 0.110, 0.906
-0.163, 0.123, 0.912
-0.152, 0.123, 0.919
-0.146, 0.117, 0.919
-0.124, 0.113, 0.932
-0.117, 0.107, 0.931
-0.105, 0.101, 0.934
-0.087, 0.089, 0.939
-0.081, 0.082, 0.939
-0.081, 0.089, 0.943
-0.081, 0.096, 0.946
-0.076, 0.103, 0.956
-0.071, 0.124, 0.970
-0.066, 0.146, 0.990
-0.066, 0.153, 0.994
-0.130, 0.190, 0.979
-0.271, 0.292, 0.973
-0.267, 0.294, 0.980
-0.280, 0.307, 0.981
-0.316, 0.293, 0.933
-0.308, 0.316, 0.968
-0.309, 0.324, 0.971
-0.337, 0.320, 0.941
-0.335, 0.311, 0.935
-0.337, 0.302, 0.924
-0.333, 0.303, 0.929
-0.330, 0.289, 0.921
-0.366, 0.236, 0.862
-0.360, 0.230, 0.861
-0.346, 0.226, 0.868
-0.336, 0.221, 0.873
-0.330, 0.215, 0.872
-0.315, 0.211, 0.879
-0.304, 0.206, 0.882
-0.298, 0.200, 0.881
-0.292, 0.194, 0.881
-0.273, 0.191, 0.893
-0.261, 0.185, 0.894
-0.245, 0.174, 0.899
-0.239, 0.169, 0.900
-0.233, 0.163, 0.900
-0.221, 0.157, 0.900
-0.222, 0.163, 0.902
-0.223, 0.170, 0.907
-0.217, 0.170, 0.910
-0.211, 0.164, 0.910
-0.211, 0.158, 0.907
-0.210, 0.151, 0.903
-0.214, 0.144, 0.896
-0.209, 0.145, 0.900
-0.212, 0.171, 0.914
-0.219, 0.080, 0.847
-0.213, 0.074, 0.844
-0.212, 0.068, 0.842
-0.212, 0.063, 0.842
-0.213, 0.057, 0.843
-0.219, 0.052, 0.847
-0.207, 0.057, 0.843
-0.202, 0.057, 0.844
RegionID:11
Center:0.534,0.137,1.296
Normal:-0.085,-0.533,-0.842
NumPatches:37
0.477, 0.140, 1.304
0.486, 0.132, 1.306
0.496, 0.124, 1.308
0.494, 0.132, 1.304
0.502, 0.132, 1.302
0.512, 0.123, 1.307
0.510, 0.132, 1.302
0.508, 0.140, 1.296
0.499, 0.148, 1.294
0.491, 0.148, 1.295
0.518, 0.131, 1.299
0.516, 0.139, 1.294
0.525, 0.131, 1.296
0.528, 0.123, 1.303
0.524, 0.139, 1.292
0.523, 0.148, 1.290
0.522, 0.156, 1.287
0.530, 0.156, 1.286
0.539, 0.147, 1.289
0.532, 0.139, 1.292
0.543, 0.131, 1.297
0.547, 0.123, 1.306
0.549, 0.115, 1.311
0.552, 0.107, 1.318
0.555, 0.123, 1.304
0.564, 0.115, 1.305
0.562, 0.123, 1.302
0.560, 0.131, 1.297
0.569, 0.131, 1.297
0.567, 0.139, 1.293
0.565, 0.147, 1.288
0.555, 0.155, 1.284
0.546, 0.155, 1.284
0.538, 0.155, 1.285
0.563, 0.155, 1.285
0.577, 0.131, 1.296
0.541, 0.139, 1.291
RegionID:12
Center:0.286,0.194,1.154
Normal:0.514,0.117,-0.850
NumPatches:44
0.281, 0.146, 1.144
0.273, 0.138, 1.139
0.264, 0.137, 1.135
0.255, 0.144, 1.130
0.247, 0.151, 1.125
0.247, 0.159, 1.126
0.256, 0.152, 1.132
0.256, 0.159, 1.132
0.256, 0.167, 1.132
0.256, 0.175, 1.134
0.265, 0.176, 1.140
0.266, 0.184, 1.142
0.266, 0.191, 1.142
0.266, 0.199, 1.143
0.267, 0.207, 1.147
0.275, 0.208, 1.151
0.276, 0.216, 1.154
0.285, 0.217, 1.157
0.285, 0.225, 1.158
0.285, 0.233, 1.159
0.286, 0.241, 1.162
0.294, 0.241, 1.164
0.303, 0.243, 1.170
0.314, 0.245, 1.180
0.322, 0.237, 1.183
0.322, 0.229, 1.181
0.312, 0.220, 1.175
0.313, 0.213, 1.176
0.302, 0.203, 1.165
0.301, 0.195, 1.163
0.301, 0.187, 1.161
0.292, 0.178, 1.154
0.292, 0.170, 1.154
0.282, 0.162, 1.147
0.282, 0.154, 1.145
0.273, 0.146, 1.140
0.265, 0.145, 1.137
0.291, 0.162, 1.153
0.301, 0.179, 1.160
0.312, 0.204, 1.175
0.322, 0.221, 1.181
0.332, 0.230, 1.188
0.332, 0.239, 1.191
0.323, 0.246, 1.186
RegionID:13
Center:-0.384,0.189,0.875
Normal:-0.206,-0.746,-0.633
NumPatches:21
-0.368, 0.191, 0.865
-0.377, 0.187, 0.873
-0.384, 0.187, 0.876
-0.394, 0.184, 0.886
-0.397, 0.188, 0.880
-0.403, 0.188, 0.880
-0.412, 0.184, 0.887
-0.410, 0.189, 0.881
-0.401, 0.193, 0.876
-0.399, 0.198, 0.872
-0.393, 0.198, 0.870
-0.386, 0.197, 0.867
-0.380, 0.191, 0.868
-0.391, 0.188, 0.880
-0.379, 0.196, 0.864
-0.374, 0.191, 0.866
-0.370, 0.186, 0.871
-0.368, 0.182, 0.880
-0.361, 0.182, 0.877
-0.356, 0.177, 0.880
-0.354, 0.181, 0.875
RegionID:14
Center:0.147,0.360,1.077
Normal:-0.176,-0.286,-0.942
NumPatches:66
0.135, 0.404, 1.065
0.128, 0.406, 1.068
0.121, 0.406, 1.069
0.114, 0.406, 1.069
0.107, 0.407, 1.071
0.100, 0.401, 1.075
0.093, 0.408, 1.074
0.100, 0.407, 1.072
0.100, 0.395, 1.077
0.100, 0.388, 1.078
0.101, 0.381, 1.079
0.101, 0.375, 1.081
0.101, 0.368, 1.084
0.101, 0.362, 1.087
0.109, 0.355, 1.088
0.109, 0.349, 1.090
0.109, 0.342, 1.091
0.109, 0.335, 1.093
0.109, 0.328, 1.094
0.109, 0.321, 1.095
0.109, 0.315, 1.097
0.117, 0.314, 1.096
0.124, 0.314, 1.095
0.131, 0.314, 1.094
0.138, 0.314, 1.093
0.145, 0.313, 1.092
0.145, 0.320, 1.089
0.152, 0.319, 1.088
0.159, 0.319, 1.087
0.166, 0.318, 1.085
0.173, 0.318, 1.084
0.180, 0.318, 1.083
0.187, 0.318, 1.082
0.194, 0.317, 1.081
0.194, 0.324, 1.080
0.201, 0.324, 1.079
0.201, 0.331, 1.078
0.194, 0.338, 1.078
0.193, 0.344, 1.076
0.193, 0.351, 1.073
0.192, 0.357, 1.070
0.192, 0.363, 1.069
0.192, 0.370, 1.067
0.191, 0.376, 1.066
0.184, 0.383, 1.065
0.184, 0.390, 1.063
0.184, 0.396, 1.062
0.176, 0.402, 1.060
0.169, 0.402, 1.060
0.162, 0.396, 1.061
0.155, 0.396, 1.062
0.149, 0.391, 1.067
0.142, 0.397, 1.064
0.135, 0.398, 1.066
0.149, 0.397, 1.064
0.148, 0.404, 1.063
0.155, 0.403, 1.061
0.162, 0.402, 1.060
0.149, 0.385, 1.070
0.156, 0.385, 1.069
0.163, 0.384, 1.067
0.163, 0.389, 1.063
0.183, 0.402, 1.060
0.191, 0.383, 1.064
0.200, 0.337, 1.076
0.108, 0.362, 1.085
