NumRegions:17
RegionID:0
Center:0.089,-0.501,1.329
Normal:-0.072,-0.854,-0.515
NumPatches:31
0.127, -0.471, 1.272
0.119, -0.472, 1.275
0.111, -0.474, 1.280
0.103, -0.476, 1.287
0.094, -0.476, 1.286
0.086, -0.475, 1.285
0.077, -0.477, 1.291
0.069, -0.480, 1.299
0.061, -0.483, 1.307
0.053, -0.485, 1.312
0.044, -0.485, 1.313
0.036, -0.505, 1.342
0.037, -0.530, 1.384
0.046, -0.531, 1.387
0.055, -0.529, 1.382
0.064, -0.528, 1.378
0.073, -0.527, 1.375
0.082, -0.524, 1.369
0.091, -0.521, 1.361
0.099, -0.520, 1.357
0.108, -0.520, 1.357
0.118, -0.520, 1.358
0.126, -0.520, 1.357
0.135, -0.519, 1.354
0.131, -0.494, 1.313
0.144, -0.518, 1.352
0.140, -0.494, 1.312
0.153, -0.518, 1.351
0.148, -0.494, 1.311
0.035, -0.484, 1.309
0.043, -0.464, 1.278
RegionID:1
Center:0.560,-0.432,1.221
Normal:0.250,0.733,-0.632
NumPatches:76
0.511, -0.411, 1.221
0.520, -0.412, 1.223
0.527, -0.419, 1.220
0.516, -0.425, 1.213
0.505, -0.430, 1.205
0.493, -0.434, 1.196
0.496, -0.430, 1.205
0.500, -0.425, 1.213
0.499, -0.441, 1.192
0.508, -0.441, 1.194
0.516, -0.442, 1.196
0.521, -0.447, 1.188
0.525, -0.442, 1.196
0.528, -0.437, 1.204
0.522, -0.431, 1.208
0.513, -0.430, 1.206
0.525, -0.425, 1.215
0.531, -0.432, 1.211
0.530, -0.448, 1.190
0.527, -0.454, 1.184
0.536, -0.455, 1.187
0.546, -0.456, 1.190
0.554, -0.456, 1.191
0.556, -0.450, 1.196
0.551, -0.444, 1.201
0.545, -0.438, 1.206
0.548, -0.433, 1.214
0.552, -0.428, 1.223
0.556, -0.422, 1.231
0.559, -0.417, 1.238
0.553, -0.410, 1.242
0.540, -0.414, 1.230
0.530, -0.413, 1.227
0.543, -0.409, 1.238
0.563, -0.412, 1.247
0.567, -0.406, 1.255
0.574, -0.413, 1.251
0.569, -0.418, 1.242
0.576, -0.425, 1.238
0.562, -0.429, 1.226
0.569, -0.436, 1.224
0.554, -0.439, 1.208
0.560, -0.445, 1.203
0.565, -0.451, 1.198
0.562, -0.457, 1.192
0.571, -0.457, 1.194
0.582, -0.459, 1.199
0.585, -0.454, 1.206
0.580, -0.448, 1.211
0.574, -0.442, 1.217
0.585, -0.436, 1.223
0.582, -0.431, 1.233
0.572, -0.430, 1.230
0.586, -0.426, 1.242
0.580, -0.420, 1.246
0.583, -0.414, 1.253
0.576, -0.406, 1.257
0.589, -0.421, 1.249
0.592, -0.414, 1.256
0.599, -0.421, 1.252
0.603, -0.427, 1.244
0.599, -0.432, 1.235
0.605, -0.439, 1.230
0.590, -0.442, 1.217
0.589, -0.449, 1.213
0.594, -0.455, 1.209
0.613, -0.428, 1.246
0.608, -0.422, 1.254
0.611, -0.415, 1.259
0.618, -0.423, 1.256
0.623, -0.429, 1.250
0.628, -0.424, 1.261
0.633, -0.430, 1.253
0.629, -0.436, 1.246
0.625, -0.441, 1.238
0.638, -0.436, 1.247
RegionID:2
Center:-0.363,-0.338,1.422
Normal:-0.082,-0.691,-0.718
NumPatches:363
-0.668, -0.491, 1.549
-0.658, -0.491, 1.549
-0.648, -0.491, 1.549
-0.645, -0.478, 1.541
-0.652, -0.466, 1.535
-0.642, -0.466, 1.535
-0.632, -0.466, 1.535
-0.629, -0.453, 1.527
-0.618, -0.453, 1.526
-0.615, -0.440, 1.518
-0.612, -0.428, 1.511
-0.609, -0.416, 1.504
-0.600, -0.417, 1.506
-0.592, -0.429, 1.512
-0.595, -0.441, 1.518
-0.598, -0.453, 1.528
-0.602, -0.467, 1.537
-0.593, -0.467, 1.539
-0.583, -0.467, 1.540
-0.581, -0.456, 1.536
-0.578, -0.443, 1.527
-0.583, -0.429, 1.514
-0.591, -0.418, 1.508
-0.589, -0.407, 1.504
-0.586, -0.395, 1.497
-0.583, -0.383, 1.488
-0.573, -0.383, 1.489
-0.571, -0.371, 1.483
-0.560, -0.371, 1.481
-0.558, -0.359, 1.474
-0.555, -0.348, 1.467
-0.546, -0.348, 1.468
-0.543, -0.337, 1.461
-0.534, -0.337, 1.462
-0.531, -0.326, 1.456
-0.529, -0.315, 1.449
-0.520, -0.315, 1.451
-0.518, -0.305, 1.446
-0.509, -0.305, 1.447
-0.507, -0.294, 1.442
-0.505, -0.283, 1.434
-0.495, -0.283, 1.434
-0.488, -0.294, 1.441
-0.486, -0.283, 1.436
-0.478, -0.294, 1.440
-0.469, -0.294, 1.441
-0.459, -0.294, 1.441
-0.451, -0.305, 1.446
-0.449, -0.294, 1.441
-0.442, -0.305, 1.449
-0.435, -0.316, 1.456
-0.433, -0.306, 1.451
-0.425, -0.316, 1.456
-0.427, -0.327, 1.462
-0.418, -0.328, 1.464
-0.409, -0.328, 1.467
-0.407, -0.317, 1.460
-0.406, -0.306, 1.455
-0.413, -0.295, 1.447
-0.423, -0.295, 1.447
-0.420, -0.284, 1.439
-0.427, -0.273, 1.431
-0.438, -0.274, 1.435
-0.404, -0.295, 1.448
-0.396, -0.306, 1.454
-0.387, -0.317, 1.459
-0.389, -0.328, 1.466
-0.391, -0.339, 1.472
-0.382, -0.350, 1.477
-0.381, -0.339, 1.472
-0.373, -0.350, 1.478
-0.363, -0.351, 1.480
-0.353, -0.351, 1.480
-0.345, -0.362, 1.485
-0.344, -0.351, 1.480
-0.335, -0.362, 1.485
-0.336, -0.373, 1.490
-0.328, -0.385, 1.498
-0.326, -0.373, 1.490
-0.319, -0.386, 1.501
-0.310, -0.387, 1.505
-0.300, -0.387, 1.505
-0.289, -0.387, 1.504
-0.280, -0.387, 1.505
-0.270, -0.387, 1.506
-0.268, -0.375, 1.498
-0.277, -0.364, 1.491
-0.267, -0.363, 1.488
-0.256, -0.362, 1.484
-0.245, -0.361, 1.479
-0.242, -0.346, 1.458
-0.248, -0.332, 1.440
-0.259, -0.333, 1.443
-0.270, -0.335, 1.451
-0.276, -0.321, 1.436
-0.286, -0.322, 1.439
-0.298, -0.324, 1.447
-0.313, -0.340, 1.475
-0.325, -0.352, 1.483
-0.333, -0.340, 1.475
-0.331, -0.328, 1.466
-0.323, -0.340, 1.475
-0.320, -0.327, 1.462
-0.304, -0.311, 1.430
-0.310, -0.298, 1.417
-0.317, -0.287, 1.405
-0.327, -0.287, 1.409
-0.338, -0.289, 1.414
-0.344, -0.276, 1.400
-0.360, -0.291, 1.426
-0.364, -0.278, 1.408
-0.382, -0.293, 1.437
-0.385, -0.306, 1.451
-0.376, -0.279, 1.415
-0.381, -0.267, 1.399
-0.392, -0.268, 1.405
-0.385, -0.254, 1.382
-0.392, -0.244, 1.373
-0.403, -0.245, 1.380
-0.408, -0.233, 1.366
-0.419, -0.234, 1.371
-0.429, -0.235, 1.375
-0.440, -0.236, 1.380
-0.451, -0.237, 1.386
-0.462, -0.238, 1.392
-0.480, -0.252, 1.417
-0.483, -0.263, 1.427
-0.474, -0.263, 1.427
-0.464, -0.262, 1.426
-0.474, -0.239, 1.400
-0.456, -0.225, 1.373
-0.446, -0.225, 1.371
-0.439, -0.213, 1.351
-0.429, -0.212, 1.347
-0.422, -0.200, 1.325
-0.412, -0.199, 1.321
-0.407, -0.188, 1.306
-0.397, -0.188, 1.301
-0.392, -0.177, 1.284
-0.382, -0.176, 1.281
-0.378, -0.166, 1.266
-0.368, -0.165, 1.260
-0.363, -0.155, 1.242
-0.358, -0.144, 1.227
-0.349, -0.144, 1.224
-0.346, -0.135, 1.212
-0.337, -0.134, 1.208
-0.332, -0.124, 1.190
-0.322, -0.124, 1.182
-0.318, -0.114, 1.168
-0.309, -0.114, 1.164
-0.307, -0.105, 1.155
-0.301, -0.114, 1.162
-0.298, -0.105, 1.152
-0.293, -0.114, 1.161
-0.297, -0.123, 1.177
-0.288, -0.123, 1.174
-0.280, -0.122, 1.171
-0.274, -0.131, 1.181
-0.271, -0.122, 1.165
-0.265, -0.131, 1.176
-0.259, -0.139, 1.184
-0.271, -0.149, 1.200
-0.282, -0.159, 1.215
-0.286, -0.169, 1.231
-0.277, -0.169, 1.229
-0.270, -0.170, 1.232
-0.266, -0.159, 1.215
-0.262, -0.149, 1.197
-0.253, -0.148, 1.192
-0.244, -0.148, 1.186
-0.241, -0.138, 1.173
-0.248, -0.130, 1.169
-0.256, -0.130, 1.171
-0.235, -0.147, 1.181
-0.233, -0.138, 1.170
-0.227, -0.147, 1.178
-0.230, -0.156, 1.194
-0.222, -0.156, 1.193
-0.215, -0.165, 1.200
-0.213, -0.156, 1.189
-0.207, -0.165, 1.198
-0.209, -0.175, 1.214
-0.201, -0.175, 1.213
-0.192, -0.174, 1.208
-0.183, -0.173, 1.202
-0.177, -0.183, 1.215
-0.175, -0.173, 1.199
-0.169, -0.183, 1.210
-0.162, -0.192, 1.218
-0.160, -0.182, 1.205
-0.153, -0.192, 1.216
-0.155, -0.202, 1.229
-0.146, -0.201, 1.224
-0.137, -0.200, 1.218
-0.131, -0.210, 1.231
-0.129, -0.200, 1.216
-0.122, -0.210, 1.227
-0.115, -0.219, 1.237
-0.113, -0.209, 1.223
-0.106, -0.218, 1.230
-0.099, -0.228, 1.240
-0.097, -0.217, 1.224
-0.090, -0.229, 1.241
-0.083, -0.239, 1.255
-0.082, -0.229, 1.242
-0.075, -0.239, 1.251
-0.075, -0.250, 1.265
-0.085, -0.261, 1.280
-0.095, -0.274, 1.300
-0.104, -0.276, 1.309
-0.115, -0.290, 1.335
-0.125, -0.292, 1.343
-0.136, -0.306, 1.365
-0.145, -0.306, 1.366
-0.157, -0.320, 1.389
-0.166, -0.321, 1.394
-0.179, -0.337, 1.420
-0.189, -0.339, 1.428
-0.203, -0.355, 1.454
-0.216, -0.371, 1.479
-0.227, -0.372, 1.487
-0.239, -0.387, 1.504
-0.251, -0.400, 1.515
-0.252, -0.411, 1.522
-0.263, -0.423, 1.526
-0.274, -0.434, 1.532
-0.286, -0.448, 1.542
-0.298, -0.460, 1.549
-0.310, -0.473, 1.559
-0.321, -0.484, 1.562
-0.333, -0.497, 1.569
-0.345, -0.510, 1.576
-0.357, -0.522, 1.583
-0.359, -0.535, 1.590
-0.370, -0.547, 1.594
-0.380, -0.546, 1.591
-0.391, -0.546, 1.592
-0.402, -0.547, 1.593
-0.415, -0.561, 1.603
-0.426, -0.561, 1.604
-0.436, -0.561, 1.604
-0.447, -0.561, 1.602
-0.459, -0.573, 1.607
-0.466, -0.558, 1.595
-0.478, -0.571, 1.601
-0.487, -0.558, 1.595
-0.497, -0.558, 1.594
-0.507, -0.557, 1.592
-0.517, -0.557, 1.591
-0.515, -0.544, 1.584
-0.523, -0.531, 1.577
-0.538, -0.546, 1.590
-0.544, -0.531, 1.578
-0.554, -0.531, 1.576
-0.566, -0.543, 1.580
-0.581, -0.556, 1.590
-0.595, -0.571, 1.601
-0.590, -0.555, 1.587
-0.585, -0.571, 1.603
-0.577, -0.542, 1.580
-0.585, -0.530, 1.574
-0.592, -0.517, 1.565
-0.602, -0.516, 1.564
-0.612, -0.516, 1.563
-0.623, -0.516, 1.564
-0.631, -0.504, 1.559
-0.642, -0.504, 1.559
-0.639, -0.492, 1.553
-0.629, -0.492, 1.553
-0.618, -0.491, 1.551
-0.608, -0.502, 1.553
-0.607, -0.491, 1.549
-0.597, -0.491, 1.550
-0.590, -0.504, 1.559
-0.587, -0.492, 1.552
-0.582, -0.517, 1.566
-0.575, -0.530, 1.575
-0.565, -0.530, 1.576
-0.534, -0.531, 1.577
-0.531, -0.517, 1.568
-0.529, -0.506, 1.563
-0.527, -0.493, 1.557
-0.518, -0.494, 1.560
-0.511, -0.508, 1.570
-0.512, -0.519, 1.574
-0.514, -0.532, 1.580
-0.502, -0.520, 1.575
-0.491, -0.519, 1.573
-0.488, -0.506, 1.564
-0.497, -0.494, 1.560
-0.508, -0.495, 1.562
-0.494, -0.481, 1.552
-0.484, -0.481, 1.551
-0.474, -0.492, 1.554
-0.477, -0.505, 1.562
-0.467, -0.506, 1.565
-0.458, -0.507, 1.569
-0.456, -0.495, 1.562
-0.463, -0.480, 1.549
-0.473, -0.480, 1.548
-0.453, -0.482, 1.553
-0.476, -0.558, 1.594
-0.456, -0.559, 1.599
-0.453, -0.545, 1.588
-0.452, -0.533, 1.583
-0.442, -0.534, 1.586
-0.435, -0.549, 1.599
-0.432, -0.535, 1.589
-0.422, -0.535, 1.588
-0.412, -0.547, 1.594
-0.411, -0.534, 1.587
-0.362, -0.561, 1.603
-0.360, -0.548, 1.596
-0.347, -0.523, 1.586
-0.335, -0.510, 1.578
-0.323, -0.497, 1.570
-0.311, -0.485, 1.565
-0.300, -0.474, 1.560
-0.288, -0.460, 1.550
-0.285, -0.434, 1.532
-0.273, -0.423, 1.526
-0.253, -0.423, 1.526
-0.250, -0.387, 1.507
-0.238, -0.374, 1.493
-0.214, -0.357, 1.464
-0.200, -0.340, 1.435
-0.194, -0.367, 1.465
-0.176, -0.323, 1.400
-0.155, -0.307, 1.372
-0.134, -0.292, 1.346
-0.114, -0.278, 1.318
-0.093, -0.262, 1.283
-0.076, -0.261, 1.280
-0.067, -0.249, 1.261
-0.066, -0.238, 1.247
-0.058, -0.248, 1.255
-0.050, -0.247, 1.252
-0.279, -0.149, 1.201
-0.398, -0.233, 1.361
-0.381, -0.242, 1.366
-0.370, -0.266, 1.395
-0.354, -0.277, 1.403
-0.333, -0.275, 1.395
-0.306, -0.286, 1.400
-0.300, -0.297, 1.411
-0.293, -0.310, 1.426
-0.305, -0.352, 1.485
-0.298, -0.365, 1.496
-0.266, -0.320, 1.429
-0.238, -0.331, 1.434
-0.573, -0.430, 1.515
-0.571, -0.418, 1.510
-0.570, -0.407, 1.506
-0.559, -0.407, 1.504
-0.551, -0.418, 1.509
-0.563, -0.429, 1.514
-0.555, -0.441, 1.521
-0.559, -0.455, 1.531
-0.573, -0.468, 1.541
-0.563, -0.468, 1.541
-0.552, -0.429, 1.512
-0.549, -0.406, 1.503
RegionID:3
Center:0.100,-0.396,1.246
Normal:-0.018,0.532,-0.847
NumPatches:48
0.125, -0.389, 1.253
0.117, -0.388, 1.252
0.108, -0.395, 1.246
0.107, -0.401, 1.240
0.099, -0.408, 1.235
0.090, -0.408, 1.235
0.083, -0.402, 1.242
0.074, -0.409, 1.238
0.066, -0.409, 1.239
0.058, -0.409, 1.239
0.050, -0.403, 1.245
0.042, -0.403, 1.245
0.042, -0.396, 1.249
0.042, -0.388, 1.252
0.042, -0.381, 1.255
0.050, -0.381, 1.256
0.059, -0.381, 1.257
0.067, -0.381, 1.256
0.067, -0.375, 1.262
0.075, -0.381, 1.255
0.084, -0.380, 1.254
0.092, -0.380, 1.254
0.100, -0.380, 1.253
0.108, -0.388, 1.250
0.109, -0.381, 1.254
0.058, -0.402, 1.244
0.075, -0.402, 1.243
0.091, -0.401, 1.241
0.107, -0.415, 1.233
0.107, -0.408, 1.236
0.115, -0.408, 1.237
0.116, -0.401, 1.241
0.123, -0.408, 1.237
0.132, -0.408, 1.237
0.140, -0.408, 1.238
0.148, -0.408, 1.238
0.156, -0.408, 1.238
0.157, -0.402, 1.242
0.150, -0.395, 1.248
0.141, -0.396, 1.249
0.158, -0.395, 1.247
0.166, -0.394, 1.244
0.166, -0.387, 1.248
0.174, -0.394, 1.244
0.173, -0.401, 1.241
0.165, -0.408, 1.238
0.173, -0.408, 1.238
0.174, -0.387, 1.248
RegionID:4
Center:0.610,-0.352,1.236
Normal:-0.039,-0.668,-0.743
NumPatches:23
0.573, -0.363, 1.249
0.579, -0.362, 1.246
0.587, -0.361, 1.244
0.582, -0.350, 1.234
0.596, -0.361, 1.245
0.591, -0.350, 1.235
0.605, -0.362, 1.248
0.609, -0.373, 1.256
0.616, -0.372, 1.254
0.624, -0.372, 1.251
0.632, -0.372, 1.253
0.641, -0.372, 1.253
0.635, -0.360, 1.241
0.631, -0.350, 1.233
0.626, -0.339, 1.224
0.613, -0.328, 1.214
0.611, -0.340, 1.226
0.603, -0.340, 1.226
0.600, -0.351, 1.236
0.595, -0.340, 1.226
0.606, -0.329, 1.216
0.609, -0.318, 1.206
0.620, -0.328, 1.212
RegionID:5
Center:0.234,-0.195,1.133
Normal:-0.150,-0.671,-0.726
NumPatches:431
0.032, -0.203, 1.186
0.039, -0.193, 1.177
0.047, -0.202, 1.181
0.047, -0.192, 1.171
0.055, -0.201, 1.179
0.055, -0.210, 1.186
0.056, -0.219, 1.191
0.056, -0.228, 1.197
0.056, -0.238, 1.204
0.065, -0.247, 1.211
0.065, -0.256, 1.218
0.073, -0.266, 1.225
0.074, -0.276, 1.232
0.075, -0.286, 1.243
0.075, -0.297, 1.252
0.076, -0.307, 1.260
0.084, -0.307, 1.259
0.093, -0.317, 1.264
0.085, -0.327, 1.270
0.093, -0.327, 1.270
0.102, -0.327, 1.273
0.111, -0.329, 1.278
0.120, -0.330, 1.283
0.128, -0.330, 1.285
0.137, -0.330, 1.285
0.145, -0.330, 1.284
0.154, -0.330, 1.285
0.153, -0.320, 1.277
0.152, -0.309, 1.266
0.142, -0.298, 1.257
0.141, -0.288, 1.249
0.132, -0.277, 1.238
0.123, -0.277, 1.235
0.122, -0.265, 1.218
0.121, -0.254, 1.208
0.129, -0.254, 1.207
0.127, -0.244, 1.197
0.119, -0.235, 1.191
0.118, -0.226, 1.185
0.117, -0.216, 1.174
0.116, -0.207, 1.166
0.116, -0.198, 1.158
0.115, -0.189, 1.150
0.122, -0.188, 1.147
0.130, -0.197, 1.152
0.124, -0.206, 1.162
0.132, -0.215, 1.166
0.131, -0.206, 1.160
0.138, -0.197, 1.152
0.130, -0.188, 1.146
0.147, -0.206, 1.161
0.146, -0.197, 1.152
0.155, -0.206, 1.162
0.155, -0.215, 1.168
0.156, -0.224, 1.173
0.149, -0.233, 1.181
0.143, -0.243, 1.194
0.137, -0.254, 1.208
0.135, -0.244, 1.195
0.127, -0.235, 1.189
0.145, -0.255, 1.210
0.147, -0.267, 1.227
0.140, -0.278, 1.240
0.148, -0.277, 1.239
0.156, -0.276, 1.233
0.155, -0.266, 1.224
0.153, -0.255, 1.209
0.151, -0.243, 1.193
0.141, -0.233, 1.180
0.158, -0.243, 1.189
0.157, -0.233, 1.181
0.166, -0.242, 1.186
0.167, -0.252, 1.199
0.162, -0.265, 1.220
0.163, -0.275, 1.228
0.164, -0.285, 1.236
0.158, -0.296, 1.248
0.150, -0.297, 1.253
0.168, -0.308, 1.262
0.170, -0.320, 1.277
0.174, -0.295, 1.243
0.172, -0.284, 1.231
0.171, -0.274, 1.224
0.170, -0.264, 1.216
0.178, -0.273, 1.219
0.187, -0.282, 1.224
0.181, -0.293, 1.236
0.190, -0.302, 1.241
0.191, -0.312, 1.247
0.192, -0.322, 1.254
0.194, -0.335, 1.269
0.188, -0.292, 1.231
0.195, -0.282, 1.222
0.186, -0.272, 1.217
0.184, -0.261, 1.202
0.174, -0.251, 1.192
0.182, -0.251, 1.189
0.181, -0.242, 1.184
0.180, -0.233, 1.179
0.172, -0.224, 1.174
0.165, -0.233, 1.182
0.164, -0.224, 1.174
0.179, -0.223, 1.171
0.204, -0.291, 1.229
0.206, -0.302, 1.240
0.207, -0.312, 1.246
0.208, -0.322, 1.254
0.211, -0.334, 1.268
0.219, -0.334, 1.267
0.227, -0.334, 1.265
0.237, -0.344, 1.272
0.234, -0.332, 1.259
0.245, -0.343, 1.269
0.252, -0.342, 1.266
0.260, -0.341, 1.261
0.267, -0.339, 1.254
0.276, -0.349, 1.259
0.274, -0.338, 1.249
0.282, -0.337, 1.246
0.291, -0.347, 1.253
0.289, -0.336, 1.242
0.296, -0.335, 1.239
0.304, -0.334, 1.236
0.302, -0.324, 1.227
0.309, -0.323, 1.224
0.317, -0.322, 1.223
0.324, -0.322, 1.220
0.332, -0.321, 1.217
0.339, -0.320, 1.214
0.346, -0.319, 1.210
0.353, -0.319, 1.208
0.364, -0.329, 1.216
0.361, -0.319, 1.208
0.359, -0.309, 1.202
0.368, -0.309, 1.203
0.375, -0.309, 1.202
0.373, -0.299, 1.193
0.380, -0.298, 1.192
0.388, -0.298, 1.191
0.396, -0.299, 1.193
0.393, -0.288, 1.183
0.401, -0.288, 1.182
0.397, -0.278, 1.171
0.404, -0.277, 1.168
0.411, -0.277, 1.168
0.409, -0.267, 1.160
0.406, -0.258, 1.152
0.412, -0.257, 1.149
0.409, -0.248, 1.140
0.414, -0.246, 1.133
0.411, -0.237, 1.125
0.417, -0.236, 1.121
0.414, -0.227, 1.114
0.406, -0.219, 1.112
0.398, -0.212, 1.110
0.392, -0.213, 1.114
0.391, -0.204, 1.109
0.389, -0.196, 1.105
0.396, -0.196, 1.103
0.401, -0.195, 1.097
0.406, -0.193, 1.090
0.403, -0.185, 1.082
0.399, -0.176, 1.073
0.390, -0.168, 1.066
0.385, -0.169, 1.072
0.375, -0.161, 1.064
0.369, -0.161, 1.068
0.364, -0.162, 1.073
0.355, -0.154, 1.069
0.351, -0.146, 1.058
0.347, -0.137, 1.043
0.337, -0.129, 1.034
0.331, -0.129, 1.038
0.325, -0.130, 1.042
0.320, -0.130, 1.048
0.315, -0.131, 1.053
0.306, -0.123, 1.045
0.300, -0.124, 1.051
0.291, -0.116, 1.043
0.286, -0.117, 1.050
0.283, -0.125, 1.063
0.277, -0.133, 1.069
0.270, -0.133, 1.071
0.266, -0.142, 1.081
0.259, -0.142, 1.082
0.252, -0.142, 1.084
0.245, -0.142, 1.084
0.238, -0.142, 1.083
0.236, -0.134, 1.075
0.227, -0.126, 1.067
0.219, -0.118, 1.061
0.211, -0.111, 1.058
0.205, -0.111, 1.061
0.198, -0.111, 1.063
0.191, -0.111, 1.063
0.184, -0.111, 1.064
0.176, -0.104, 1.061
0.169, -0.097, 1.060
0.162, -0.097, 1.061
0.155, -0.097, 1.062
0.148, -0.097, 1.061
0.141, -0.097, 1.060
0.135, -0.104, 1.066
0.129, -0.112, 1.076
0.122, -0.113, 1.078
0.114, -0.105, 1.072
0.107, -0.105, 1.072
0.099, -0.097, 1.066
0.092, -0.097, 1.068
0.086, -0.098, 1.072
0.079, -0.098, 1.074
0.078, -0.090, 1.064
0.077, -0.082, 1.055
0.077, -0.075, 1.048
0.077, -0.068, 1.044
0.069, -0.060, 1.037
0.069, -0.053, 1.029
0.061, -0.046, 1.024
0.055, -0.046, 1.026
0.048, -0.053, 1.031
0.048, -0.060, 1.038
0.049, -0.068, 1.043
0.049, -0.075, 1.051
0.049, -0.083, 1.060
0.050, -0.091, 1.072
0.043, -0.099, 1.082
0.051, -0.107, 1.094
0.044, -0.115, 1.104
0.052, -0.123, 1.111
0.052, -0.115, 1.105
0.059, -0.123, 1.111
0.067, -0.132, 1.117
0.060, -0.140, 1.125
0.053, -0.149, 1.134
0.053, -0.140, 1.128
0.060, -0.148, 1.132
0.061, -0.157, 1.138
0.069, -0.165, 1.144
0.061, -0.173, 1.148
0.054, -0.182, 1.156
0.046, -0.174, 1.150
0.038, -0.166, 1.148
0.031, -0.176, 1.166
0.024, -0.169, 1.168
0.016, -0.170, 1.179
0.031, -0.167, 1.158
0.046, -0.165, 1.143
0.054, -0.192, 1.167
0.062, -0.182, 1.155
0.069, -0.173, 1.148
0.068, -0.157, 1.139
0.067, -0.140, 1.123
0.067, -0.123, 1.111
0.051, -0.099, 1.083
0.048, -0.046, 1.026
0.054, -0.039, 1.022
0.054, -0.032, 1.017
0.047, -0.025, 1.012
0.054, -0.025, 1.011
0.053, -0.018, 1.001
0.046, -0.012, 0.994
0.040, -0.012, 0.997
0.040, -0.005, 0.989
0.053, -0.012, 0.989
0.059, -0.011, 0.984
0.066, -0.011, 0.983
0.072, -0.011, 0.981
0.060, -0.025, 1.008
0.061, -0.032, 1.014
0.067, -0.025, 1.006
0.074, -0.025, 1.005
0.080, -0.025, 1.002
0.087, -0.025, 1.000
0.094, -0.032, 1.004
0.088, -0.039, 1.011
0.081, -0.039, 1.011
0.075, -0.046, 1.019
0.068, -0.046, 1.022
0.074, -0.039, 1.013
0.094, -0.039, 1.012
0.102, -0.046, 1.023
0.101, -0.039, 1.013
0.100, -0.032, 1.001
0.093, -0.025, 0.995
0.099, -0.025, 0.990
0.106, -0.031, 0.998
0.114, -0.038, 1.007
0.109, -0.046, 1.023
0.116, -0.046, 1.021
0.122, -0.046, 1.019
0.120, -0.038, 1.005
0.112, -0.031, 0.992
0.128, -0.045, 1.015
0.134, -0.045, 1.010
0.141, -0.045, 1.007
0.149, -0.052, 1.019
0.147, -0.045, 1.002
0.076, -0.060, 1.039
0.083, -0.060, 1.040
0.084, -0.075, 1.047
0.090, -0.075, 1.045
0.106, -0.097, 1.065
0.121, -0.105, 1.071
0.136, -0.112, 1.073
0.134, -0.097, 1.060
0.133, -0.089, 1.055
0.168, -0.089, 1.056
0.162, -0.082, 1.057
0.176, -0.096, 1.056
0.175, -0.089, 1.052
0.174, -0.082, 1.047
0.182, -0.089, 1.050
0.186, -0.081, 1.036
0.179, -0.074, 1.033
0.185, -0.073, 1.029
0.192, -0.080, 1.030
0.190, -0.066, 1.022
0.183, -0.059, 1.019
0.177, -0.059, 1.023
0.171, -0.060, 1.027
0.164, -0.060, 1.030
0.175, -0.052, 1.013
0.189, -0.059, 1.016
0.183, -0.103, 1.057
0.203, -0.103, 1.055
0.195, -0.096, 1.049
0.218, -0.110, 1.056
0.225, -0.118, 1.060
0.234, -0.126, 1.067
0.241, -0.126, 1.066
0.250, -0.134, 1.075
0.248, -0.126, 1.066
0.264, -0.133, 1.072
0.284, -0.133, 1.068
0.275, -0.118, 1.060
0.280, -0.117, 1.055
0.288, -0.108, 1.031
0.279, -0.100, 1.025
0.273, -0.101, 1.028
0.266, -0.093, 1.024
0.272, -0.093, 1.021
0.278, -0.093, 1.019
0.286, -0.100, 1.023
0.284, -0.093, 1.017
0.283, -0.086, 1.013
0.290, -0.093, 1.016
0.292, -0.100, 1.022
0.296, -0.115, 1.037
0.311, -0.122, 1.039
0.333, -0.121, 1.024
0.343, -0.128, 1.031
0.349, -0.128, 1.030
0.355, -0.128, 1.028
0.353, -0.120, 1.022
0.363, -0.135, 1.032
0.367, -0.143, 1.041
0.371, -0.152, 1.054
0.381, -0.160, 1.061
0.378, -0.152, 1.053
0.373, -0.143, 1.041
0.361, -0.154, 1.064
0.396, -0.167, 1.063
0.405, -0.176, 1.069
0.402, -0.167, 1.061
0.399, -0.159, 1.053
0.389, -0.151, 1.045
0.386, -0.143, 1.038
0.385, -0.135, 1.033
0.376, -0.128, 1.029
0.383, -0.128, 1.030
0.396, -0.151, 1.045
0.404, -0.151, 1.047
0.411, -0.151, 1.049
0.410, -0.144, 1.045
0.399, -0.136, 1.036
0.417, -0.144, 1.047
0.416, -0.137, 1.042
0.424, -0.137, 1.045
0.432, -0.137, 1.048
0.439, -0.138, 1.050
0.448, -0.145, 1.052
0.447, -0.138, 1.052
0.456, -0.145, 1.055
0.457, -0.153, 1.057
0.465, -0.153, 1.059
0.473, -0.160, 1.062
0.466, -0.168, 1.063
0.461, -0.175, 1.067
0.463, -0.183, 1.072
0.459, -0.192, 1.079
0.454, -0.200, 1.085
0.451, -0.209, 1.094
0.444, -0.209, 1.095
0.437, -0.209, 1.095
0.430, -0.209, 1.096
0.423, -0.209, 1.097
0.416, -0.210, 1.099
0.412, -0.219, 1.108
0.405, -0.211, 1.107
0.421, -0.227, 1.112
0.432, -0.236, 1.121
0.413, -0.201, 1.090
0.411, -0.193, 1.085
0.417, -0.192, 1.083
0.415, -0.184, 1.077
0.412, -0.175, 1.068
0.447, -0.200, 1.086
0.452, -0.192, 1.079
0.465, -0.191, 1.078
0.468, -0.175, 1.067
0.474, -0.168, 1.064
0.472, -0.153, 1.061
0.472, -0.146, 1.060
0.464, -0.139, 1.058
0.465, -0.132, 1.059
0.457, -0.125, 1.058
0.448, -0.124, 1.054
0.466, -0.125, 1.063
0.473, -0.132, 1.063
0.472, -0.139, 1.061
0.406, -0.308, 1.198
0.372, -0.329, 1.215
0.379, -0.328, 1.215
0.388, -0.329, 1.216
0.202, -0.281, 1.218
0.092, -0.307, 1.258
0.091, -0.296, 1.248
0.083, -0.286, 1.240
0.091, -0.286, 1.239
0.073, -0.256, 1.217
0.064, -0.238, 1.204
RegionID:6
Center:-0.154,-0.076,1.207
Normal:0.531,0.494,-0.688
NumPatches:210
-0.256, -0.014, 1.171
-0.250, -0.006, 1.177
-0.242, -0.014, 1.178
-0.243, -0.006, 1.181
-0.235, -0.014, 1.183
-0.235, -0.022, 1.178
-0.241, -0.029, 1.174
-0.247, -0.037, 1.164
-0.253, -0.044, 1.154
-0.259, -0.044, 1.148
-0.265, -0.051, 1.140
-0.270, -0.058, 1.129
-0.264, -0.058, 1.136
-0.258, -0.059, 1.142
-0.250, -0.066, 1.143
-0.251, -0.059, 1.147
-0.244, -0.067, 1.147
-0.242, -0.074, 1.142
-0.235, -0.081, 1.141
-0.235, -0.074, 1.144
-0.228, -0.082, 1.145
-0.221, -0.089, 1.147
-0.221, -0.082, 1.150
-0.214, -0.090, 1.151
-0.207, -0.090, 1.157
-0.201, -0.091, 1.163
-0.193, -0.099, 1.165
-0.194, -0.091, 1.168
-0.186, -0.099, 1.170
-0.187, -0.092, 1.174
-0.188, -0.084, 1.179
-0.188, -0.076, 1.182
-0.189, -0.069, 1.185
-0.181, -0.069, 1.187
-0.173, -0.077, 1.186
-0.173, -0.084, 1.184
-0.180, -0.092, 1.179
-0.179, -0.099, 1.176
-0.179, -0.107, 1.171
-0.171, -0.115, 1.171
-0.171, -0.107, 1.175
-0.164, -0.115, 1.175
-0.163, -0.123, 1.173
-0.156, -0.130, 1.174
-0.156, -0.123, 1.177
-0.148, -0.131, 1.177
-0.141, -0.131, 1.181
-0.134, -0.132, 1.186
-0.126, -0.132, 1.190
-0.118, -0.140, 1.191
-0.119, -0.133, 1.195
-0.111, -0.141, 1.199
-0.111, -0.149, 1.194
-0.103, -0.149, 1.201
-0.096, -0.150, 1.207
-0.088, -0.158, 1.207
-0.088, -0.151, 1.210
-0.088, -0.143, 1.212
-0.080, -0.143, 1.215
-0.072, -0.151, 1.216
-0.080, -0.159, 1.210
-0.080, -0.166, 1.207
-0.072, -0.167, 1.211
-0.072, -0.159, 1.213
-0.064, -0.167, 1.215
-0.064, -0.175, 1.211
-0.056, -0.175, 1.214
-0.048, -0.176, 1.220
-0.040, -0.177, 1.226
-0.032, -0.185, 1.226
-0.032, -0.177, 1.230
-0.033, -0.170, 1.234
-0.033, -0.162, 1.239
-0.033, -0.155, 1.244
-0.033, -0.147, 1.249
-0.041, -0.139, 1.248
-0.049, -0.138, 1.243
-0.057, -0.145, 1.234
-0.065, -0.145, 1.228
-0.073, -0.144, 1.220
-0.057, -0.153, 1.230
-0.065, -0.160, 1.220
-0.057, -0.161, 1.227
-0.057, -0.138, 1.239
-0.058, -0.130, 1.243
-0.058, -0.122, 1.246
-0.058, -0.114, 1.251
-0.066, -0.106, 1.250
-0.074, -0.105, 1.244
-0.082, -0.097, 1.245
-0.090, -0.097, 1.241
-0.091, -0.089, 1.244
-0.099, -0.080, 1.242
-0.099, -0.072, 1.246
-0.107, -0.064, 1.247
-0.116, -0.056, 1.247
-0.123, -0.063, 1.233
-0.130, -0.063, 1.226
-0.137, -0.071, 1.216
-0.144, -0.078, 1.210
-0.152, -0.078, 1.205
-0.159, -0.078, 1.198
-0.166, -0.077, 1.191
-0.174, -0.069, 1.190
-0.174, -0.061, 1.195
-0.175, -0.054, 1.201
-0.168, -0.054, 1.207
-0.160, -0.062, 1.209
-0.160, -0.070, 1.204
-0.152, -0.070, 1.210
-0.153, -0.062, 1.214
-0.161, -0.054, 1.213
-0.145, -0.063, 1.217
-0.138, -0.063, 1.220
-0.137, -0.078, 1.213
-0.129, -0.079, 1.219
-0.122, -0.079, 1.226
-0.122, -0.071, 1.231
-0.116, -0.048, 1.255
-0.125, -0.040, 1.254
-0.132, -0.039, 1.246
-0.141, -0.031, 1.248
-0.149, -0.023, 1.250
-0.156, -0.023, 1.242
-0.165, -0.014, 1.246
-0.171, -0.022, 1.229
-0.177, -0.030, 1.216
-0.185, -0.030, 1.212
-0.192, -0.030, 1.207
-0.200, -0.022, 1.206
-0.208, -0.014, 1.205
-0.215, -0.014, 1.201
-0.222, -0.014, 1.195
-0.229, -0.014, 1.189
-0.236, -0.006, 1.187
-0.201, -0.014, 1.211
-0.201, -0.006, 1.214
-0.209, 0.002, 1.214
-0.216, 0.002, 1.207
-0.223, 0.002, 1.200
-0.230, 0.010, 1.198
-0.203, 0.002, 1.223
-0.205, 0.010, 1.237
-0.213, 0.018, 1.237
-0.220, 0.018, 1.231
-0.229, 0.027, 1.235
-0.238, 0.035, 1.236
-0.246, 0.043, 1.236
-0.247, 0.051, 1.241
-0.239, 0.043, 1.242
-0.240, 0.052, 1.249
-0.232, 0.043, 1.248
-0.231, 0.035, 1.242
-0.222, 0.027, 1.240
-0.224, 0.035, 1.248
-0.225, 0.044, 1.254
-0.216, 0.035, 1.255
-0.215, 0.027, 1.247
-0.207, 0.019, 1.246
-0.208, 0.027, 1.254
-0.199, 0.019, 1.253
-0.198, 0.010, 1.246
-0.190, 0.002, 1.245
-0.195, -0.006, 1.222
-0.186, -0.014, 1.220
-0.193, -0.022, 1.213
-0.178, -0.022, 1.221
-0.173, -0.014, 1.239
-0.181, -0.006, 1.241
-0.174, -0.006, 1.247
-0.175, 0.002, 1.253
-0.166, -0.006, 1.253
-0.158, -0.015, 1.253
-0.191, 0.010, 1.251
-0.142, -0.023, 1.257
-0.133, -0.031, 1.255
-0.117, -0.040, 1.261
-0.108, -0.056, 1.257
-0.100, -0.065, 1.254
-0.091, -0.081, 1.248
-0.074, -0.097, 1.247
-0.058, -0.106, 1.258
-0.050, -0.107, 1.263
-0.042, -0.115, 1.262
-0.050, -0.122, 1.249
-0.041, -0.131, 1.250
-0.041, -0.123, 1.255
-0.033, -0.131, 1.255
-0.033, -0.139, 1.253
-0.033, -0.123, 1.260
-0.033, -0.115, 1.266
-0.033, -0.107, 1.271
-0.024, -0.193, 1.227
-0.164, -0.107, 1.177
-0.164, -0.100, 1.180
-0.172, -0.092, 1.181
-0.165, -0.092, 1.185
-0.158, -0.093, 1.191
-0.150, -0.101, 1.194
-0.157, -0.108, 1.183
-0.150, -0.109, 1.191
-0.151, -0.093, 1.197
-0.273, -0.044, 1.141
-0.266, -0.044, 1.144
-0.266, -0.036, 1.147
-0.260, -0.036, 1.151
-0.255, -0.029, 1.164
-0.249, -0.029, 1.171
-0.246, -0.044, 1.159
-0.234, -0.029, 1.175
RegionID:7
Center:0.317,-0.052,1.045
Normal:0.399,0.683,-0.612
NumPatches:90
0.140, 0.015, 1.004
0.148, 0.015, 1.010
0.154, 0.008, 1.007
0.162, 0.008, 1.013
0.169, 0.008, 1.016
0.175, 0.002, 1.014
0.183, 0.002, 1.019
0.185, 0.008, 1.028
0.190, 0.002, 1.023
0.189, -0.005, 1.014
0.196, -0.005, 1.019
0.203, -0.012, 1.016
0.204, -0.005, 1.024
0.210, -0.012, 1.021
0.216, -0.019, 1.016
0.218, -0.012, 1.026
0.224, -0.019, 1.022
0.226, -0.012, 1.031
0.232, -0.019, 1.027
0.230, -0.025, 1.018
0.238, -0.025, 1.024
0.240, -0.019, 1.031
0.246, -0.026, 1.028
0.248, -0.019, 1.035
0.254, -0.026, 1.033
0.252, -0.032, 1.026
0.261, -0.033, 1.032
0.262, -0.026, 1.039
0.256, -0.019, 1.041
0.269, -0.033, 1.039
0.271, -0.026, 1.044
0.277, -0.033, 1.043
0.283, -0.040, 1.039
0.285, -0.033, 1.047
0.291, -0.040, 1.043
0.293, -0.033, 1.050
0.299, -0.040, 1.046
0.296, -0.046, 1.037
0.302, -0.053, 1.034
0.305, -0.047, 1.042
0.308, -0.040, 1.053
0.302, -0.033, 1.055
0.313, -0.047, 1.048
0.310, -0.053, 1.038
0.320, -0.054, 1.046
0.323, -0.047, 1.055
0.317, -0.040, 1.060
0.329, -0.054, 1.053
0.331, -0.048, 1.061
0.337, -0.054, 1.056
0.334, -0.061, 1.048
0.331, -0.067, 1.038
0.329, -0.074, 1.031
0.327, -0.080, 1.026
0.335, -0.080, 1.028
0.342, -0.080, 1.030
0.347, -0.087, 1.024
0.350, -0.081, 1.034
0.359, -0.081, 1.038
0.367, -0.081, 1.043
0.376, -0.082, 1.048
0.386, -0.082, 1.056
0.389, -0.076, 1.065
0.384, -0.069, 1.070
0.375, -0.069, 1.064
0.369, -0.062, 1.069
0.360, -0.062, 1.062
0.351, -0.061, 1.056
0.345, -0.054, 1.059
0.354, -0.055, 1.066
0.379, -0.062, 1.076
0.392, -0.069, 1.072
0.398, -0.076, 1.069
0.395, -0.083, 1.061
0.399, -0.089, 1.054
0.403, -0.083, 1.063
0.407, -0.077, 1.074
0.412, -0.083, 1.069
0.409, -0.090, 1.061
0.417, -0.097, 1.063
0.420, -0.091, 1.071
0.426, -0.098, 1.070
0.435, -0.098, 1.072
0.440, -0.105, 1.068
0.444, -0.098, 1.078
0.450, -0.105, 1.075
0.460, -0.106, 1.081
0.465, -0.112, 1.076
0.474, -0.113, 1.080
0.488, -0.107, 1.096
RegionID:8
Center:-0.044,0.022,1.116
Normal:-0.090,-0.656,-0.749
NumPatches:52
-0.103, 0.039, 1.112
-0.096, 0.039, 1.112
-0.089, 0.031, 1.113
-0.088, 0.039, 1.110
-0.088, 0.046, 1.102
-0.080, 0.046, 1.101
-0.080, 0.053, 1.094
-0.072, 0.053, 1.094
-0.072, 0.060, 1.088
-0.065, 0.059, 1.086
-0.057, 0.059, 1.085
-0.057, 0.066, 1.081
-0.050, 0.059, 1.084
-0.050, 0.052, 1.091
-0.043, 0.052, 1.091
-0.036, 0.045, 1.094
-0.036, 0.052, 1.089
-0.029, 0.045, 1.093
-0.022, 0.045, 1.092
-0.014, 0.045, 1.093
-0.007, 0.038, 1.099
-0.007, 0.031, 1.105
-0.015, 0.024, 1.113
-0.015, 0.017, 1.119
-0.015, 0.009, 1.125
-0.015, 0.002, 1.133
-0.015, -0.006, 1.138
-0.015, -0.013, 1.143
-0.015, -0.021, 1.149
-0.023, -0.029, 1.160
-0.031, -0.037, 1.165
-0.038, -0.029, 1.161
-0.038, -0.021, 1.155
-0.046, -0.013, 1.149
-0.045, -0.006, 1.141
-0.053, 0.002, 1.135
-0.060, 0.009, 1.130
-0.067, 0.017, 1.123
-0.074, 0.024, 1.116
-0.081, 0.024, 1.118
-0.081, 0.031, 1.112
-0.066, 0.024, 1.115
-0.059, 0.017, 1.122
-0.052, 0.009, 1.130
-0.045, 0.002, 1.135
-0.038, -0.013, 1.146
-0.031, -0.029, 1.160
-0.031, -0.045, 1.173
-0.015, -0.029, 1.160
-0.007, 0.024, 1.112
-0.007, 0.045, 1.094
-0.050, 0.066, 1.080
RegionID:9
Center:-0.363,0.080,0.907
Normal:-0.120,-0.728,-0.675
NumPatches:430
-0.521, 0.035, 1.007
-0.529, 0.029, 1.021
-0.514, 0.035, 1.005
-0.512, 0.029, 1.015
-0.516, 0.022, 1.023
-0.522, 0.015, 1.034
-0.513, 0.015, 1.029
-0.510, 0.009, 1.037
-0.504, 0.015, 1.026
-0.501, 0.009, 1.033
-0.492, 0.009, 1.030
-0.486, 0.015, 1.018
-0.478, 0.015, 1.013
-0.470, 0.015, 1.011
-0.461, 0.015, 1.007
-0.452, 0.015, 1.002
-0.444, 0.015, 0.999
-0.435, 0.015, 0.994
-0.427, 0.015, 0.990
-0.419, 0.015, 0.987
-0.412, 0.015, 0.984
-0.409, 0.008, 0.993
-0.404, 0.015, 0.981
-0.401, 0.008, 0.990
-0.393, 0.008, 0.986
-0.385, 0.008, 0.983
-0.378, 0.008, 0.982
-0.374, 0.002, 0.988
-0.371, 0.008, 0.980
-0.366, 0.002, 0.986
-0.363, -0.005, 0.995
-0.360, 0.002, 0.985
-0.356, -0.005, 0.993
-0.353, -0.012, 1.002
-0.364, -0.019, 1.016
-0.372, -0.019, 1.019
-0.356, -0.019, 1.013
-0.349, -0.018, 1.011
-0.345, -0.012, 1.001
-0.349, -0.005, 0.992
-0.338, -0.012, 0.998
-0.334, -0.018, 1.005
-0.330, -0.012, 0.996
-0.324, -0.012, 0.995
-0.317, -0.012, 0.993
-0.313, -0.005, 0.983
-0.310, 0.002, 0.974
-0.308, 0.008, 0.965
-0.300, 0.008, 0.963
-0.296, 0.002, 0.968
-0.306, -0.005, 0.980
-0.309, -0.012, 0.990
-0.302, -0.012, 0.989
-0.299, -0.005, 0.980
-0.289, 0.002, 0.969
-0.294, 0.008, 0.962
-0.291, 0.014, 0.952
-0.284, 0.014, 0.950
-0.281, 0.020, 0.942
-0.286, 0.026, 0.937
-0.290, 0.032, 0.930
-0.297, 0.032, 0.932
-0.294, 0.038, 0.924
-0.292, 0.044, 0.916
-0.290, 0.050, 0.910
-0.283, 0.050, 0.907
-0.278, 0.044, 0.911
-0.281, 0.038, 0.919
-0.284, 0.032, 0.929
-0.279, 0.026, 0.934
-0.275, 0.020, 0.940
-0.277, 0.014, 0.949
-0.279, 0.008, 0.956
-0.277, 0.002, 0.971
-0.288, -0.005, 0.986
-0.273, 0.008, 0.955
-0.267, 0.008, 0.958
-0.274, 0.038, 0.918
-0.268, 0.038, 0.918
-0.267, 0.044, 0.914
-0.266, 0.050, 0.910
-0.264, 0.056, 0.906
-0.263, 0.061, 0.901
-0.262, 0.067, 0.897
-0.261, 0.073, 0.893
-0.265, 0.078, 0.888
-0.272, 0.072, 0.889
-0.277, 0.072, 0.887
-0.284, 0.066, 0.890
-0.292, 0.061, 0.897
-0.299, 0.061, 0.900
-0.296, 0.067, 0.892
-0.294, 0.072, 0.884
-0.298, 0.077, 0.879
-0.296, 0.083, 0.873
-0.300, 0.088, 0.870
-0.309, 0.083, 0.877
-0.313, 0.088, 0.874
-0.311, 0.093, 0.867
-0.309, 0.098, 0.861
-0.313, 0.104, 0.856
-0.322, 0.099, 0.867
-0.325, 0.104, 0.859
-0.333, 0.099, 0.864
-0.342, 0.094, 0.873
-0.345, 0.089, 0.882
-0.355, 0.084, 0.891
-0.364, 0.079, 0.900
-0.373, 0.074, 0.907
-0.380, 0.074, 0.909
-0.387, 0.074, 0.911
-0.393, 0.074, 0.911
-0.400, 0.074, 0.914
-0.398, 0.080, 0.908
-0.396, 0.085, 0.903
-0.392, 0.090, 0.894
-0.388, 0.095, 0.886
-0.381, 0.095, 0.884
-0.378, 0.090, 0.890
-0.389, 0.085, 0.901
-0.385, 0.080, 0.906
-0.382, 0.085, 0.900
-0.378, 0.079, 0.904
-0.376, 0.085, 0.898
-0.369, 0.085, 0.896
-0.365, 0.090, 0.887
-0.369, 0.095, 0.881
-0.375, 0.095, 0.882
-0.362, 0.095, 0.880
-0.358, 0.089, 0.883
-0.362, 0.084, 0.893
-0.355, 0.095, 0.877
-0.354, 0.100, 0.874
-0.352, 0.105, 0.869
-0.350, 0.110, 0.864
-0.343, 0.110, 0.862
-0.341, 0.115, 0.857
-0.335, 0.115, 0.855
-0.332, 0.119, 0.847
-0.330, 0.124, 0.841
-0.324, 0.124, 0.840
-0.319, 0.119, 0.843
-0.328, 0.114, 0.851
-0.330, 0.109, 0.856
-0.323, 0.109, 0.854
-0.321, 0.114, 0.848
-0.315, 0.114, 0.847
-0.311, 0.109, 0.851
-0.319, 0.104, 0.858
-0.309, 0.114, 0.847
-0.308, 0.119, 0.844
-0.313, 0.124, 0.841
-0.318, 0.124, 0.841
-0.311, 0.129, 0.838
-0.310, 0.134, 0.834
-0.308, 0.139, 0.829
-0.312, 0.144, 0.825
-0.318, 0.144, 0.825
-0.323, 0.144, 0.825
-0.329, 0.144, 0.826
-0.333, 0.149, 0.823
-0.338, 0.148, 0.822
-0.343, 0.148, 0.821
-0.349, 0.148, 0.821
-0.356, 0.144, 0.825
-0.364, 0.139, 0.832
-0.371, 0.140, 0.835
-0.378, 0.140, 0.838
-0.382, 0.145, 0.835
-0.381, 0.150, 0.832
-0.385, 0.155, 0.829
-0.393, 0.151, 0.834
-0.404, 0.147, 0.845
-0.410, 0.147, 0.846
-0.418, 0.143, 0.851
-0.422, 0.148, 0.848
-0.429, 0.148, 0.850
-0.435, 0.148, 0.851
-0.444, 0.144, 0.858
-0.447, 0.139, 0.864
-0.451, 0.134, 0.870
-0.453, 0.129, 0.875
-0.456, 0.124, 0.881
-0.459, 0.119, 0.887
-0.462, 0.114, 0.893
-0.466, 0.109, 0.899
-0.468, 0.103, 0.905
-0.472, 0.098, 0.912
-0.476, 0.093, 0.920
-0.481, 0.088, 0.929
-0.486, 0.082, 0.939
-0.491, 0.077, 0.948
-0.495, 0.071, 0.957
-0.498, 0.065, 0.962
-0.502, 0.059, 0.970
-0.507, 0.054, 0.979
-0.513, 0.048, 0.990
-0.504, 0.047, 0.986
-0.502, 0.041, 0.995
-0.506, 0.035, 1.003
-0.497, 0.047, 0.986
-0.493, 0.053, 0.977
-0.496, 0.059, 0.970
-0.489, 0.059, 0.969
-0.454, 0.119, 0.887
-0.450, 0.114, 0.891
-0.452, 0.108, 0.896
-0.445, 0.108, 0.893
-0.438, 0.108, 0.891
-0.436, 0.113, 0.887
-0.440, 0.119, 0.885
-0.447, 0.119, 0.887
-0.445, 0.124, 0.882
-0.447, 0.129, 0.875
-0.441, 0.129, 0.875
-0.438, 0.124, 0.880
-0.435, 0.129, 0.873
-0.431, 0.133, 0.865
-0.423, 0.133, 0.861
-0.420, 0.137, 0.855
-0.416, 0.132, 0.858
-0.421, 0.128, 0.868
-0.432, 0.124, 0.879
-0.434, 0.119, 0.883
-0.425, 0.123, 0.876
-0.409, 0.132, 0.856
-0.413, 0.137, 0.853
-0.406, 0.142, 0.849
-0.401, 0.137, 0.851
-0.403, 0.132, 0.855
-0.399, 0.142, 0.846
-0.396, 0.146, 0.840
-0.442, 0.148, 0.853
-0.416, 0.148, 0.847
-0.397, 0.156, 0.831
-0.391, 0.155, 0.830
-0.384, 0.160, 0.826
-0.383, 0.165, 0.823
-0.389, 0.171, 0.824
-0.394, 0.171, 0.825
-0.400, 0.171, 0.826
-0.406, 0.171, 0.826
-0.412, 0.171, 0.827
-0.418, 0.172, 0.828
-0.424, 0.172, 0.830
-0.431, 0.167, 0.833
-0.430, 0.172, 0.831
-0.416, 0.176, 0.825
-0.410, 0.176, 0.824
-0.405, 0.176, 0.824
-0.404, 0.181, 0.822
-0.403, 0.186, 0.820
-0.398, 0.186, 0.820
-0.399, 0.176, 0.824
-0.394, 0.176, 0.825
-0.389, 0.176, 0.824
-0.382, 0.170, 0.822
-0.376, 0.170, 0.820
-0.370, 0.164, 0.820
-0.371, 0.159, 0.822
-0.379, 0.155, 0.828
-0.372, 0.155, 0.825
-0.364, 0.159, 0.819
-0.359, 0.153, 0.819
-0.354, 0.148, 0.820
-0.353, 0.153, 0.819
-0.370, 0.170, 0.819
-0.376, 0.145, 0.834
-0.368, 0.135, 0.839
-0.371, 0.131, 0.846
-0.365, 0.130, 0.846
-0.359, 0.130, 0.845
-0.356, 0.135, 0.838
-0.358, 0.139, 0.830
-0.353, 0.139, 0.830
-0.342, 0.153, 0.819
-0.337, 0.154, 0.820
-0.337, 0.159, 0.818
-0.342, 0.164, 0.817
-0.348, 0.164, 0.818
-0.336, 0.164, 0.818
-0.328, 0.149, 0.823
-0.317, 0.149, 0.822
-0.316, 0.154, 0.820
-0.311, 0.149, 0.822
-0.307, 0.144, 0.825
-0.303, 0.139, 0.830
-0.306, 0.129, 0.837
-0.307, 0.124, 0.841
-0.300, 0.129, 0.837
-0.295, 0.129, 0.838
-0.290, 0.124, 0.841
-0.291, 0.119, 0.844
-0.292, 0.114, 0.847
-0.293, 0.109, 0.850
-0.295, 0.103, 0.855
-0.297, 0.098, 0.860
-0.299, 0.093, 0.865
-0.307, 0.088, 0.872
-0.294, 0.088, 0.868
-0.288, 0.088, 0.868
-0.281, 0.093, 0.864
-0.285, 0.098, 0.860
-0.289, 0.103, 0.855
-0.280, 0.099, 0.862
-0.277, 0.088, 0.869
-0.278, 0.083, 0.873
-0.280, 0.077, 0.878
-0.282, 0.072, 0.884
-0.271, 0.094, 0.869
-0.267, 0.094, 0.873
-0.266, 0.100, 0.871
-0.270, 0.105, 0.866
-0.270, 0.110, 0.864
-0.269, 0.116, 0.862
-0.265, 0.105, 0.869
-0.261, 0.106, 0.875
-0.257, 0.101, 0.881
-0.263, 0.095, 0.879
-0.263, 0.089, 0.882
-0.269, 0.083, 0.882
-0.270, 0.078, 0.886
-0.264, 0.084, 0.885
-0.260, 0.078, 0.891
-0.259, 0.084, 0.888
-0.255, 0.084, 0.892
-0.254, 0.090, 0.889
-0.258, 0.095, 0.883
-0.253, 0.095, 0.886
-0.252, 0.101, 0.884
-0.257, 0.106, 0.880
-0.257, 0.112, 0.880
-0.262, 0.118, 0.877
-0.257, 0.124, 0.881
-0.261, 0.129, 0.874
-0.265, 0.128, 0.868
-0.269, 0.127, 0.863
-0.269, 0.133, 0.861
-0.268, 0.138, 0.858
-0.265, 0.134, 0.868
-0.261, 0.140, 0.873
-0.257, 0.147, 0.879
-0.257, 0.130, 0.880
-0.252, 0.131, 0.885
-0.247, 0.125, 0.888
-0.252, 0.119, 0.884
-0.252, 0.113, 0.884
-0.252, 0.107, 0.884
-0.247, 0.107, 0.887
-0.247, 0.113, 0.887
-0.247, 0.119, 0.887
-0.242, 0.114, 0.891
-0.242, 0.120, 0.891
-0.238, 0.120, 0.895
-0.233, 0.121, 0.901
-0.234, 0.127, 0.902
-0.238, 0.133, 0.898
-0.244, 0.138, 0.895
-0.248, 0.131, 0.889
-0.248, 0.137, 0.890
-0.239, 0.139, 0.900
-0.234, 0.133, 0.903
-0.238, 0.108, 0.895
-0.243, 0.102, 0.892
-0.248, 0.096, 0.889
-0.244, 0.091, 0.897
-0.250, 0.085, 0.897
-0.251, 0.079, 0.901
-0.252, 0.073, 0.903
-0.257, 0.067, 0.901
-0.258, 0.061, 0.904
-0.254, 0.056, 0.911
-0.255, 0.050, 0.916
-0.253, 0.062, 0.907
-0.252, 0.067, 0.905
-0.247, 0.074, 0.907
-0.243, 0.068, 0.917
-0.244, 0.063, 0.920
-0.245, 0.057, 0.923
-0.240, 0.057, 0.928
-0.235, 0.057, 0.934
-0.235, 0.063, 0.931
-0.238, 0.069, 0.920
-0.242, 0.074, 0.913
-0.241, 0.080, 0.910
-0.245, 0.085, 0.902
-0.240, 0.091, 0.902
-0.243, 0.096, 0.893
-0.239, 0.097, 0.899
-0.238, 0.102, 0.896
-0.233, 0.103, 0.901
-0.233, 0.109, 0.900
-0.229, 0.110, 0.907
-0.224, 0.111, 0.914
-0.230, 0.098, 0.914
-0.235, 0.092, 0.909
-0.231, 0.087, 0.918
-0.237, 0.080, 0.914
-0.233, 0.075, 0.922
-0.234, 0.069, 0.927
-0.230, 0.064, 0.939
-0.231, 0.058, 0.941
-0.230, 0.070, 0.936
-0.232, 0.081, 0.919
-0.228, 0.082, 0.928
-0.231, 0.093, 0.916
-0.227, 0.100, 0.925
-0.290, 0.129, 0.839
-0.288, 0.134, 0.835
-0.292, 0.139, 0.829
-0.306, 0.103, 0.855
-0.367, 0.074, 0.905
-0.349, 0.084, 0.890
-0.342, 0.084, 0.888
-0.339, 0.089, 0.881
-0.336, 0.084, 0.887
-0.338, 0.078, 0.893
-0.333, 0.073, 0.896
-0.332, 0.078, 0.892
-0.326, 0.073, 0.894
-0.320, 0.072, 0.892
-0.313, 0.072, 0.890
-0.311, 0.078, 0.883
-0.325, 0.094, 0.874
-0.291, 0.077, 0.878
-0.285, 0.061, 0.896
-0.273, 0.067, 0.894
-0.274, 0.061, 0.898
-0.275, 0.055, 0.902
-0.277, 0.050, 0.906
RegionID:10
Center:0.096,0.049,1.020
Normal:0.428,0.787,-0.444
NumPatches:37
0.128, 0.092, 1.135
0.118, 0.090, 1.106
0.119, 0.098, 1.118
0.127, 0.084, 1.125
0.115, 0.074, 1.084
0.124, 0.067, 1.098
0.111, 0.057, 1.043
0.101, 0.049, 1.015
0.094, 0.049, 1.010
0.088, 0.056, 1.016
0.081, 0.055, 1.011
0.073, 0.048, 0.999
0.066, 0.048, 0.994
0.060, 0.055, 0.998
0.053, 0.061, 1.002
0.060, 0.062, 1.007
0.067, 0.055, 1.002
0.067, 0.062, 1.011
0.074, 0.055, 1.007
0.072, 0.041, 0.989
0.072, 0.034, 0.980
0.079, 0.034, 0.986
0.086, 0.035, 0.992
0.092, 0.028, 0.987
0.093, 0.035, 0.996
0.099, 0.028, 0.992
0.106, 0.028, 0.997
0.113, 0.028, 1.001
0.119, 0.021, 0.997
0.121, 0.028, 1.007
0.122, 0.035, 1.018
0.115, 0.042, 1.020
0.108, 0.042, 1.011
0.109, 0.049, 1.022
0.121, 0.058, 1.069
0.123, 0.043, 1.028
0.095, 0.056, 1.022
RegionID:11
Center:0.545,0.120,1.133
Normal:0.071,-0.435,-0.898
NumPatches:57
0.583, 0.108, 1.141
0.585, 0.100, 1.144
0.579, 0.093, 1.148
0.573, 0.086, 1.151
0.565, 0.086, 1.150
0.559, 0.078, 1.153
0.552, 0.078, 1.154
0.546, 0.071, 1.158
0.539, 0.071, 1.159
0.532, 0.071, 1.160
0.522, 0.078, 1.155
0.519, 0.086, 1.149
0.508, 0.093, 1.141
0.507, 0.100, 1.138
0.498, 0.107, 1.136
0.490, 0.115, 1.134
0.488, 0.122, 1.130
0.497, 0.115, 1.133
0.495, 0.122, 1.130
0.503, 0.122, 1.130
0.501, 0.129, 1.126
0.509, 0.129, 1.126
0.516, 0.129, 1.126
0.515, 0.136, 1.123
0.522, 0.136, 1.123
0.530, 0.136, 1.124
0.529, 0.143, 1.121
0.536, 0.143, 1.121
0.535, 0.150, 1.118
0.533, 0.157, 1.114
0.540, 0.157, 1.114
0.548, 0.157, 1.115
0.546, 0.164, 1.111
0.555, 0.164, 1.113
0.553, 0.171, 1.110
0.551, 0.178, 1.107
0.559, 0.178, 1.107
0.568, 0.171, 1.111
0.570, 0.164, 1.114
0.571, 0.157, 1.117
0.573, 0.150, 1.121
0.575, 0.144, 1.124
0.577, 0.137, 1.129
0.580, 0.130, 1.133
0.581, 0.122, 1.136
0.582, 0.115, 1.138
0.566, 0.178, 1.107
0.506, 0.107, 1.136
0.516, 0.093, 1.143
0.527, 0.086, 1.150
0.529, 0.078, 1.154
0.535, 0.086, 1.151
0.543, 0.086, 1.151
0.550, 0.086, 1.150
0.558, 0.086, 1.150
0.572, 0.093, 1.148
0.587, 0.093, 1.148
RegionID:12
Center:-0.066,0.234,0.966
Normal:-0.262,-0.352,-0.899
NumPatches:144
-0.111, 0.354, 0.933
-0.118, 0.355, 0.934
-0.124, 0.355, 0.935
-0.130, 0.355, 0.936
-0.137, 0.356, 0.937
-0.143, 0.357, 0.939
-0.151, 0.353, 0.946
-0.157, 0.354, 0.948
-0.157, 0.359, 0.945
-0.150, 0.358, 0.942
-0.151, 0.348, 0.949
-0.145, 0.341, 0.948
-0.145, 0.336, 0.950
-0.139, 0.329, 0.950
-0.138, 0.335, 0.948
-0.132, 0.329, 0.949
-0.132, 0.323, 0.951
-0.133, 0.317, 0.952
-0.126, 0.311, 0.952
-0.127, 0.305, 0.955
-0.127, 0.300, 0.958
-0.121, 0.294, 0.959
-0.120, 0.300, 0.956
-0.114, 0.294, 0.957
-0.115, 0.288, 0.960
-0.115, 0.282, 0.962
-0.108, 0.276, 0.962
-0.115, 0.271, 0.966
-0.109, 0.264, 0.966
-0.109, 0.270, 0.965
-0.102, 0.264, 0.964
-0.102, 0.258, 0.966
-0.096, 0.252, 0.967
-0.096, 0.258, 0.965
-0.090, 0.252, 0.966
-0.090, 0.246, 0.969
-0.090, 0.240, 0.970
-0.084, 0.234, 0.972
-0.084, 0.228, 0.974
-0.077, 0.221, 0.975
-0.078, 0.215, 0.977
-0.071, 0.209, 0.977
-0.071, 0.215, 0.975
-0.065, 0.208, 0.975
-0.065, 0.203, 0.977
-0.065, 0.197, 0.980
-0.058, 0.190, 0.981
-0.059, 0.184, 0.983
-0.052, 0.178, 0.984
-0.052, 0.184, 0.982
-0.045, 0.178, 0.983
-0.046, 0.172, 0.985
-0.046, 0.165, 0.988
-0.039, 0.159, 0.987
-0.039, 0.153, 0.989
-0.033, 0.146, 0.989
-0.033, 0.152, 0.987
-0.026, 0.146, 0.987
-0.026, 0.139, 0.990
-0.026, 0.133, 0.992
-0.020, 0.127, 0.994
-0.020, 0.121, 0.997
-0.013, 0.114, 0.999
-0.013, 0.108, 1.003
-0.006, 0.101, 1.002
-0.006, 0.095, 1.004
0.000, 0.095, 1.002
0.007, 0.095, 1.000
0.013, 0.094, 0.998
0.013, 0.101, 0.996
0.020, 0.100, 0.994
0.020, 0.107, 0.991
0.020, 0.113, 0.989
0.013, 0.119, 0.987
0.013, 0.126, 0.985
0.007, 0.132, 0.985
0.007, 0.139, 0.983
0.000, 0.145, 0.982
-0.006, 0.151, 0.981
-0.006, 0.157, 0.979
-0.013, 0.164, 0.979
-0.019, 0.170, 0.979
-0.019, 0.176, 0.976
-0.019, 0.182, 0.973
-0.026, 0.189, 0.973
-0.026, 0.195, 0.970
-0.032, 0.201, 0.969
-0.032, 0.207, 0.967
-0.038, 0.213, 0.965
-0.045, 0.219, 0.964
-0.045, 0.225, 0.962
-0.051, 0.231, 0.962
-0.057, 0.238, 0.963
-0.057, 0.244, 0.961
-0.057, 0.250, 0.959
-0.063, 0.256, 0.958
-0.070, 0.262, 0.957
-0.070, 0.268, 0.955
-0.069, 0.273, 0.953
-0.076, 0.280, 0.952
-0.076, 0.285, 0.950
-0.082, 0.291, 0.948
-0.088, 0.297, 0.947
-0.088, 0.302, 0.944
-0.094, 0.308, 0.944
-0.094, 0.314, 0.942
-0.100, 0.320, 0.942
-0.100, 0.326, 0.940
-0.106, 0.332, 0.940
-0.106, 0.337, 0.938
-0.112, 0.343, 0.937
-0.112, 0.349, 0.935
-0.105, 0.343, 0.936
-0.099, 0.331, 0.938
-0.093, 0.320, 0.940
-0.087, 0.308, 0.942
-0.081, 0.296, 0.945
-0.075, 0.290, 0.947
-0.069, 0.279, 0.951
-0.063, 0.261, 0.955
-0.057, 0.255, 0.956
-0.051, 0.237, 0.960
-0.044, 0.231, 0.960
-0.038, 0.219, 0.963
-0.032, 0.213, 0.965
-0.026, 0.201, 0.968
-0.019, 0.188, 0.971
-0.013, 0.170, 0.977
-0.006, 0.164, 0.977
0.000, 0.151, 0.980
0.007, 0.145, 0.981
0.013, 0.132, 0.984
0.020, 0.119, 0.986
0.026, 0.107, 0.990
-0.006, 0.108, 1.001
-0.013, 0.120, 0.996
-0.020, 0.133, 0.991
-0.039, 0.165, 0.985
-0.058, 0.196, 0.979
-0.077, 0.227, 0.973
-0.084, 0.240, 0.970
-0.108, 0.282, 0.960
-0.126, 0.317, 0.950
-0.144, 0.347, 0.946
RegionID:13
Center:0.432,0.226,1.292
Normal:-0.066,-0.612,-0.788
NumPatches:42
0.379, 0.226, 1.298
0.385, 0.233, 1.288
0.395, 0.225, 1.292
0.397, 0.217, 1.298
0.405, 0.217, 1.298
0.404, 0.225, 1.292
0.415, 0.218, 1.301
0.417, 0.210, 1.307
0.419, 0.202, 1.313
0.420, 0.194, 1.317
0.429, 0.194, 1.317
0.427, 0.202, 1.312
0.433, 0.209, 1.302
0.431, 0.217, 1.298
0.421, 0.225, 1.294
0.413, 0.225, 1.294
0.429, 0.225, 1.292
0.428, 0.233, 1.288
0.418, 0.240, 1.283
0.410, 0.241, 1.285
0.400, 0.248, 1.280
0.391, 0.248, 1.279
0.426, 0.240, 1.283
0.423, 0.247, 1.273
0.438, 0.225, 1.291
0.440, 0.217, 1.297
0.450, 0.210, 1.303
0.449, 0.217, 1.298
0.446, 0.225, 1.291
0.444, 0.232, 1.286
0.443, 0.240, 1.282
0.453, 0.232, 1.285
0.455, 0.225, 1.291
0.457, 0.217, 1.298
0.463, 0.224, 1.289
0.461, 0.232, 1.284
0.459, 0.240, 1.279
0.469, 0.232, 1.282
0.470, 0.224, 1.286
0.467, 0.240, 1.278
0.475, 0.239, 1.277
0.484, 0.239, 1.278
RegionID:14
Center:-0.274,0.270,0.901
Normal:0.477,0.471,-0.742
NumPatches:245
-0.346, 0.213, 0.840
-0.339, 0.207, 0.836
-0.330, 0.199, 0.829
-0.329, 0.193, 0.826
-0.328, 0.187, 0.824
-0.327, 0.181, 0.822
-0.322, 0.187, 0.822
-0.324, 0.193, 0.826
-0.325, 0.199, 0.829
-0.333, 0.206, 0.835
-0.330, 0.214, 0.844
-0.338, 0.221, 0.849
-0.332, 0.221, 0.848
-0.324, 0.214, 0.843
-0.322, 0.207, 0.836
-0.319, 0.199, 0.830
-0.318, 0.193, 0.826
-0.312, 0.193, 0.825
-0.307, 0.193, 0.825
-0.300, 0.187, 0.822
-0.299, 0.181, 0.819
-0.293, 0.175, 0.819
-0.294, 0.181, 0.821
-0.295, 0.187, 0.824
-0.302, 0.193, 0.826
-0.296, 0.193, 0.827
-0.298, 0.200, 0.831
-0.300, 0.207, 0.836
-0.307, 0.213, 0.841
-0.313, 0.214, 0.842
-0.320, 0.220, 0.847
-0.326, 0.220, 0.847
-0.315, 0.220, 0.847
-0.311, 0.228, 0.853
-0.306, 0.228, 0.854
-0.307, 0.234, 0.857
-0.313, 0.240, 0.857
-0.318, 0.240, 0.856
-0.319, 0.246, 0.859
-0.316, 0.254, 0.865
-0.322, 0.260, 0.867
-0.327, 0.259, 0.864
-0.333, 0.265, 0.864
-0.334, 0.272, 0.867
-0.335, 0.278, 0.870
-0.340, 0.284, 0.869
-0.343, 0.275, 0.860
-0.346, 0.268, 0.855
-0.352, 0.274, 0.856
-0.357, 0.273, 0.854
-0.358, 0.280, 0.856
-0.363, 0.285, 0.855
-0.368, 0.284, 0.852
-0.373, 0.290, 0.852
-0.379, 0.296, 0.853
-0.383, 0.294, 0.850
-0.388, 0.300, 0.848
-0.384, 0.301, 0.852
-0.385, 0.307, 0.853
-0.386, 0.313, 0.855
-0.387, 0.320, 0.858
-0.393, 0.326, 0.858
-0.397, 0.319, 0.854
-0.397, 0.325, 0.855
-0.389, 0.327, 0.862
-0.385, 0.329, 0.866
-0.381, 0.330, 0.870
-0.377, 0.332, 0.874
-0.372, 0.332, 0.876
-0.368, 0.334, 0.879
-0.362, 0.328, 0.880
-0.364, 0.336, 0.884
-0.358, 0.330, 0.884
-0.353, 0.331, 0.886
-0.349, 0.332, 0.891
-0.345, 0.334, 0.895
-0.346, 0.341, 0.899
-0.342, 0.343, 0.903
-0.337, 0.344, 0.907
-0.330, 0.338, 0.905
-0.333, 0.346, 0.911
-0.326, 0.339, 0.909
-0.320, 0.333, 0.908
-0.321, 0.341, 0.914
-0.323, 0.348, 0.917
-0.318, 0.349, 0.920
-0.312, 0.343, 0.921
-0.316, 0.335, 0.914
-0.311, 0.337, 0.919
-0.307, 0.338, 0.924
-0.301, 0.333, 0.924
-0.299, 0.324, 0.919
-0.294, 0.326, 0.922
-0.289, 0.327, 0.926
-0.290, 0.334, 0.930
-0.298, 0.342, 0.934
-0.302, 0.341, 0.930
-0.301, 0.352, 0.944
-0.304, 0.362, 0.953
-0.285, 0.336, 0.933
-0.280, 0.338, 0.939
-0.276, 0.341, 0.947
-0.269, 0.333, 0.942
-0.267, 0.324, 0.936
-0.266, 0.317, 0.933
-0.265, 0.310, 0.930
-0.264, 0.303, 0.926
-0.259, 0.304, 0.929
-0.254, 0.305, 0.932
-0.255, 0.312, 0.936
-0.261, 0.318, 0.936
-0.256, 0.320, 0.942
-0.259, 0.330, 0.951
-0.265, 0.336, 0.952
-0.273, 0.344, 0.956
-0.252, 0.322, 0.948
-0.247, 0.325, 0.956
-0.250, 0.335, 0.967
-0.244, 0.328, 0.966
-0.241, 0.318, 0.955
-0.243, 0.307, 0.940
-0.248, 0.299, 0.934
-0.247, 0.291, 0.930
-0.242, 0.293, 0.934
-0.236, 0.294, 0.937
-0.237, 0.301, 0.941
-0.239, 0.309, 0.946
-0.234, 0.311, 0.953
-0.229, 0.313, 0.957
-0.232, 0.323, 0.970
-0.227, 0.326, 0.979
-0.221, 0.320, 0.980
-0.218, 0.309, 0.966
-0.210, 0.301, 0.961
-0.214, 0.291, 0.947
-0.219, 0.283, 0.942
-0.218, 0.276, 0.939
-0.212, 0.269, 0.938
-0.213, 0.276, 0.942
-0.207, 0.271, 0.943
-0.201, 0.272, 0.948
-0.196, 0.273, 0.952
-0.197, 0.280, 0.956
-0.202, 0.286, 0.953
-0.207, 0.284, 0.947
-0.208, 0.292, 0.951
-0.203, 0.293, 0.957
-0.197, 0.288, 0.959
-0.192, 0.290, 0.965
-0.186, 0.283, 0.965
-0.185, 0.276, 0.961
-0.184, 0.268, 0.957
-0.178, 0.262, 0.959
-0.178, 0.255, 0.956
-0.172, 0.256, 0.959
-0.166, 0.257, 0.962
-0.166, 0.264, 0.965
-0.160, 0.258, 0.965
-0.159, 0.250, 0.962
-0.165, 0.242, 0.955
-0.164, 0.235, 0.951
-0.169, 0.227, 0.942
-0.174, 0.218, 0.934
-0.173, 0.211, 0.931
-0.172, 0.204, 0.927
-0.177, 0.196, 0.918
-0.181, 0.189, 0.910
-0.187, 0.188, 0.908
-0.193, 0.194, 0.907
-0.198, 0.193, 0.904
-0.204, 0.199, 0.903
-0.209, 0.205, 0.901
-0.214, 0.204, 0.897
-0.220, 0.210, 0.897
-0.226, 0.209, 0.896
-0.232, 0.215, 0.896
-0.237, 0.214, 0.891
-0.241, 0.207, 0.885
-0.246, 0.206, 0.881
-0.246, 0.212, 0.883
-0.247, 0.219, 0.885
-0.252, 0.224, 0.884
-0.257, 0.223, 0.881
-0.261, 0.216, 0.875
-0.266, 0.215, 0.870
-0.271, 0.221, 0.869
-0.277, 0.226, 0.869
-0.282, 0.225, 0.866
-0.286, 0.224, 0.862
-0.290, 0.223, 0.858
-0.295, 0.222, 0.854
-0.297, 0.214, 0.843
-0.302, 0.213, 0.841
-0.295, 0.207, 0.837
-0.301, 0.228, 0.856
-0.296, 0.229, 0.858
-0.273, 0.228, 0.875
-0.267, 0.222, 0.875
-0.268, 0.229, 0.879
-0.263, 0.229, 0.881
-0.258, 0.230, 0.884
-0.247, 0.225, 0.887
-0.241, 0.213, 0.887
-0.227, 0.216, 0.899
-0.215, 0.210, 0.900
-0.204, 0.206, 0.905
-0.198, 0.200, 0.906
-0.187, 0.195, 0.911
-0.181, 0.182, 0.907
-0.175, 0.183, 0.910
-0.176, 0.189, 0.914
-0.171, 0.197, 0.923
-0.168, 0.219, 0.938
-0.163, 0.228, 0.946
-0.159, 0.243, 0.959
-0.179, 0.270, 0.962
-0.173, 0.278, 0.968
-0.180, 0.284, 0.969
-0.187, 0.291, 0.970
-0.189, 0.302, 0.985
-0.198, 0.311, 0.993
-0.202, 0.308, 0.982
-0.209, 0.315, 0.985
-0.214, 0.313, 0.977
-0.205, 0.319, 0.995
-0.219, 0.290, 0.945
-0.223, 0.329, 0.987
-0.249, 0.306, 0.936
-0.313, 0.352, 0.926
-0.375, 0.296, 0.855
-0.369, 0.290, 0.855
-0.359, 0.286, 0.859
-0.353, 0.280, 0.858
-0.348, 0.281, 0.861
-0.344, 0.282, 0.864
-0.336, 0.285, 0.873
-0.328, 0.266, 0.867
-0.317, 0.261, 0.869
-0.311, 0.254, 0.867
-0.304, 0.248, 0.865
-0.308, 0.241, 0.859
-0.303, 0.241, 0.861
-0.306, 0.255, 0.870
-0.288, 0.175, 0.820
-0.285, 0.182, 0.824
RegionID:15
Center:0.190,0.297,1.128
Normal:0.560,0.092,-0.823
NumPatches:53
0.195, 0.263, 1.126
0.186, 0.254, 1.120
0.178, 0.246, 1.116
0.170, 0.245, 1.109
0.161, 0.251, 1.104
0.153, 0.249, 1.097
0.145, 0.255, 1.092
0.154, 0.257, 1.100
0.154, 0.264, 1.100
0.154, 0.272, 1.100
0.162, 0.273, 1.104
0.162, 0.280, 1.105
0.170, 0.282, 1.113
0.171, 0.290, 1.116
0.171, 0.299, 1.118
0.179, 0.300, 1.123
0.179, 0.308, 1.124
0.179, 0.315, 1.124
0.179, 0.323, 1.124
0.188, 0.325, 1.132
0.188, 0.333, 1.133
0.197, 0.327, 1.140
0.197, 0.334, 1.139
0.197, 0.342, 1.138
0.197, 0.349, 1.137
0.205, 0.343, 1.142
0.205, 0.350, 1.142
0.214, 0.344, 1.147
0.214, 0.352, 1.148
0.222, 0.346, 1.154
0.222, 0.339, 1.154
0.214, 0.330, 1.151
0.206, 0.321, 1.145
0.205, 0.313, 1.142
0.213, 0.305, 1.143
0.205, 0.297, 1.139
0.196, 0.287, 1.133
0.196, 0.279, 1.131
0.195, 0.271, 1.128
0.186, 0.262, 1.121
0.204, 0.289, 1.138
0.213, 0.298, 1.144
0.213, 0.313, 1.146
0.206, 0.329, 1.145
0.223, 0.331, 1.155
0.232, 0.333, 1.162
0.232, 0.341, 1.161
0.232, 0.349, 1.162
0.223, 0.354, 1.155
0.232, 0.357, 1.163
0.170, 0.252, 1.111
0.178, 0.238, 1.115
0.186, 0.247, 1.119
RegionID:16
Center:-0.412,0.219,0.830
Normal:0.064,0.491,-0.869
NumPatches:37
-0.424, 0.197, 0.819
-0.419, 0.197, 0.819
-0.414, 0.203, 0.820
-0.419, 0.208, 0.820
-0.414, 0.208, 0.821
-0.409, 0.203, 0.821
-0.408, 0.197, 0.820
-0.404, 0.198, 0.822
-0.404, 0.203, 0.823
-0.409, 0.208, 0.822
-0.405, 0.215, 0.825
-0.413, 0.222, 0.830
-0.421, 0.228, 0.834
-0.426, 0.228, 0.833
-0.431, 0.228, 0.832
-0.433, 0.234, 0.836
-0.435, 0.241, 0.841
-0.437, 0.248, 0.845
-0.431, 0.242, 0.843
-0.423, 0.235, 0.839
-0.426, 0.242, 0.844
-0.418, 0.235, 0.840
-0.416, 0.229, 0.835
-0.410, 0.229, 0.835
-0.413, 0.235, 0.840
-0.405, 0.229, 0.836
-0.402, 0.222, 0.830
-0.400, 0.215, 0.825
-0.394, 0.209, 0.823
-0.395, 0.215, 0.825
-0.389, 0.209, 0.824
-0.388, 0.203, 0.823
-0.387, 0.197, 0.821
-0.382, 0.192, 0.821
-0.400, 0.229, 0.837
-0.408, 0.236, 0.841
-0.403, 0.236, 0.843
