NumRegions:15
RegionID:0
Center:0.280,-0.300,1.116
Normal:0.270,0.706,-0.655
NumPatches:391
0.139, -0.205, 1.157
0.146, -0.212, 1.153
0.137, -0.219, 1.146
0.144, -0.225, 1.141
0.135, -0.230, 1.128
0.127, -0.237, 1.123
0.126, -0.243, 1.117
0.133, -0.249, 1.112
0.132, -0.255, 1.105
0.124, -0.259, 1.094
0.123, -0.265, 1.086
0.122, -0.271, 1.081
0.129, -0.277, 1.079
0.121, -0.281, 1.067
0.120, -0.287, 1.063
0.120, -0.294, 1.060
0.119, -0.299, 1.056
0.126, -0.305, 1.052
0.127, -0.300, 1.057
0.133, -0.305, 1.052
0.140, -0.306, 1.053
0.147, -0.306, 1.055
0.155, -0.307, 1.056
0.161, -0.313, 1.053
0.162, -0.307, 1.058
0.168, -0.313, 1.055
0.176, -0.314, 1.057
0.183, -0.314, 1.059
0.189, -0.320, 1.055
0.190, -0.315, 1.061
0.197, -0.321, 1.057
0.196, -0.326, 1.052
0.204, -0.322, 1.060
0.212, -0.323, 1.063
0.218, -0.329, 1.060
0.219, -0.323, 1.065
0.221, -0.318, 1.070
0.222, -0.313, 1.078
0.224, -0.308, 1.085
0.225, -0.302, 1.091
0.218, -0.296, 1.094
0.209, -0.301, 1.086
0.202, -0.300, 1.084
0.194, -0.299, 1.081
0.195, -0.294, 1.086
0.188, -0.287, 1.090
0.190, -0.282, 1.097
0.183, -0.276, 1.101
0.174, -0.280, 1.090
0.166, -0.286, 1.084
0.157, -0.290, 1.074
0.149, -0.289, 1.070
0.142, -0.288, 1.066
0.135, -0.288, 1.065
0.127, -0.288, 1.064
0.128, -0.282, 1.071
0.137, -0.278, 1.081
0.130, -0.271, 1.083
0.130, -0.266, 1.089
0.131, -0.260, 1.098
0.138, -0.266, 1.092
0.145, -0.272, 1.086
0.144, -0.278, 1.082
0.143, -0.283, 1.074
0.146, -0.267, 1.095
0.147, -0.262, 1.105
0.140, -0.256, 1.109
0.148, -0.256, 1.111
0.154, -0.268, 1.100
0.160, -0.275, 1.097
0.159, -0.280, 1.089
0.158, -0.285, 1.082
0.168, -0.275, 1.098
0.162, -0.269, 1.104
0.170, -0.263, 1.110
0.171, -0.258, 1.119
0.164, -0.251, 1.122
0.165, -0.245, 1.127
0.166, -0.239, 1.133
0.174, -0.239, 1.136
0.181, -0.246, 1.134
0.172, -0.252, 1.127
0.180, -0.253, 1.129
0.188, -0.253, 1.129
0.194, -0.259, 1.122
0.185, -0.264, 1.114
0.178, -0.264, 1.112
0.184, -0.270, 1.108
0.175, -0.275, 1.098
0.191, -0.277, 1.106
0.199, -0.278, 1.110
0.207, -0.279, 1.112
0.208, -0.272, 1.117
0.201, -0.265, 1.119
0.193, -0.264, 1.115
0.209, -0.266, 1.122
0.216, -0.273, 1.118
0.215, -0.279, 1.113
0.220, -0.284, 1.105
0.211, -0.289, 1.096
0.204, -0.288, 1.093
0.196, -0.288, 1.092
0.210, -0.295, 1.090
0.219, -0.290, 1.100
0.226, -0.297, 1.098
0.234, -0.298, 1.102
0.242, -0.299, 1.105
0.243, -0.293, 1.109
0.236, -0.285, 1.110
0.228, -0.285, 1.107
0.230, -0.279, 1.114
0.223, -0.273, 1.119
0.231, -0.273, 1.121
0.232, -0.267, 1.128
0.234, -0.262, 1.136
0.236, -0.257, 1.146
0.238, -0.250, 1.153
0.230, -0.243, 1.154
0.224, -0.237, 1.161
0.216, -0.236, 1.159
0.207, -0.235, 1.153
0.199, -0.234, 1.149
0.192, -0.228, 1.153
0.184, -0.228, 1.153
0.177, -0.221, 1.158
0.169, -0.221, 1.156
0.161, -0.220, 1.153
0.153, -0.219, 1.150
0.145, -0.219, 1.148
0.154, -0.213, 1.155
0.185, -0.221, 1.158
0.200, -0.228, 1.154
0.232, -0.237, 1.162
0.239, -0.244, 1.158
0.246, -0.251, 1.157
0.247, -0.245, 1.162
0.254, -0.252, 1.158
0.252, -0.257, 1.150
0.242, -0.262, 1.138
0.250, -0.263, 1.142
0.258, -0.270, 1.139
0.248, -0.275, 1.130
0.239, -0.274, 1.125
0.254, -0.281, 1.124
0.244, -0.286, 1.113
0.252, -0.287, 1.117
0.259, -0.294, 1.114
0.250, -0.299, 1.107
0.256, -0.305, 1.099
0.246, -0.309, 1.089
0.239, -0.308, 1.087
0.231, -0.308, 1.087
0.245, -0.315, 1.085
0.237, -0.320, 1.079
0.229, -0.319, 1.075
0.244, -0.320, 1.079
0.254, -0.309, 1.091
0.258, -0.299, 1.108
0.265, -0.300, 1.109
0.272, -0.307, 1.107
0.271, -0.312, 1.100
0.268, -0.316, 1.090
0.267, -0.322, 1.084
0.265, -0.328, 1.079
0.257, -0.333, 1.072
0.249, -0.331, 1.069
0.241, -0.331, 1.066
0.233, -0.330, 1.064
0.226, -0.329, 1.062
0.263, -0.339, 1.069
0.264, -0.333, 1.075
0.271, -0.340, 1.073
0.279, -0.340, 1.075
0.284, -0.346, 1.069
0.283, -0.351, 1.064
0.290, -0.351, 1.065
0.298, -0.352, 1.066
0.305, -0.352, 1.068
0.313, -0.353, 1.071
0.321, -0.354, 1.074
0.329, -0.355, 1.077
0.335, -0.361, 1.074
0.337, -0.356, 1.079
0.343, -0.362, 1.075
0.345, -0.357, 1.082
0.347, -0.352, 1.088
0.341, -0.346, 1.091
0.333, -0.345, 1.089
0.325, -0.344, 1.085
0.317, -0.343, 1.083
0.309, -0.342, 1.080
0.311, -0.338, 1.088
0.305, -0.331, 1.092
0.296, -0.330, 1.088
0.289, -0.330, 1.086
0.281, -0.329, 1.084
0.273, -0.328, 1.081
0.282, -0.323, 1.090
0.276, -0.318, 1.094
0.287, -0.314, 1.107
0.280, -0.307, 1.110
0.273, -0.300, 1.111
0.275, -0.295, 1.119
0.269, -0.289, 1.126
0.261, -0.288, 1.122
0.277, -0.290, 1.128
0.279, -0.284, 1.133
0.280, -0.277, 1.137
0.281, -0.271, 1.144
0.284, -0.266, 1.153
0.278, -0.260, 1.162
0.267, -0.265, 1.148
0.259, -0.264, 1.146
0.269, -0.259, 1.157
0.262, -0.252, 1.160
0.255, -0.245, 1.164
0.264, -0.246, 1.167
0.271, -0.253, 1.165
0.280, -0.254, 1.170
0.281, -0.247, 1.175
0.288, -0.255, 1.172
0.294, -0.261, 1.164
0.292, -0.266, 1.154
0.298, -0.273, 1.151
0.296, -0.278, 1.142
0.294, -0.284, 1.135
0.302, -0.285, 1.137
0.311, -0.286, 1.141
0.314, -0.281, 1.151
0.307, -0.274, 1.155
0.316, -0.275, 1.160
0.317, -0.269, 1.165
0.311, -0.262, 1.170
0.302, -0.261, 1.166
0.319, -0.262, 1.171
0.327, -0.262, 1.171
0.334, -0.270, 1.169
0.325, -0.276, 1.163
0.333, -0.276, 1.165
0.343, -0.271, 1.174
0.336, -0.263, 1.175
0.346, -0.265, 1.181
0.352, -0.271, 1.177
0.358, -0.277, 1.170
0.360, -0.272, 1.178
0.366, -0.278, 1.172
0.375, -0.279, 1.175
0.384, -0.280, 1.180
0.394, -0.281, 1.184
0.403, -0.282, 1.188
0.410, -0.289, 1.185
0.407, -0.295, 1.177
0.403, -0.300, 1.166
0.400, -0.305, 1.159
0.398, -0.311, 1.151
0.386, -0.316, 1.139
0.384, -0.321, 1.132
0.373, -0.326, 1.122
0.365, -0.325, 1.120
0.355, -0.331, 1.113
0.346, -0.336, 1.107
0.336, -0.341, 1.099
0.327, -0.339, 1.094
0.321, -0.333, 1.098
0.313, -0.332, 1.095
0.323, -0.328, 1.103
0.316, -0.321, 1.105
0.309, -0.314, 1.106
0.299, -0.319, 1.098
0.290, -0.324, 1.092
0.304, -0.309, 1.114
0.296, -0.308, 1.113
0.289, -0.302, 1.117
0.283, -0.296, 1.121
0.291, -0.296, 1.123
0.297, -0.302, 1.118
0.299, -0.297, 1.125
0.307, -0.297, 1.127
0.316, -0.298, 1.131
0.324, -0.299, 1.135
0.330, -0.305, 1.130
0.321, -0.311, 1.122
0.312, -0.309, 1.116
0.327, -0.317, 1.118
0.324, -0.322, 1.110
0.333, -0.323, 1.113
0.339, -0.329, 1.110
0.330, -0.335, 1.102
0.338, -0.336, 1.106
0.341, -0.324, 1.115
0.349, -0.324, 1.117
0.357, -0.325, 1.119
0.329, -0.312, 1.125
0.332, -0.300, 1.136
0.354, -0.336, 1.108
0.359, -0.342, 1.104
0.349, -0.346, 1.093
0.357, -0.347, 1.096
0.363, -0.354, 1.093
0.354, -0.359, 1.086
0.352, -0.364, 1.080
0.360, -0.365, 1.084
0.362, -0.359, 1.089
0.368, -0.365, 1.085
0.375, -0.366, 1.086
0.381, -0.371, 1.081
0.383, -0.366, 1.088
0.388, -0.372, 1.082
0.386, -0.376, 1.076
0.394, -0.377, 1.077
0.402, -0.378, 1.081
0.409, -0.385, 1.079
0.410, -0.379, 1.084
0.418, -0.379, 1.084
0.426, -0.380, 1.087
0.435, -0.382, 1.092
0.438, -0.377, 1.099
0.440, -0.371, 1.103
0.434, -0.365, 1.106
0.437, -0.360, 1.114
0.439, -0.355, 1.121
0.434, -0.349, 1.125
0.426, -0.349, 1.125
0.415, -0.353, 1.115
0.407, -0.352, 1.112
0.398, -0.351, 1.109
0.387, -0.356, 1.100
0.379, -0.355, 1.097
0.371, -0.354, 1.095
0.365, -0.348, 1.099
0.373, -0.348, 1.100
0.390, -0.351, 1.107
0.418, -0.348, 1.123
0.412, -0.342, 1.128
0.404, -0.342, 1.125
0.395, -0.341, 1.123
0.414, -0.336, 1.133
0.417, -0.331, 1.140
0.423, -0.337, 1.136
0.421, -0.343, 1.130
0.429, -0.344, 1.132
0.431, -0.338, 1.139
0.434, -0.333, 1.146
0.440, -0.339, 1.142
0.449, -0.340, 1.145
0.443, -0.326, 1.150
0.445, -0.320, 1.156
0.440, -0.314, 1.163
0.433, -0.314, 1.163
0.423, -0.320, 1.157
0.414, -0.320, 1.154
0.405, -0.318, 1.150
0.395, -0.317, 1.144
0.408, -0.313, 1.157
0.416, -0.314, 1.160
0.425, -0.314, 1.162
0.435, -0.308, 1.168
0.428, -0.301, 1.172
0.420, -0.301, 1.169
0.411, -0.300, 1.168
0.432, -0.296, 1.182
0.426, -0.290, 1.188
0.418, -0.289, 1.187
0.412, -0.282, 1.191
0.438, -0.302, 1.176
0.441, -0.297, 1.185
0.447, -0.303, 1.179
0.443, -0.309, 1.170
0.449, -0.315, 1.165
0.455, -0.321, 1.159
0.452, -0.327, 1.153
0.456, -0.304, 1.183
0.450, -0.297, 1.187
0.442, -0.349, 1.127
0.443, -0.366, 1.110
0.362, -0.337, 1.111
0.370, -0.338, 1.113
0.379, -0.339, 1.118
0.381, -0.326, 1.125
0.390, -0.327, 1.128
0.398, -0.328, 1.131
0.286, -0.340, 1.074
0.256, -0.276, 1.132
0.263, -0.276, 1.132
0.195, -0.253, 1.130
0.182, -0.240, 1.140
0.173, -0.286, 1.085
0.134, -0.243, 1.119
0.142, -0.243, 1.120
0.142, -0.237, 1.125
0.143, -0.231, 1.132
RegionID:1
Center:-0.713,-0.476,1.501
Normal:0.072,-0.671,-0.738
NumPatches:37
-0.773, -0.473, 1.493
-0.769, -0.487, 1.505
-0.761, -0.488, 1.509
-0.755, -0.474, 1.496
-0.753, -0.489, 1.512
-0.756, -0.501, 1.518
-0.771, -0.514, 1.528
-0.763, -0.516, 1.532
-0.753, -0.516, 1.533
-0.747, -0.502, 1.520
-0.738, -0.503, 1.524
-0.732, -0.489, 1.511
-0.737, -0.475, 1.499
-0.747, -0.475, 1.500
-0.728, -0.460, 1.482
-0.732, -0.446, 1.470
-0.723, -0.446, 1.471
-0.720, -0.461, 1.485
-0.711, -0.461, 1.488
-0.702, -0.462, 1.489
-0.697, -0.449, 1.478
-0.688, -0.449, 1.480
-0.678, -0.449, 1.481
-0.675, -0.464, 1.495
-0.681, -0.478, 1.508
-0.693, -0.489, 1.513
-0.702, -0.488, 1.511
-0.712, -0.489, 1.511
-0.723, -0.489, 1.512
-0.685, -0.490, 1.516
-0.676, -0.491, 1.519
-0.665, -0.491, 1.518
-0.665, -0.464, 1.496
-0.668, -0.449, 1.480
-0.659, -0.449, 1.481
-0.655, -0.464, 1.495
-0.649, -0.450, 1.482
RegionID:2
Center:-0.534,-0.462,1.506
Normal:0.085,-0.646,-0.759
NumPatches:32
-0.479, -0.486, 1.534
-0.488, -0.485, 1.532
-0.497, -0.484, 1.529
-0.507, -0.484, 1.527
-0.517, -0.484, 1.527
-0.527, -0.483, 1.526
-0.536, -0.483, 1.525
-0.546, -0.482, 1.523
-0.554, -0.481, 1.518
-0.563, -0.480, 1.515
-0.573, -0.480, 1.515
-0.583, -0.480, 1.515
-0.592, -0.479, 1.512
-0.598, -0.466, 1.502
-0.595, -0.453, 1.493
-0.590, -0.440, 1.482
-0.581, -0.441, 1.484
-0.571, -0.441, 1.484
-0.562, -0.441, 1.485
-0.553, -0.442, 1.488
-0.544, -0.442, 1.491
-0.535, -0.443, 1.491
-0.524, -0.442, 1.488
-0.513, -0.441, 1.487
-0.504, -0.442, 1.489
-0.495, -0.443, 1.493
-0.486, -0.444, 1.496
-0.478, -0.445, 1.500
-0.471, -0.458, 1.510
-0.474, -0.472, 1.521
-0.469, -0.446, 1.502
-0.589, -0.467, 1.505
RegionID:3
Center:-0.252,-0.317,1.271
Normal:-0.123,-0.857,-0.500
NumPatches:55
-0.199, -0.343, 1.302
-0.209, -0.346, 1.311
-0.223, -0.363, 1.344
-0.227, -0.347, 1.318
-0.237, -0.349, 1.324
-0.247, -0.351, 1.332
-0.257, -0.352, 1.336
-0.267, -0.353, 1.341
-0.277, -0.354, 1.344
-0.292, -0.372, 1.375
-0.295, -0.356, 1.348
-0.305, -0.356, 1.352
-0.315, -0.358, 1.356
-0.325, -0.359, 1.360
-0.318, -0.342, 1.331
-0.311, -0.327, 1.304
-0.314, -0.312, 1.280
-0.316, -0.297, 1.254
-0.306, -0.296, 1.248
-0.300, -0.282, 1.223
-0.304, -0.270, 1.204
-0.297, -0.256, 1.179
-0.295, -0.269, 1.200
-0.286, -0.268, 1.196
-0.277, -0.267, 1.192
-0.268, -0.266, 1.189
-0.259, -0.265, 1.185
-0.251, -0.265, 1.183
-0.243, -0.264, 1.179
-0.234, -0.263, 1.175
-0.230, -0.276, 1.196
-0.225, -0.262, 1.172
-0.221, -0.275, 1.191
-0.212, -0.273, 1.183
-0.203, -0.272, 1.179
-0.196, -0.272, 1.180
-0.191, -0.285, 1.203
-0.195, -0.299, 1.225
-0.199, -0.313, 1.249
-0.204, -0.329, 1.279
-0.218, -0.347, 1.316
-0.188, -0.272, 1.179
-0.304, -0.310, 1.273
-0.301, -0.325, 1.298
-0.297, -0.338, 1.317
-0.291, -0.324, 1.292
-0.286, -0.355, 1.346
-0.228, -0.381, 1.374
-0.234, -0.400, 1.410
-0.239, -0.419, 1.442
-0.229, -0.417, 1.436
-0.219, -0.416, 1.433
-0.213, -0.397, 1.399
-0.208, -0.378, 1.365
-0.204, -0.361, 1.336
RegionID:4
Center:-0.596,-0.095,1.300
Normal:-0.199,-0.710,-0.675
NumPatches:225
-0.709, -0.117, 1.387
-0.722, -0.127, 1.394
-0.725, -0.137, 1.401
-0.730, -0.147, 1.409
-0.733, -0.157, 1.416
-0.735, -0.167, 1.419
-0.736, -0.177, 1.420
-0.738, -0.187, 1.425
-0.729, -0.187, 1.425
-0.720, -0.187, 1.428
-0.717, -0.198, 1.439
-0.728, -0.208, 1.443
-0.737, -0.208, 1.442
-0.749, -0.218, 1.446
-0.753, -0.229, 1.453
-0.756, -0.240, 1.460
-0.751, -0.251, 1.469
-0.765, -0.262, 1.478
-0.769, -0.273, 1.486
-0.773, -0.285, 1.492
-0.777, -0.296, 1.500
-0.780, -0.307, 1.505
-0.781, -0.318, 1.509
-0.785, -0.329, 1.517
-0.772, -0.318, 1.510
-0.762, -0.318, 1.510
-0.751, -0.318, 1.509
-0.747, -0.306, 1.501
-0.742, -0.294, 1.490
-0.749, -0.283, 1.485
-0.762, -0.284, 1.490
-0.758, -0.273, 1.483
-0.756, -0.262, 1.479
-0.745, -0.262, 1.476
-0.736, -0.272, 1.479
-0.738, -0.283, 1.482
-0.729, -0.283, 1.483
-0.727, -0.272, 1.479
-0.734, -0.262, 1.474
-0.718, -0.273, 1.481
-0.709, -0.273, 1.484
-0.705, -0.285, 1.495
-0.716, -0.296, 1.499
-0.725, -0.295, 1.496
-0.738, -0.306, 1.502
-0.741, -0.318, 1.508
-0.730, -0.317, 1.507
-0.718, -0.306, 1.502
-0.707, -0.296, 1.501
-0.700, -0.273, 1.485
-0.697, -0.262, 1.479
-0.695, -0.252, 1.473
-0.684, -0.251, 1.472
-0.676, -0.262, 1.476
-0.689, -0.273, 1.484
-0.673, -0.251, 1.470
-0.671, -0.240, 1.464
-0.661, -0.240, 1.465
-0.658, -0.230, 1.458
-0.649, -0.230, 1.459
-0.639, -0.230, 1.458
-0.637, -0.219, 1.453
-0.634, -0.209, 1.447
-0.624, -0.209, 1.445
-0.620, -0.198, 1.437
-0.611, -0.198, 1.438
-0.608, -0.188, 1.432
-0.606, -0.177, 1.426
-0.596, -0.177, 1.425
-0.594, -0.167, 1.420
-0.600, -0.157, 1.412
-0.609, -0.157, 1.412
-0.622, -0.167, 1.420
-0.631, -0.167, 1.419
-0.641, -0.167, 1.420
-0.648, -0.157, 1.415
-0.658, -0.157, 1.415
-0.666, -0.157, 1.414
-0.672, -0.147, 1.406
-0.679, -0.137, 1.401
-0.690, -0.147, 1.405
-0.699, -0.147, 1.404
-0.709, -0.147, 1.405
-0.720, -0.147, 1.407
-0.694, -0.157, 1.412
-0.707, -0.167, 1.420
-0.717, -0.167, 1.421
-0.726, -0.167, 1.420
-0.709, -0.177, 1.424
-0.712, -0.187, 1.430
-0.696, -0.167, 1.418
-0.688, -0.137, 1.400
-0.694, -0.127, 1.394
-0.703, -0.127, 1.394
-0.712, -0.127, 1.394
-0.718, -0.117, 1.386
-0.685, -0.127, 1.395
-0.670, -0.137, 1.402
-0.668, -0.127, 1.397
-0.665, -0.118, 1.392
-0.670, -0.108, 1.382
-0.680, -0.108, 1.385
-0.690, -0.108, 1.386
-0.696, -0.098, 1.379
-0.702, -0.089, 1.373
-0.713, -0.089, 1.376
-0.686, -0.098, 1.377
-0.659, -0.108, 1.379
-0.656, -0.118, 1.391
-0.650, -0.128, 1.399
-0.644, -0.138, 1.406
-0.634, -0.137, 1.405
-0.624, -0.137, 1.404
-0.617, -0.147, 1.409
-0.619, -0.157, 1.412
-0.612, -0.137, 1.397
-0.636, -0.107, 1.368
-0.625, -0.096, 1.346
-0.629, -0.086, 1.334
-0.641, -0.087, 1.342
-0.654, -0.087, 1.349
-0.655, -0.077, 1.334
-0.656, -0.068, 1.317
-0.669, -0.068, 1.327
-0.683, -0.069, 1.337
-0.695, -0.069, 1.342
-0.684, -0.059, 1.320
-0.673, -0.050, 1.300
-0.665, -0.041, 1.285
-0.660, -0.032, 1.274
-0.652, -0.023, 1.259
-0.642, -0.014, 1.240
-0.634, -0.006, 1.225
-0.626, 0.002, 1.209
-0.619, 0.010, 1.195
-0.613, 0.018, 1.184
-0.605, 0.025, 1.169
-0.598, 0.032, 1.154
-0.593, 0.040, 1.146
-0.588, 0.047, 1.136
-0.581, 0.054, 1.123
-0.574, 0.061, 1.108
-0.567, 0.067, 1.095
-0.563, 0.060, 1.102
-0.557, 0.067, 1.090
-0.553, 0.060, 1.097
-0.550, 0.053, 1.105
-0.545, 0.060, 1.095
-0.541, 0.053, 1.102
-0.537, 0.046, 1.108
-0.545, 0.039, 1.124
-0.537, 0.039, 1.123
-0.528, 0.039, 1.120
-0.523, 0.032, 1.125
-0.518, 0.039, 1.114
-0.512, 0.032, 1.119
-0.503, 0.031, 1.113
-0.499, 0.024, 1.121
-0.493, 0.031, 1.109
-0.490, 0.024, 1.118
-0.486, 0.017, 1.126
-0.492, 0.009, 1.139
-0.481, 0.009, 1.133
-0.472, 0.009, 1.127
-0.462, 0.009, 1.123
-0.457, 0.002, 1.129
-0.454, 0.009, 1.121
-0.449, 0.002, 1.127
-0.453, -0.006, 1.137
-0.459, -0.013, 1.153
-0.450, -0.013, 1.149
-0.441, -0.013, 1.147
-0.437, -0.021, 1.156
-0.433, -0.013, 1.145
-0.429, -0.021, 1.153
-0.423, -0.029, 1.160
-0.419, -0.021, 1.148
-0.415, -0.029, 1.157
-0.409, -0.037, 1.164
-0.414, -0.045, 1.176
-0.429, -0.054, 1.196
-0.444, -0.063, 1.216
-0.458, -0.072, 1.233
-0.473, -0.081, 1.251
-0.491, -0.091, 1.274
-0.509, -0.101, 1.298
-0.515, -0.111, 1.314
-0.533, -0.122, 1.339
-0.540, -0.133, 1.357
-0.559, -0.144, 1.380
-0.580, -0.157, 1.409
-0.584, -0.167, 1.420
-0.572, -0.145, 1.389
-0.547, -0.144, 1.374
-0.522, -0.122, 1.333
-0.498, -0.101, 1.295
-0.480, -0.091, 1.270
-0.464, -0.081, 1.249
-0.448, -0.071, 1.228
-0.434, -0.062, 1.210
-0.420, -0.053, 1.192
-0.404, -0.045, 1.172
-0.401, -0.037, 1.161
-0.407, -0.029, 1.156
-0.481, 0.024, 1.114
-0.532, 0.053, 1.097
-0.644, -0.067, 1.310
-0.644, -0.077, 1.329
-0.617, -0.086, 1.327
-0.613, -0.096, 1.339
-0.608, -0.105, 1.348
-0.600, -0.095, 1.330
-0.596, -0.104, 1.340
-0.606, -0.115, 1.362
-0.594, -0.115, 1.356
-0.583, -0.114, 1.351
-0.578, -0.124, 1.361
-0.586, -0.135, 1.379
-0.594, -0.146, 1.399
-0.571, -0.114, 1.345
-0.663, -0.147, 1.406
-0.638, -0.157, 1.413
-0.746, -0.240, 1.460
-0.747, -0.208, 1.442
-0.719, -0.208, 1.445
RegionID:5
Center:0.312,-0.177,1.142
Normal:-0.107,-0.683,-0.723
NumPatches:83
0.314, -0.129, 1.098
0.307, -0.130, 1.100
0.300, -0.130, 1.100
0.293, -0.130, 1.101
0.287, -0.138, 1.107
0.280, -0.138, 1.108
0.275, -0.147, 1.119
0.268, -0.147, 1.121
0.263, -0.156, 1.130
0.256, -0.156, 1.131
0.248, -0.156, 1.131
0.242, -0.164, 1.140
0.237, -0.174, 1.150
0.231, -0.183, 1.159
0.225, -0.192, 1.167
0.216, -0.183, 1.159
0.209, -0.183, 1.162
0.214, -0.174, 1.151
0.223, -0.183, 1.159
0.222, -0.174, 1.151
0.220, -0.165, 1.143
0.230, -0.174, 1.151
0.239, -0.182, 1.157
0.246, -0.182, 1.157
0.255, -0.191, 1.164
0.254, -0.182, 1.157
0.262, -0.191, 1.161
0.271, -0.199, 1.164
0.269, -0.190, 1.158
0.278, -0.199, 1.164
0.287, -0.199, 1.166
0.296, -0.208, 1.171
0.295, -0.199, 1.167
0.303, -0.208, 1.170
0.311, -0.207, 1.169
0.321, -0.217, 1.176
0.318, -0.207, 1.168
0.328, -0.217, 1.176
0.336, -0.216, 1.174
0.342, -0.215, 1.170
0.352, -0.225, 1.178
0.350, -0.215, 1.170
0.358, -0.216, 1.172
0.366, -0.216, 1.171
0.373, -0.215, 1.170
0.381, -0.215, 1.168
0.387, -0.215, 1.166
0.395, -0.215, 1.166
0.391, -0.205, 1.153
0.388, -0.196, 1.146
0.379, -0.187, 1.140
0.369, -0.178, 1.132
0.359, -0.170, 1.127
0.355, -0.179, 1.135
0.348, -0.179, 1.139
0.342, -0.180, 1.143
0.339, -0.171, 1.135
0.336, -0.162, 1.124
0.343, -0.162, 1.123
0.341, -0.153, 1.115
0.338, -0.145, 1.106
0.329, -0.137, 1.100
0.322, -0.137, 1.101
0.315, -0.137, 1.102
0.336, -0.137, 1.100
0.348, -0.153, 1.113
0.350, -0.162, 1.121
0.352, -0.170, 1.127
0.358, -0.162, 1.121
0.367, -0.170, 1.127
0.376, -0.178, 1.132
0.386, -0.187, 1.140
0.396, -0.196, 1.145
0.399, -0.205, 1.154
0.407, -0.225, 1.178
0.416, -0.233, 1.180
0.426, -0.242, 1.188
0.235, -0.165, 1.141
0.241, -0.156, 1.132
0.261, -0.147, 1.122
0.273, -0.138, 1.111
0.286, -0.130, 1.101
0.298, -0.121, 1.093
RegionID:6
Center:-0.249,-0.195,1.155
Normal:0.035,0.504,-0.863
NumPatches:51
-0.265, -0.162, 1.176
-0.264, -0.169, 1.170
-0.270, -0.176, 1.165
-0.278, -0.176, 1.165
-0.286, -0.176, 1.165
-0.294, -0.176, 1.164
-0.301, -0.176, 1.164
-0.308, -0.183, 1.159
-0.314, -0.189, 1.153
-0.313, -0.196, 1.149
-0.312, -0.203, 1.147
-0.304, -0.204, 1.147
-0.296, -0.211, 1.144
-0.297, -0.204, 1.147
-0.288, -0.211, 1.144
-0.281, -0.211, 1.144
-0.274, -0.211, 1.145
-0.266, -0.211, 1.146
-0.258, -0.211, 1.146
-0.251, -0.211, 1.146
-0.242, -0.218, 1.142
-0.243, -0.211, 1.146
-0.236, -0.211, 1.147
-0.228, -0.211, 1.147
-0.221, -0.211, 1.146
-0.213, -0.211, 1.146
-0.206, -0.211, 1.148
-0.198, -0.211, 1.148
-0.190, -0.218, 1.143
-0.190, -0.211, 1.148
-0.182, -0.218, 1.143
-0.183, -0.211, 1.147
-0.183, -0.204, 1.151
-0.184, -0.197, 1.155
-0.192, -0.190, 1.159
-0.200, -0.190, 1.158
-0.208, -0.183, 1.161
-0.216, -0.183, 1.161
-0.224, -0.183, 1.163
-0.232, -0.183, 1.164
-0.240, -0.184, 1.165
-0.247, -0.183, 1.163
-0.254, -0.183, 1.161
-0.263, -0.176, 1.165
-0.256, -0.176, 1.167
-0.200, -0.183, 1.162
-0.184, -0.190, 1.159
-0.176, -0.197, 1.155
-0.177, -0.191, 1.161
-0.315, -0.183, 1.159
-0.309, -0.176, 1.165
RegionID:7
Center:-0.103,0.017,1.032
Normal:-0.164,-0.611,-0.775
NumPatches:664
-0.316, 0.044, 1.058
-0.319, 0.037, 1.068
-0.312, 0.030, 1.069
-0.315, 0.023, 1.078
-0.309, 0.016, 1.081
-0.306, 0.023, 1.072
-0.303, 0.030, 1.063
-0.295, 0.030, 1.059
-0.287, 0.030, 1.056
-0.286, 0.037, 1.051
-0.285, 0.043, 1.046
-0.291, 0.050, 1.043
-0.289, 0.057, 1.038
-0.288, 0.063, 1.035
-0.281, 0.063, 1.033
-0.280, 0.070, 1.029
-0.278, 0.076, 1.024
-0.284, 0.083, 1.018
-0.291, 0.083, 1.019
-0.297, 0.089, 1.016
-0.282, 0.089, 1.010
-0.280, 0.095, 1.005
-0.278, 0.101, 0.996
-0.282, 0.106, 0.987
-0.291, 0.101, 0.996
-0.298, 0.101, 0.998
-0.296, 0.107, 0.991
-0.293, 0.112, 0.981
-0.298, 0.118, 0.975
-0.295, 0.123, 0.967
-0.293, 0.129, 0.959
-0.290, 0.134, 0.951
-0.296, 0.140, 0.948
-0.289, 0.140, 0.948
-0.288, 0.145, 0.942
-0.292, 0.151, 0.937
-0.291, 0.156, 0.932
-0.290, 0.162, 0.928
-0.289, 0.167, 0.925
-0.288, 0.173, 0.923
-0.293, 0.179, 0.921
-0.285, 0.183, 0.914
-0.289, 0.188, 0.907
-0.294, 0.193, 0.903
-0.291, 0.198, 0.896
-0.287, 0.192, 0.899
-0.283, 0.196, 0.889
-0.280, 0.200, 0.880
-0.276, 0.195, 0.884
-0.279, 0.191, 0.894
-0.272, 0.190, 0.889
-0.269, 0.194, 0.881
-0.263, 0.194, 0.880
-0.278, 0.183, 0.912
-0.271, 0.182, 0.909
-0.265, 0.182, 0.908
-0.259, 0.182, 0.906
-0.252, 0.181, 0.903
-0.282, 0.167, 0.924
-0.276, 0.167, 0.922
-0.274, 0.172, 0.917
-0.269, 0.166, 0.921
-0.271, 0.161, 0.927
-0.272, 0.156, 0.932
-0.274, 0.151, 0.937
-0.275, 0.145, 0.942
-0.283, 0.140, 0.946
-0.277, 0.134, 0.948
-0.285, 0.128, 0.956
-0.278, 0.128, 0.953
-0.271, 0.134, 0.948
-0.276, 0.139, 0.945
-0.266, 0.128, 0.954
-0.267, 0.122, 0.958
-0.262, 0.117, 0.964
-0.261, 0.122, 0.957
-0.256, 0.117, 0.964
-0.258, 0.111, 0.970
-0.253, 0.105, 0.977
-0.251, 0.111, 0.970
-0.246, 0.105, 0.976
-0.239, 0.105, 0.974
-0.233, 0.099, 0.977
-0.232, 0.105, 0.972
-0.227, 0.099, 0.975
-0.220, 0.098, 0.973
-0.218, 0.104, 0.968
-0.212, 0.104, 0.967
-0.211, 0.110, 0.962
-0.205, 0.104, 0.966
-0.204, 0.110, 0.962
-0.204, 0.116, 0.959
-0.199, 0.104, 0.965
-0.193, 0.098, 0.970
-0.192, 0.104, 0.965
-0.191, 0.110, 0.962
-0.187, 0.098, 0.970
-0.181, 0.092, 0.974
-0.180, 0.098, 0.969
-0.174, 0.092, 0.972
-0.168, 0.086, 0.974
-0.167, 0.092, 0.971
-0.167, 0.098, 0.967
-0.160, 0.098, 0.965
-0.153, 0.097, 0.963
-0.152, 0.103, 0.957
-0.161, 0.085, 0.972
-0.155, 0.085, 0.971
-0.149, 0.079, 0.975
-0.148, 0.085, 0.971
-0.142, 0.079, 0.974
-0.135, 0.079, 0.972
-0.129, 0.073, 0.975
-0.129, 0.079, 0.970
-0.123, 0.073, 0.974
-0.117, 0.067, 0.980
-0.118, 0.060, 0.986
-0.111, 0.060, 0.985
-0.104, 0.060, 0.984
-0.098, 0.060, 0.983
-0.092, 0.054, 0.990
-0.092, 0.048, 0.996
-0.093, 0.042, 1.003
-0.086, 0.042, 1.003
-0.080, 0.042, 1.003
-0.079, 0.048, 0.997
-0.073, 0.041, 0.999
-0.066, 0.041, 0.997
-0.066, 0.048, 0.992
-0.059, 0.041, 0.997
-0.060, 0.035, 1.002
-0.060, 0.028, 1.009
-0.061, 0.022, 1.017
-0.054, 0.022, 1.017
-0.047, 0.022, 1.016
-0.040, 0.022, 1.016
-0.033, 0.022, 1.013
-0.027, 0.022, 1.010
-0.026, 0.028, 1.003
-0.033, 0.035, 0.996
-0.040, 0.035, 0.997
-0.046, 0.035, 0.999
-0.053, 0.035, 1.001
-0.039, 0.041, 0.991
-0.046, 0.047, 0.988
-0.052, 0.048, 0.990
-0.059, 0.048, 0.991
-0.052, 0.054, 0.980
-0.058, 0.060, 0.976
-0.065, 0.060, 0.977
-0.071, 0.060, 0.978
-0.078, 0.060, 0.979
-0.085, 0.060, 0.982
-0.091, 0.060, 0.983
-0.091, 0.066, 0.976
-0.097, 0.072, 0.971
-0.103, 0.072, 0.972
-0.110, 0.073, 0.973
-0.116, 0.073, 0.974
-0.084, 0.066, 0.975
-0.051, 0.066, 0.970
-0.045, 0.066, 0.967
-0.038, 0.066, 0.964
-0.032, 0.059, 0.968
-0.039, 0.053, 0.977
-0.045, 0.054, 0.978
-0.039, 0.047, 0.985
-0.032, 0.053, 0.974
-0.025, 0.059, 0.963
-0.032, 0.065, 0.959
-0.025, 0.065, 0.952
-0.019, 0.059, 0.959
-0.012, 0.058, 0.954
-0.012, 0.064, 0.940
-0.018, 0.070, 0.935
-0.012, 0.070, 0.932
-0.006, 0.070, 0.932
0.000, 0.069, 0.931
0.006, 0.064, 0.935
0.000, 0.058, 0.944
-0.006, 0.053, 0.961
-0.006, 0.047, 0.970
0.000, 0.046, 0.966
0.007, 0.040, 0.970
0.007, 0.046, 0.962
0.007, 0.052, 0.950
0.006, 0.058, 0.940
0.013, 0.057, 0.938
0.019, 0.051, 0.941
0.025, 0.046, 0.949
0.019, 0.040, 0.965
0.013, 0.040, 0.968
0.026, 0.040, 0.960
0.032, 0.034, 0.965
0.033, 0.027, 0.974
0.039, 0.021, 0.978
0.040, 0.015, 0.989
0.046, 0.015, 0.986
0.052, 0.015, 0.980
0.052, 0.021, 0.969
0.045, 0.027, 0.965
0.039, 0.027, 0.968
0.045, 0.033, 0.958
0.051, 0.027, 0.963
0.051, 0.033, 0.955
0.051, 0.039, 0.949
0.044, 0.045, 0.944
0.038, 0.051, 0.940
0.037, 0.057, 0.936
0.031, 0.063, 0.933
0.025, 0.069, 0.930
0.019, 0.063, 0.933
0.019, 0.069, 0.930
0.019, 0.075, 0.926
0.025, 0.075, 0.928
0.031, 0.069, 0.931
0.037, 0.063, 0.934
0.044, 0.051, 0.940
0.057, 0.039, 0.950
0.057, 0.045, 0.945
0.063, 0.039, 0.951
0.064, 0.033, 0.956
0.058, 0.027, 0.961
0.058, 0.021, 0.968
0.059, 0.015, 0.977
0.065, 0.015, 0.976
0.071, 0.015, 0.975
0.078, 0.014, 0.972
0.084, 0.014, 0.970
0.083, 0.021, 0.963
0.077, 0.027, 0.960
0.070, 0.033, 0.956
0.064, 0.027, 0.961
0.070, 0.039, 0.953
0.063, 0.046, 0.947
0.063, 0.052, 0.943
0.069, 0.052, 0.944
0.076, 0.046, 0.951
0.076, 0.040, 0.954
0.083, 0.046, 0.954
0.076, 0.052, 0.948
0.089, 0.040, 0.956
0.096, 0.033, 0.958
0.089, 0.027, 0.960
0.083, 0.027, 0.960
0.096, 0.027, 0.960
0.096, 0.040, 0.957
0.096, 0.046, 0.957
0.089, 0.052, 0.955
0.096, 0.052, 0.957
0.102, 0.052, 0.959
0.109, 0.046, 0.961
0.102, 0.040, 0.959
0.109, 0.040, 0.961
0.115, 0.040, 0.964
0.122, 0.040, 0.966
0.122, 0.046, 0.966
0.116, 0.053, 0.965
0.109, 0.053, 0.961
0.109, 0.059, 0.965
0.103, 0.066, 0.966
0.110, 0.066, 0.970
0.110, 0.073, 0.975
0.104, 0.079, 0.978
0.098, 0.086, 0.980
0.091, 0.086, 0.976
0.084, 0.085, 0.970
0.078, 0.092, 0.972
0.072, 0.099, 0.976
0.065, 0.098, 0.971
0.058, 0.105, 0.972
0.052, 0.104, 0.966
0.045, 0.111, 0.970
0.039, 0.110, 0.965
0.032, 0.117, 0.969
0.026, 0.117, 0.964
0.019, 0.116, 0.956
0.013, 0.115, 0.950
0.006, 0.107, 0.937
0.000, 0.107, 0.933
-0.006, 0.106, 0.929
-0.012, 0.113, 0.931
-0.018, 0.119, 0.935
-0.019, 0.126, 0.941
-0.019, 0.134, 0.951
-0.025, 0.140, 0.952
-0.031, 0.140, 0.945
-0.038, 0.146, 0.948
-0.044, 0.153, 0.951
-0.050, 0.152, 0.945
-0.056, 0.159, 0.948
-0.062, 0.158, 0.942
-0.069, 0.164, 0.945
-0.075, 0.163, 0.937
-0.081, 0.170, 0.943
-0.087, 0.170, 0.939
-0.093, 0.169, 0.934
-0.098, 0.168, 0.928
-0.105, 0.174, 0.931
-0.110, 0.173, 0.924
-0.117, 0.180, 0.927
-0.122, 0.179, 0.923
-0.129, 0.186, 0.925
-0.134, 0.185, 0.920
-0.141, 0.191, 0.924
-0.146, 0.191, 0.920
-0.153, 0.197, 0.923
-0.158, 0.196, 0.917
-0.164, 0.202, 0.918
-0.169, 0.201, 0.912
-0.176, 0.208, 0.914
-0.183, 0.214, 0.917
-0.188, 0.213, 0.913
-0.195, 0.221, 0.918
-0.200, 0.219, 0.913
-0.206, 0.226, 0.914
-0.211, 0.225, 0.909
-0.218, 0.231, 0.912
-0.222, 0.230, 0.905
-0.229, 0.236, 0.908
-0.234, 0.235, 0.902
-0.238, 0.234, 0.898
-0.243, 0.232, 0.893
-0.250, 0.239, 0.897
-0.255, 0.239, 0.893
-0.262, 0.245, 0.896
-0.266, 0.244, 0.891
-0.271, 0.242, 0.886
-0.273, 0.251, 0.895
-0.280, 0.257, 0.897
-0.286, 0.264, 0.898
-0.290, 0.262, 0.893
-0.289, 0.272, 0.906
-0.282, 0.265, 0.904
-0.284, 0.273, 0.911
-0.277, 0.267, 0.909
-0.275, 0.259, 0.902
-0.270, 0.259, 0.904
-0.272, 0.268, 0.912
-0.265, 0.260, 0.908
-0.259, 0.254, 0.908
-0.257, 0.246, 0.900
-0.254, 0.256, 0.913
-0.261, 0.262, 0.915
-0.247, 0.248, 0.907
-0.245, 0.240, 0.900
-0.242, 0.250, 0.913
-0.250, 0.257, 0.917
-0.238, 0.252, 0.919
-0.232, 0.245, 0.918
-0.234, 0.253, 0.926
-0.227, 0.247, 0.924
-0.225, 0.238, 0.914
-0.220, 0.239, 0.920
-0.213, 0.232, 0.916
-0.214, 0.240, 0.923
-0.216, 0.248, 0.931
-0.209, 0.241, 0.927
-0.205, 0.243, 0.934
-0.198, 0.237, 0.933
-0.201, 0.227, 0.919
-0.201, 0.247, 0.948
-0.194, 0.239, 0.941
-0.186, 0.231, 0.936
-0.190, 0.222, 0.921
-0.190, 0.242, 0.953
-0.182, 0.233, 0.943
-0.180, 0.225, 0.934
-0.178, 0.216, 0.924
-0.171, 0.209, 0.921
-0.173, 0.218, 0.931
-0.174, 0.225, 0.938
-0.167, 0.219, 0.935
-0.161, 0.212, 0.932
-0.159, 0.204, 0.924
-0.155, 0.213, 0.936
-0.162, 0.220, 0.939
-0.150, 0.214, 0.940
-0.143, 0.207, 0.939
-0.148, 0.199, 0.929
-0.142, 0.199, 0.933
-0.144, 0.215, 0.946
-0.186, 0.255, 1.004
-0.193, 0.270, 1.038
-0.195, 0.280, 1.049
-0.189, 0.275, 1.056
-0.123, 0.187, 0.931
-0.124, 0.194, 0.938
-0.118, 0.188, 0.936
-0.111, 0.181, 0.931
-0.112, 0.189, 0.941
-0.107, 0.190, 0.947
-0.100, 0.183, 0.944
-0.099, 0.175, 0.936
-0.094, 0.176, 0.941
-0.088, 0.177, 0.946
-0.101, 0.191, 0.951
-0.076, 0.179, 0.955
-0.063, 0.166, 0.951
-0.057, 0.167, 0.956
-0.050, 0.160, 0.954
-0.044, 0.161, 0.959
-0.038, 0.154, 0.955
-0.038, 0.161, 0.964
-0.032, 0.154, 0.960
-0.031, 0.147, 0.953
-0.025, 0.148, 0.958
-0.025, 0.155, 0.965
-0.019, 0.149, 0.964
-0.019, 0.141, 0.958
-0.013, 0.142, 0.963
-0.013, 0.149, 0.969
-0.006, 0.143, 0.966
0.000, 0.136, 0.965
0.000, 0.143, 0.970
0.007, 0.137, 0.970
0.013, 0.130, 0.969
0.007, 0.122, 0.954
0.000, 0.121, 0.950
-0.006, 0.113, 0.935
-0.012, 0.120, 0.937
-0.006, 0.120, 0.943
0.006, 0.114, 0.946
0.013, 0.138, 0.976
0.020, 0.131, 0.975
0.019, 0.123, 0.966
0.026, 0.124, 0.973
0.033, 0.125, 0.978
0.039, 0.118, 0.973
0.046, 0.118, 0.978
0.052, 0.111, 0.974
0.052, 0.119, 0.982
0.059, 0.112, 0.979
0.065, 0.105, 0.977
0.065, 0.112, 0.983
0.072, 0.106, 0.982
0.078, 0.099, 0.981
0.079, 0.106, 0.987
0.085, 0.100, 0.986
0.085, 0.092, 0.978
0.092, 0.093, 0.983
0.092, 0.100, 0.991
0.086, 0.107, 0.994
0.099, 0.093, 0.988
0.105, 0.087, 0.987
0.111, 0.080, 0.984
0.112, 0.087, 0.993
0.119, 0.087, 0.995
0.126, 0.088, 0.999
0.132, 0.081, 0.996
0.134, 0.088, 1.006
0.140, 0.082, 1.004
0.139, 0.074, 0.994
0.131, 0.067, 0.981
0.123, 0.060, 0.972
0.117, 0.066, 0.974
0.124, 0.066, 0.978
0.122, 0.053, 0.968
0.129, 0.047, 0.968
0.129, 0.040, 0.967
0.129, 0.034, 0.968
0.129, 0.027, 0.968
0.135, 0.027, 0.969
0.142, 0.021, 0.971
0.136, 0.014, 0.972
0.136, 0.008, 0.975
0.130, 0.002, 0.978
0.124, -0.005, 0.982
0.118, -0.011, 0.987
0.112, -0.018, 0.994
0.106, -0.018, 0.996
0.100, -0.025, 1.002
0.094, -0.032, 1.012
0.088, -0.039, 1.021
0.082, -0.046, 1.029
0.076, -0.053, 1.037
0.076, -0.061, 1.043
0.077, -0.068, 1.050
0.071, -0.076, 1.061
0.064, -0.084, 1.071
0.057, -0.091, 1.077
0.051, -0.099, 1.088
0.044, -0.107, 1.098
0.037, -0.116, 1.106
0.030, -0.124, 1.115
0.023, -0.132, 1.123
0.015, -0.141, 1.130
0.008, -0.141, 1.132
0.000, -0.141, 1.134
-0.007, -0.141, 1.135
-0.015, -0.150, 1.145
-0.022, -0.142, 1.139
-0.030, -0.142, 1.142
-0.038, -0.151, 1.151
-0.046, -0.151, 1.153
-0.054, -0.152, 1.156
-0.062, -0.161, 1.170
-0.070, -0.161, 1.173
-0.079, -0.172, 1.192
-0.078, -0.162, 1.178
-0.077, -0.153, 1.167
-0.085, -0.145, 1.162
-0.093, -0.145, 1.168
-0.101, -0.146, 1.172
-0.109, -0.146, 1.177
-0.118, -0.147, 1.183
-0.126, -0.148, 1.187
-0.134, -0.148, 1.188
-0.141, -0.139, 1.180
-0.149, -0.139, 1.181
-0.157, -0.139, 1.183
-0.164, -0.131, 1.179
-0.172, -0.123, 1.177
-0.183, -0.133, 1.197
-0.190, -0.124, 1.191
-0.197, -0.124, 1.190
-0.207, -0.133, 1.198
-0.215, -0.133, 1.198
-0.222, -0.133, 1.197
-0.229, -0.125, 1.192
-0.237, -0.124, 1.189
-0.244, -0.124, 1.185
-0.251, -0.124, 1.182
-0.259, -0.123, 1.181
-0.266, -0.123, 1.180
-0.264, -0.115, 1.172
-0.270, -0.106, 1.165
-0.270, -0.098, 1.161
-0.276, -0.090, 1.157
-0.275, -0.082, 1.150
-0.273, -0.074, 1.142
-0.279, -0.066, 1.135
-0.285, -0.058, 1.131
-0.284, -0.050, 1.124
-0.282, -0.043, 1.119
-0.281, -0.035, 1.113
-0.279, -0.028, 1.107
-0.277, -0.020, 1.098
-0.283, -0.013, 1.093
-0.290, -0.005, 1.091
-0.288, 0.002, 1.086
-0.294, 0.009, 1.079
-0.302, 0.009, 1.084
-0.299, 0.016, 1.074
-0.286, 0.009, 1.077
-0.282, -0.005, 1.090
-0.275, -0.013, 1.091
-0.277, -0.058, 1.127
-0.271, -0.066, 1.134
-0.268, -0.090, 1.155
-0.263, -0.106, 1.165
-0.221, -0.124, 1.191
-0.205, -0.124, 1.189
-0.188, -0.115, 1.179
-0.186, -0.106, 1.167
-0.177, -0.106, 1.159
-0.170, -0.114, 1.165
-0.181, -0.124, 1.186
-0.169, -0.105, 1.156
-0.163, -0.122, 1.171
-0.156, -0.131, 1.175
-0.133, -0.139, 1.180
-0.084, -0.136, 1.154
-0.084, -0.128, 1.148
-0.083, -0.119, 1.143
-0.082, -0.111, 1.132
-0.082, -0.102, 1.122
-0.074, -0.102, 1.121
-0.067, -0.110, 1.127
-0.075, -0.119, 1.140
-0.068, -0.127, 1.140
-0.076, -0.135, 1.149
-0.077, -0.144, 1.158
-0.068, -0.135, 1.145
-0.068, -0.119, 1.135
-0.067, -0.102, 1.120
-0.061, -0.152, 1.160
-0.038, -0.142, 1.144
-0.015, -0.141, 1.137
0.015, -0.132, 1.123
0.022, -0.124, 1.116
0.037, -0.124, 1.114
0.044, -0.115, 1.104
0.051, -0.107, 1.097
0.058, -0.099, 1.085
0.065, -0.091, 1.077
0.071, -0.083, 1.068
0.077, -0.075, 1.058
0.083, -0.053, 1.035
0.082, -0.039, 1.022
0.088, -0.032, 1.014
0.094, -0.025, 1.004
0.100, -0.018, 0.997
0.119, -0.018, 0.993
0.125, -0.011, 0.985
0.131, -0.005, 0.982
0.137, 0.002, 0.980
0.142, 0.014, 0.973
0.142, 0.027, 0.970
0.142, 0.034, 0.970
0.135, 0.040, 0.969
0.142, 0.047, 0.973
0.136, 0.053, 0.973
0.129, 0.053, 0.971
0.137, 0.060, 0.979
0.138, 0.067, 0.986
0.144, 0.060, 0.983
0.143, 0.053, 0.977
0.145, 0.067, 0.992
0.147, 0.075, 1.001
0.153, 0.068, 1.000
0.032, 0.040, 0.956
0.025, 0.051, 0.942
-0.006, 0.058, 0.949
0.006, 0.069, 0.931
0.006, 0.075, 0.927
-0.026, 0.035, 0.995
-0.265, 0.134, 0.949
-0.263, 0.139, 0.945
-0.267, 0.151, 0.936
-0.262, 0.166, 0.920
-0.267, 0.172, 0.916
-0.257, 0.161, 0.923
-0.256, 0.166, 0.919
-0.255, 0.171, 0.914
-0.250, 0.166, 0.919
-0.251, 0.161, 0.923
-0.243, 0.166, 0.917
-0.248, 0.171, 0.912
-0.240, 0.175, 0.904
-0.238, 0.180, 0.895
-0.232, 0.174, 0.898
-0.234, 0.170, 0.906
-0.230, 0.165, 0.913
-0.223, 0.164, 0.908
-0.220, 0.168, 0.897
-0.225, 0.173, 0.892
-0.230, 0.178, 0.887
-0.218, 0.172, 0.888
-0.217, 0.177, 0.882
-0.211, 0.172, 0.885
-0.213, 0.167, 0.892
-0.216, 0.163, 0.905
-0.218, 0.159, 0.914
-0.221, 0.155, 0.924
-0.214, 0.155, 0.923
-0.208, 0.154, 0.920
-0.206, 0.159, 0.911
-0.210, 0.163, 0.903
-0.203, 0.163, 0.901
-0.199, 0.158, 0.908
-0.201, 0.153, 0.916
-0.203, 0.149, 0.925
-0.194, 0.153, 0.914
-0.192, 0.157, 0.903
-0.187, 0.152, 0.910
-0.190, 0.149, 0.925
-0.205, 0.171, 0.883
-0.286, 0.151, 0.937
-0.290, 0.118, 0.972
-0.289, 0.107, 0.989
-0.275, 0.106, 0.987
-0.276, 0.082, 1.014
-0.283, 0.050, 1.041
RegionID:8
Center:0.218,-0.113,1.158
Normal:-0.685,0.598,-0.416
NumPatches:60
0.253, -0.074, 1.151
0.257, -0.081, 1.137
0.250, -0.089, 1.138
0.243, -0.097, 1.142
0.236, -0.104, 1.143
0.228, -0.112, 1.143
0.222, -0.113, 1.154
0.215, -0.121, 1.153
0.208, -0.121, 1.161
0.201, -0.129, 1.160
0.194, -0.130, 1.166
0.187, -0.138, 1.172
0.180, -0.146, 1.174
0.173, -0.147, 1.183
0.166, -0.148, 1.191
0.159, -0.156, 1.192
0.152, -0.158, 1.203
0.144, -0.166, 1.204
0.138, -0.167, 1.216
0.130, -0.169, 1.224
0.123, -0.170, 1.232
0.139, -0.161, 1.226
0.146, -0.159, 1.216
0.147, -0.152, 1.225
0.153, -0.151, 1.213
0.160, -0.149, 1.200
0.174, -0.140, 1.190
0.181, -0.139, 1.181
0.182, -0.132, 1.188
0.188, -0.131, 1.178
0.195, -0.123, 1.175
0.202, -0.122, 1.166
0.210, -0.114, 1.169
0.216, -0.114, 1.163
0.218, -0.107, 1.170
0.224, -0.106, 1.161
0.225, -0.099, 1.166
0.231, -0.098, 1.157
0.237, -0.097, 1.150
0.242, -0.104, 1.136
0.234, -0.111, 1.135
0.249, -0.096, 1.133
0.244, -0.090, 1.148
0.254, -0.095, 1.124
0.255, -0.088, 1.130
0.260, -0.095, 1.119
0.262, -0.088, 1.126
0.268, -0.087, 1.119
0.269, -0.080, 1.126
0.265, -0.074, 1.137
0.271, -0.073, 1.132
0.276, -0.073, 1.123
0.279, -0.079, 1.105
0.273, -0.086, 1.109
0.278, -0.086, 1.101
0.285, -0.078, 1.098
0.281, -0.072, 1.112
0.283, -0.065, 1.120
0.286, -0.071, 1.104
0.288, -0.064, 1.110
RegionID:9
Center:-0.484,0.130,1.114
Normal:0.545,0.434,-0.717
NumPatches:245
-0.553, 0.223, 1.111
-0.552, 0.215, 1.109
-0.555, 0.206, 1.100
-0.559, 0.198, 1.094
-0.564, 0.197, 1.089
-0.558, 0.190, 1.091
-0.556, 0.182, 1.088
-0.561, 0.174, 1.082
-0.559, 0.166, 1.079
-0.556, 0.159, 1.075
-0.554, 0.151, 1.069
-0.548, 0.144, 1.071
-0.547, 0.137, 1.069
-0.546, 0.129, 1.068
-0.550, 0.122, 1.062
-0.544, 0.115, 1.064
-0.545, 0.122, 1.066
-0.538, 0.115, 1.067
-0.532, 0.108, 1.068
-0.533, 0.115, 1.070
-0.533, 0.123, 1.071
-0.534, 0.130, 1.073
-0.530, 0.131, 1.078
-0.525, 0.124, 1.082
-0.528, 0.116, 1.074
-0.526, 0.108, 1.071
-0.521, 0.109, 1.075
-0.523, 0.116, 1.079
-0.516, 0.109, 1.079
-0.514, 0.102, 1.075
-0.507, 0.095, 1.077
-0.508, 0.102, 1.079
-0.502, 0.095, 1.080
-0.503, 0.102, 1.082
-0.504, 0.110, 1.085
-0.511, 0.117, 1.085
-0.517, 0.117, 1.083
-0.505, 0.117, 1.087
-0.507, 0.125, 1.091
-0.515, 0.132, 1.093
-0.521, 0.132, 1.089
-0.526, 0.131, 1.085
-0.510, 0.133, 1.096
-0.502, 0.125, 1.096
-0.500, 0.118, 1.091
-0.494, 0.111, 1.095
-0.498, 0.103, 1.088
-0.497, 0.095, 1.085
-0.491, 0.088, 1.088
-0.492, 0.096, 1.090
-0.494, 0.103, 1.094
-0.489, 0.111, 1.100
-0.495, 0.118, 1.096
-0.492, 0.126, 1.105
-0.499, 0.134, 1.106
-0.505, 0.133, 1.102
-0.506, 0.141, 1.106
-0.507, 0.149, 1.107
-0.501, 0.149, 1.110
-0.494, 0.142, 1.111
-0.495, 0.149, 1.113
-0.488, 0.142, 1.114
-0.487, 0.135, 1.112
-0.486, 0.127, 1.110
-0.486, 0.119, 1.108
-0.485, 0.112, 1.106
-0.481, 0.128, 1.115
-0.476, 0.128, 1.121
-0.477, 0.136, 1.123
-0.483, 0.143, 1.118
-0.484, 0.151, 1.121
-0.485, 0.158, 1.124
-0.492, 0.166, 1.123
-0.498, 0.165, 1.120
-0.504, 0.165, 1.116
-0.509, 0.164, 1.110
-0.515, 0.163, 1.107
-0.515, 0.171, 1.109
-0.518, 0.179, 1.114
-0.524, 0.186, 1.112
-0.529, 0.185, 1.107
-0.533, 0.177, 1.100
-0.538, 0.176, 1.094
-0.540, 0.167, 1.085
-0.545, 0.159, 1.081
-0.549, 0.151, 1.074
-0.551, 0.159, 1.078
-0.553, 0.167, 1.081
-0.555, 0.175, 1.085
-0.551, 0.183, 1.092
-0.542, 0.175, 1.089
-0.545, 0.183, 1.095
-0.539, 0.152, 1.082
-0.539, 0.160, 1.083
-0.534, 0.153, 1.086
-0.529, 0.154, 1.091
-0.530, 0.161, 1.094
-0.532, 0.169, 1.097
-0.530, 0.193, 1.109
-0.537, 0.200, 1.108
-0.543, 0.200, 1.105
-0.548, 0.199, 1.101
-0.550, 0.207, 1.105
-0.532, 0.201, 1.112
-0.533, 0.209, 1.115
-0.541, 0.216, 1.115
-0.532, 0.219, 1.130
-0.538, 0.229, 1.141
-0.546, 0.237, 1.143
-0.553, 0.244, 1.141
-0.557, 0.243, 1.134
-0.566, 0.251, 1.137
-0.571, 0.249, 1.131
-0.579, 0.257, 1.132
-0.576, 0.245, 1.113
-0.582, 0.255, 1.124
-0.588, 0.265, 1.135
-0.591, 0.274, 1.141
-0.593, 0.283, 1.145
-0.585, 0.275, 1.145
-0.583, 0.267, 1.140
-0.575, 0.259, 1.139
-0.578, 0.268, 1.145
-0.569, 0.260, 1.143
-0.560, 0.252, 1.141
-0.528, 0.221, 1.137
-0.526, 0.212, 1.131
-0.523, 0.203, 1.126
-0.521, 0.195, 1.122
-0.520, 0.187, 1.119
-0.513, 0.180, 1.120
-0.515, 0.188, 1.123
-0.507, 0.181, 1.124
-0.506, 0.173, 1.120
-0.508, 0.189, 1.126
-0.510, 0.197, 1.129
-0.512, 0.205, 1.135
-0.521, 0.213, 1.137
-0.524, 0.222, 1.143
-0.516, 0.214, 1.143
-0.509, 0.207, 1.144
-0.512, 0.216, 1.151
-0.504, 0.208, 1.150
-0.501, 0.199, 1.143
-0.502, 0.189, 1.129
-0.495, 0.182, 1.130
-0.494, 0.174, 1.127
-0.487, 0.167, 1.129
-0.489, 0.175, 1.133
-0.491, 0.183, 1.137
-0.497, 0.190, 1.135
-0.493, 0.191, 1.141
-0.496, 0.200, 1.150
-0.488, 0.192, 1.149
-0.485, 0.184, 1.142
-0.477, 0.176, 1.141
-0.475, 0.168, 1.136
-0.480, 0.159, 1.129
-0.472, 0.152, 1.129
-0.477, 0.143, 1.124
-0.472, 0.144, 1.127
-0.465, 0.137, 1.130
-0.466, 0.145, 1.133
-0.459, 0.137, 1.135
-0.458, 0.129, 1.131
-0.452, 0.130, 1.135
-0.446, 0.130, 1.139
-0.447, 0.138, 1.142
-0.455, 0.146, 1.142
-0.462, 0.153, 1.141
-0.463, 0.161, 1.143
-0.469, 0.168, 1.140
-0.465, 0.169, 1.147
-0.448, 0.146, 1.145
-0.440, 0.131, 1.144
-0.439, 0.123, 1.141
-0.432, 0.115, 1.142
-0.433, 0.123, 1.145
-0.426, 0.116, 1.146
-0.420, 0.116, 1.149
-0.413, 0.109, 1.152
-0.418, 0.101, 1.145
-0.422, 0.092, 1.136
-0.426, 0.084, 1.127
-0.432, 0.076, 1.122
-0.431, 0.069, 1.120
-0.436, 0.061, 1.114
-0.442, 0.061, 1.109
-0.447, 0.060, 1.103
-0.453, 0.060, 1.100
-0.460, 0.067, 1.099
-0.465, 0.067, 1.096
-0.472, 0.074, 1.095
-0.479, 0.082, 1.094
-0.485, 0.081, 1.090
-0.486, 0.089, 1.092
-0.473, 0.082, 1.097
-0.466, 0.075, 1.098
-0.454, 0.068, 1.102
-0.436, 0.053, 1.112
-0.429, 0.054, 1.115
-0.423, 0.054, 1.118
-0.415, 0.046, 1.117
-0.414, 0.039, 1.113
-0.413, 0.031, 1.111
-0.406, 0.024, 1.112
-0.406, 0.031, 1.113
-0.400, 0.024, 1.115
-0.401, 0.031, 1.118
-0.395, 0.032, 1.123
-0.388, 0.024, 1.125
-0.389, 0.032, 1.127
-0.382, 0.024, 1.128
-0.381, 0.017, 1.127
-0.374, 0.009, 1.127
-0.375, 0.017, 1.129
-0.383, 0.032, 1.132
-0.385, 0.040, 1.137
-0.392, 0.047, 1.134
-0.393, 0.055, 1.138
-0.394, 0.062, 1.140
-0.395, 0.070, 1.145
-0.397, 0.078, 1.150
-0.404, 0.086, 1.149
-0.410, 0.085, 1.144
-0.415, 0.085, 1.138
-0.419, 0.077, 1.129
-0.425, 0.069, 1.124
-0.419, 0.069, 1.127
-0.420, 0.084, 1.131
-0.411, 0.093, 1.148
-0.412, 0.101, 1.150
-0.405, 0.094, 1.152
-0.406, 0.101, 1.154
-0.398, 0.086, 1.152
-0.386, 0.047, 1.141
-0.417, 0.054, 1.122
-0.433, 0.084, 1.124
-0.434, 0.092, 1.127
-0.436, 0.099, 1.132
-0.430, 0.100, 1.137
-0.424, 0.100, 1.141
-0.414, 0.117, 1.155
-0.480, 0.185, 1.148
-0.560, 0.205, 1.095
RegionID:10
Center:0.669,0.124,1.367
Normal:-0.059,-0.676,-0.735
NumPatches:25
0.688, 0.086, 1.400
0.695, 0.095, 1.394
0.682, 0.103, 1.386
0.670, 0.112, 1.381
0.660, 0.112, 1.380
0.705, 0.086, 1.397
0.708, 0.077, 1.401
0.699, 0.103, 1.385
0.696, 0.112, 1.378
0.692, 0.120, 1.371
0.680, 0.129, 1.364
0.667, 0.137, 1.357
0.664, 0.129, 1.368
0.658, 0.137, 1.358
0.644, 0.145, 1.347
0.640, 0.137, 1.356
0.635, 0.129, 1.365
0.637, 0.145, 1.350
0.626, 0.154, 1.346
0.641, 0.153, 1.339
0.653, 0.145, 1.346
0.662, 0.145, 1.347
0.675, 0.137, 1.356
0.671, 0.145, 1.346
0.684, 0.137, 1.354
RegionID:11
Center:-0.407,0.252,1.010
Normal:-0.139,-0.636,-0.759
NumPatches:42
-0.385, 0.260, 0.999
-0.392, 0.260, 1.000
-0.399, 0.261, 1.001
-0.397, 0.266, 0.996
-0.402, 0.272, 0.994
-0.410, 0.272, 0.996
-0.418, 0.267, 1.000
-0.425, 0.267, 1.000
-0.431, 0.267, 1.000
-0.441, 0.262, 1.008
-0.449, 0.263, 1.009
-0.444, 0.257, 1.013
-0.436, 0.257, 1.011
-0.431, 0.251, 1.014
-0.434, 0.245, 1.021
-0.426, 0.245, 1.019
-0.421, 0.239, 1.022
-0.419, 0.245, 1.017
-0.413, 0.239, 1.021
-0.408, 0.233, 1.025
-0.406, 0.239, 1.020
-0.401, 0.233, 1.024
-0.404, 0.227, 1.031
-0.398, 0.221, 1.035
-0.396, 0.227, 1.029
-0.391, 0.221, 1.033
-0.394, 0.216, 1.040
-0.388, 0.226, 1.026
-0.387, 0.232, 1.022
-0.385, 0.238, 1.017
-0.382, 0.243, 1.010
-0.381, 0.249, 1.006
-0.386, 0.255, 1.003
-0.379, 0.254, 1.002
-0.428, 0.256, 1.009
-0.439, 0.267, 1.002
-0.417, 0.273, 0.997
-0.407, 0.277, 0.990
-0.400, 0.277, 0.989
-0.395, 0.271, 0.991
-0.387, 0.270, 0.988
-0.380, 0.270, 0.987
RegionID:12
Center:0.253,0.315,1.030
Normal:0.012,-0.453,-0.892
NumPatches:136
0.334, 0.368, 1.004
0.327, 0.368, 1.004
0.320, 0.368, 1.003
0.314, 0.362, 1.006
0.307, 0.362, 1.006
0.301, 0.362, 1.006
0.295, 0.357, 1.010
0.289, 0.357, 1.010
0.282, 0.357, 1.010
0.275, 0.357, 1.010
0.269, 0.357, 1.010
0.262, 0.357, 1.010
0.255, 0.356, 1.009
0.248, 0.356, 1.008
0.241, 0.362, 1.006
0.235, 0.356, 1.009
0.229, 0.351, 1.013
0.223, 0.345, 1.016
0.217, 0.339, 1.018
0.210, 0.339, 1.018
0.203, 0.333, 1.019
0.197, 0.333, 1.019
0.190, 0.327, 1.023
0.184, 0.322, 1.027
0.178, 0.316, 1.029
0.171, 0.315, 1.028
0.165, 0.309, 1.031
0.158, 0.309, 1.031
0.165, 0.303, 1.034
0.166, 0.298, 1.038
0.173, 0.292, 1.041
0.174, 0.286, 1.044
0.181, 0.279, 1.046
0.180, 0.285, 1.043
0.188, 0.279, 1.046
0.188, 0.273, 1.049
0.196, 0.267, 1.054
0.197, 0.261, 1.058
0.204, 0.261, 1.057
0.211, 0.255, 1.060
0.212, 0.249, 1.065
0.214, 0.243, 1.071
0.221, 0.243, 1.070
0.219, 0.249, 1.065
0.226, 0.249, 1.064
0.226, 0.255, 1.060
0.218, 0.261, 1.057
0.211, 0.261, 1.057
0.217, 0.267, 1.053
0.216, 0.273, 1.050
0.223, 0.273, 1.049
0.231, 0.267, 1.051
0.225, 0.261, 1.056
0.232, 0.255, 1.060
0.232, 0.261, 1.056
0.240, 0.255, 1.060
0.239, 0.261, 1.057
0.246, 0.261, 1.058
0.245, 0.267, 1.054
0.237, 0.273, 1.049
0.230, 0.273, 1.049
0.230, 0.280, 1.047
0.222, 0.286, 1.045
0.215, 0.286, 1.045
0.215, 0.292, 1.042
0.214, 0.297, 1.037
0.220, 0.297, 1.036
0.228, 0.292, 1.041
0.229, 0.286, 1.045
0.236, 0.286, 1.046
0.244, 0.280, 1.049
0.245, 0.274, 1.051
0.252, 0.267, 1.054
0.259, 0.268, 1.055
0.259, 0.274, 1.052
0.266, 0.274, 1.052
0.273, 0.274, 1.052
0.272, 0.280, 1.048
0.279, 0.280, 1.048
0.278, 0.286, 1.044
0.277, 0.292, 1.042
0.284, 0.292, 1.043
0.292, 0.286, 1.046
0.291, 0.292, 1.043
0.298, 0.292, 1.043
0.297, 0.298, 1.040
0.304, 0.298, 1.041
0.311, 0.298, 1.041
0.310, 0.304, 1.037
0.317, 0.304, 1.037
0.316, 0.310, 1.034
0.323, 0.310, 1.033
0.322, 0.316, 1.030
0.328, 0.315, 1.029
0.327, 0.322, 1.027
0.334, 0.322, 1.027
0.334, 0.328, 1.024
0.340, 0.328, 1.024
0.339, 0.333, 1.020
0.345, 0.333, 1.019
0.345, 0.339, 1.016
0.344, 0.345, 1.015
0.337, 0.351, 1.013
0.335, 0.357, 1.010
0.334, 0.362, 1.006
0.344, 0.351, 1.014
0.244, 0.286, 1.047
0.243, 0.292, 1.043
0.234, 0.298, 1.037
0.227, 0.297, 1.036
0.227, 0.303, 1.033
0.226, 0.309, 1.031
0.233, 0.310, 1.032
0.241, 0.304, 1.035
0.242, 0.298, 1.039
0.249, 0.298, 1.039
0.256, 0.292, 1.042
0.250, 0.286, 1.047
0.257, 0.286, 1.045
0.255, 0.298, 1.038
0.240, 0.310, 1.033
0.195, 0.273, 1.049
0.172, 0.298, 1.038
0.164, 0.315, 1.028
0.177, 0.322, 1.026
0.184, 0.328, 1.024
0.190, 0.333, 1.020
0.203, 0.339, 1.016
0.216, 0.345, 1.016
0.222, 0.351, 1.013
0.228, 0.357, 1.010
0.234, 0.362, 1.006
0.240, 0.368, 1.004
0.247, 0.362, 1.005
0.294, 0.362, 1.007
0.313, 0.367, 1.002
RegionID:13
Center:-0.229,0.328,1.002
Normal:0.888,0.275,-0.369
NumPatches:50
-0.249, 0.375, 0.988
-0.252, 0.364, 0.975
-0.251, 0.355, 0.970
-0.254, 0.345, 0.958
-0.249, 0.340, 0.964
-0.250, 0.348, 0.967
-0.246, 0.344, 0.975
-0.245, 0.337, 0.971
-0.244, 0.329, 0.968
-0.239, 0.325, 0.975
-0.240, 0.332, 0.977
-0.235, 0.328, 0.986
-0.235, 0.322, 0.984
-0.230, 0.317, 0.991
-0.229, 0.309, 0.987
-0.228, 0.302, 0.983
-0.228, 0.294, 0.981
-0.227, 0.287, 0.978
-0.224, 0.297, 0.991
-0.219, 0.293, 1.000
-0.220, 0.301, 1.003
-0.215, 0.297, 1.011
-0.214, 0.289, 1.006
-0.210, 0.300, 1.023
-0.212, 0.309, 1.029
-0.213, 0.318, 1.035
-0.218, 0.322, 1.028
-0.219, 0.330, 1.030
-0.224, 0.333, 1.021
-0.224, 0.341, 1.024
-0.228, 0.344, 1.012
-0.232, 0.340, 1.001
-0.233, 0.348, 1.004
-0.238, 0.351, 0.995
-0.243, 0.356, 0.990
-0.247, 0.359, 0.981
-0.248, 0.367, 0.985
-0.244, 0.364, 0.994
-0.239, 0.360, 1.000
-0.234, 0.356, 1.007
-0.225, 0.349, 1.027
-0.219, 0.337, 1.031
-0.214, 0.326, 1.041
-0.207, 0.313, 1.041
-0.206, 0.304, 1.037
-0.206, 0.297, 1.034
-0.202, 0.301, 1.048
-0.202, 0.308, 1.051
-0.197, 0.297, 1.058
-0.231, 0.324, 0.993
RegionID:14
Center:-0.332,0.320,0.899
Normal:-0.223,-0.366,-0.903
NumPatches:33
-0.325, 0.338, 0.889
-0.331, 0.338, 0.891
-0.337, 0.339, 0.892
-0.344, 0.339, 0.893
-0.351, 0.334, 0.896
-0.357, 0.335, 0.897
-0.357, 0.340, 0.896
-0.350, 0.340, 0.894
-0.352, 0.329, 0.899
-0.353, 0.325, 0.902
-0.348, 0.319, 0.903
-0.347, 0.324, 0.901
-0.341, 0.318, 0.902
-0.342, 0.313, 0.904
-0.343, 0.308, 0.907
-0.337, 0.303, 0.908
-0.338, 0.297, 0.910
-0.332, 0.291, 0.910
-0.331, 0.302, 0.906
-0.337, 0.308, 0.906
-0.324, 0.301, 0.904
-0.317, 0.300, 0.901
-0.317, 0.306, 0.900
-0.316, 0.311, 0.898
-0.309, 0.310, 0.895
-0.308, 0.316, 0.893
-0.315, 0.322, 0.895
-0.322, 0.323, 0.897
-0.327, 0.329, 0.897
-0.326, 0.333, 0.893
-0.321, 0.328, 0.895
-0.308, 0.321, 0.893
-0.302, 0.309, 0.893
