NumRegions:16
RegionID:0
Center:-0.223,-0.462,1.304
Normal:-0.250,0.960,-0.126
NumPatches:81
-0.236, -0.452, 1.316
-0.245, -0.454, 1.322
-0.256, -0.456, 1.328
-0.266, -0.458, 1.335
-0.274, -0.466, 1.331
-0.286, -0.471, 1.345
-0.300, -0.480, 1.372
-0.288, -0.466, 1.358
-0.312, -0.479, 1.423
-0.329, -0.481, 1.459
-0.344, -0.480, 1.483
-0.357, -0.483, 1.493
-0.369, -0.486, 1.504
-0.360, -0.477, 1.506
-0.347, -0.473, 1.494
-0.332, -0.475, 1.470
-0.334, -0.470, 1.482
-0.319, -0.471, 1.457
-0.322, -0.466, 1.470
-0.305, -0.465, 1.437
-0.298, -0.464, 1.405
-0.293, -0.464, 1.380
-0.276, -0.461, 1.343
-0.310, -0.462, 1.460
-0.313, -0.457, 1.474
-0.272, -0.471, 1.321
-0.270, -0.476, 1.311
-0.259, -0.473, 1.304
-0.261, -0.468, 1.312
-0.251, -0.466, 1.306
-0.240, -0.470, 1.294
-0.249, -0.479, 1.294
-0.239, -0.475, 1.285
-0.229, -0.472, 1.277
-0.219, -0.470, 1.271
-0.221, -0.465, 1.280
-0.233, -0.463, 1.299
-0.242, -0.464, 1.302
-0.234, -0.458, 1.308
-0.223, -0.460, 1.291
-0.225, -0.456, 1.302
-0.214, -0.453, 1.293
-0.203, -0.455, 1.276
-0.202, -0.461, 1.268
-0.210, -0.468, 1.266
-0.201, -0.466, 1.260
-0.190, -0.470, 1.247
-0.189, -0.475, 1.240
-0.181, -0.467, 1.240
-0.191, -0.464, 1.255
-0.193, -0.459, 1.263
-0.182, -0.461, 1.247
-0.183, -0.456, 1.256
-0.185, -0.451, 1.265
-0.195, -0.447, 1.278
-0.205, -0.450, 1.287
-0.174, -0.454, 1.251
-0.175, -0.449, 1.259
-0.166, -0.453, 1.249
-0.165, -0.459, 1.242
-0.164, -0.464, 1.233
-0.171, -0.472, 1.231
-0.153, -0.465, 1.215
-0.154, -0.461, 1.224
-0.145, -0.459, 1.218
-0.137, -0.457, 1.213
-0.138, -0.452, 1.221
-0.147, -0.447, 1.230
-0.128, -0.454, 1.205
-0.127, -0.459, 1.198
-0.119, -0.458, 1.194
-0.110, -0.456, 1.190
-0.111, -0.451, 1.197
-0.102, -0.454, 1.186
-0.103, -0.449, 1.193
-0.103, -0.444, 1.200
-0.113, -0.441, 1.214
-0.122, -0.444, 1.222
-0.130, -0.445, 1.226
-0.166, -0.447, 1.255
-0.168, -0.442, 1.264
RegionID:1
Center:0.120,-0.446,1.283
Normal:0.829,0.358,-0.430
NumPatches:57
0.032, -0.367, 1.184
0.040, -0.377, 1.190
0.048, -0.380, 1.200
0.056, -0.390, 1.207
0.057, -0.384, 1.211
0.065, -0.395, 1.220
0.065, -0.401, 1.215
0.064, -0.407, 1.209
0.073, -0.418, 1.218
0.073, -0.412, 1.223
0.082, -0.421, 1.228
0.091, -0.433, 1.237
0.091, -0.426, 1.240
0.100, -0.437, 1.249
0.100, -0.445, 1.247
0.109, -0.457, 1.258
0.109, -0.449, 1.261
0.109, -0.442, 1.262
0.110, -0.435, 1.267
0.110, -0.429, 1.275
0.111, -0.424, 1.285
0.102, -0.413, 1.278
0.093, -0.410, 1.267
0.084, -0.406, 1.255
0.074, -0.400, 1.236
0.065, -0.388, 1.224
0.075, -0.394, 1.243
0.112, -0.418, 1.292
0.121, -0.430, 1.303
0.131, -0.440, 1.308
0.119, -0.439, 1.280
0.129, -0.453, 1.295
0.119, -0.455, 1.276
0.119, -0.462, 1.272
0.118, -0.469, 1.268
0.127, -0.479, 1.273
0.126, -0.485, 1.267
0.136, -0.491, 1.282
0.146, -0.495, 1.292
0.156, -0.500, 1.306
0.167, -0.506, 1.320
0.168, -0.500, 1.329
0.169, -0.494, 1.337
0.170, -0.488, 1.343
0.171, -0.482, 1.351
0.172, -0.475, 1.359
0.173, -0.469, 1.366
0.162, -0.456, 1.354
0.151, -0.450, 1.338
0.141, -0.445, 1.323
0.130, -0.446, 1.299
0.131, -0.434, 1.315
0.141, -0.438, 1.326
0.174, -0.462, 1.373
0.186, -0.470, 1.395
0.128, -0.473, 1.279
0.129, -0.461, 1.292
RegionID:2
Center:0.126,-0.240,0.886
Normal:-0.124,-0.636,-0.762
NumPatches:146
0.006, -0.238, 0.904
0.000, -0.240, 0.908
-0.006, -0.231, 0.899
-0.012, -0.232, 0.902
-0.018, -0.233, 0.907
-0.024, -0.226, 0.901
-0.024, -0.218, 0.893
-0.023, -0.210, 0.885
-0.023, -0.203, 0.879
-0.017, -0.210, 0.884
-0.018, -0.217, 0.889
-0.018, -0.224, 0.896
-0.012, -0.224, 0.893
-0.006, -0.223, 0.891
-0.006, -0.216, 0.886
-0.012, -0.209, 0.883
-0.017, -0.202, 0.877
-0.017, -0.195, 0.871
-0.017, -0.188, 0.867
-0.011, -0.195, 0.871
-0.011, -0.202, 0.878
-0.006, -0.209, 0.882
-0.006, -0.202, 0.878
0.000, -0.202, 0.876
0.006, -0.201, 0.874
0.012, -0.201, 0.872
0.018, -0.201, 0.872
0.023, -0.208, 0.877
0.023, -0.201, 0.871
0.029, -0.208, 0.876
0.035, -0.207, 0.875
0.041, -0.207, 0.874
0.047, -0.214, 0.878
0.041, -0.222, 0.885
0.035, -0.222, 0.886
0.030, -0.222, 0.887
0.024, -0.222, 0.888
0.018, -0.223, 0.889
0.012, -0.223, 0.890
0.006, -0.216, 0.886
0.000, -0.216, 0.886
0.012, -0.216, 0.885
0.047, -0.221, 0.884
0.053, -0.228, 0.888
0.053, -0.221, 0.882
0.053, -0.214, 0.877
0.047, -0.207, 0.873
0.058, -0.213, 0.876
0.064, -0.220, 0.880
0.059, -0.228, 0.887
0.065, -0.228, 0.886
0.071, -0.227, 0.884
0.070, -0.220, 0.879
0.064, -0.213, 0.874
0.076, -0.227, 0.883
0.077, -0.234, 0.888
0.083, -0.234, 0.889
0.082, -0.227, 0.883
0.076, -0.220, 0.877
0.082, -0.219, 0.876
0.088, -0.227, 0.884
0.089, -0.234, 0.889
0.095, -0.234, 0.888
0.094, -0.227, 0.882
0.100, -0.234, 0.886
0.100, -0.226, 0.880
0.106, -0.233, 0.884
0.105, -0.226, 0.878
0.112, -0.233, 0.883
0.112, -0.240, 0.888
0.118, -0.240, 0.888
0.117, -0.233, 0.883
0.124, -0.240, 0.887
0.123, -0.232, 0.880
0.129, -0.239, 0.884
0.130, -0.247, 0.891
0.136, -0.246, 0.889
0.135, -0.239, 0.883
0.128, -0.231, 0.878
0.142, -0.246, 0.889
0.141, -0.239, 0.883
0.148, -0.246, 0.888
0.148, -0.253, 0.893
0.154, -0.253, 0.893
0.153, -0.246, 0.888
0.147, -0.239, 0.882
0.152, -0.238, 0.881
0.159, -0.246, 0.887
0.160, -0.253, 0.892
0.166, -0.253, 0.891
0.165, -0.245, 0.884
0.171, -0.252, 0.888
0.173, -0.260, 0.896
0.178, -0.259, 0.892
0.184, -0.259, 0.891
0.189, -0.258, 0.890
0.197, -0.266, 0.896
0.195, -0.258, 0.889
0.194, -0.251, 0.884
0.187, -0.244, 0.880
0.181, -0.244, 0.880
0.175, -0.244, 0.880
0.170, -0.244, 0.881
0.174, -0.236, 0.874
0.193, -0.244, 0.880
0.200, -0.251, 0.883
0.205, -0.250, 0.881
0.210, -0.249, 0.879
0.216, -0.249, 0.877
0.222, -0.249, 0.877
0.229, -0.256, 0.883
0.227, -0.249, 0.878
0.235, -0.256, 0.883
0.242, -0.263, 0.887
0.238, -0.272, 0.895
0.232, -0.272, 0.896
0.226, -0.272, 0.896
0.220, -0.272, 0.896
0.215, -0.272, 0.897
0.208, -0.265, 0.893
0.202, -0.266, 0.895
0.213, -0.265, 0.891
0.245, -0.279, 0.900
0.243, -0.271, 0.893
0.251, -0.279, 0.898
0.257, -0.278, 0.898
0.255, -0.270, 0.891
0.247, -0.263, 0.886
0.240, -0.256, 0.882
0.253, -0.263, 0.886
0.261, -0.271, 0.892
0.262, -0.278, 0.897
0.269, -0.285, 0.901
0.268, -0.278, 0.896
0.266, -0.270, 0.890
0.271, -0.269, 0.886
0.276, -0.269, 0.885
0.284, -0.276, 0.890
0.281, -0.285, 0.899
0.275, -0.285, 0.900
0.286, -0.284, 0.898
0.294, -0.292, 0.902
0.292, -0.285, 0.898
0.290, -0.276, 0.891
0.282, -0.268, 0.884
0.298, -0.284, 0.898
RegionID:3
Center:-0.632,-0.365,1.357
Normal:0.067,-0.622,-0.780
NumPatches:57
-0.713, -0.400, 1.377
-0.704, -0.400, 1.377
-0.697, -0.401, 1.380
-0.690, -0.402, 1.385
-0.685, -0.390, 1.376
-0.688, -0.377, 1.363
-0.682, -0.365, 1.351
-0.678, -0.354, 1.343
-0.675, -0.344, 1.337
-0.676, -0.331, 1.322
-0.690, -0.342, 1.332
-0.685, -0.331, 1.324
-0.666, -0.344, 1.338
-0.661, -0.333, 1.328
-0.653, -0.333, 1.329
-0.645, -0.333, 1.331
-0.638, -0.334, 1.334
-0.630, -0.335, 1.337
-0.622, -0.335, 1.338
-0.613, -0.335, 1.338
-0.604, -0.335, 1.339
-0.596, -0.335, 1.339
-0.586, -0.335, 1.337
-0.581, -0.323, 1.327
-0.576, -0.335, 1.336
-0.581, -0.346, 1.346
-0.576, -0.358, 1.356
-0.580, -0.369, 1.365
-0.583, -0.380, 1.371
-0.595, -0.391, 1.378
-0.604, -0.391, 1.378
-0.613, -0.391, 1.379
-0.622, -0.391, 1.378
-0.630, -0.390, 1.376
-0.639, -0.390, 1.374
-0.646, -0.389, 1.372
-0.654, -0.388, 1.369
-0.672, -0.402, 1.386
-0.681, -0.403, 1.387
-0.675, -0.390, 1.375
-0.680, -0.378, 1.365
-0.670, -0.378, 1.364
-0.665, -0.366, 1.353
-0.656, -0.366, 1.353
-0.650, -0.377, 1.360
-0.664, -0.389, 1.371
-0.647, -0.366, 1.354
-0.640, -0.367, 1.357
-0.636, -0.379, 1.368
-0.632, -0.368, 1.360
-0.598, -0.402, 1.386
-0.613, -0.416, 1.400
-0.605, -0.416, 1.403
-0.596, -0.416, 1.403
-0.586, -0.391, 1.380
-0.572, -0.346, 1.347
-0.573, -0.324, 1.328
RegionID:4
Center:-0.377,-0.220,1.157
Normal:-0.143,-0.853,-0.501
NumPatches:117
-0.444, -0.392, 1.487
-0.434, -0.392, 1.486
-0.424, -0.391, 1.485
-0.413, -0.391, 1.483
-0.410, -0.378, 1.472
-0.411, -0.361, 1.441
-0.426, -0.365, 1.458
-0.386, -0.329, 1.351
-0.376, -0.305, 1.288
-0.386, -0.306, 1.291
-0.395, -0.307, 1.295
-0.407, -0.309, 1.303
-0.385, -0.291, 1.262
-0.389, -0.279, 1.247
-0.392, -0.267, 1.230
-0.400, -0.267, 1.231
-0.410, -0.268, 1.234
-0.419, -0.269, 1.238
-0.428, -0.270, 1.240
-0.444, -0.283, 1.263
-0.447, -0.271, 1.248
-0.440, -0.259, 1.228
-0.433, -0.246, 1.207
-0.425, -0.234, 1.187
-0.428, -0.224, 1.172
-0.442, -0.235, 1.190
-0.451, -0.235, 1.192
-0.449, -0.246, 1.208
-0.426, -0.211, 1.147
-0.435, -0.212, 1.149
-0.444, -0.212, 1.153
-0.445, -0.202, 1.137
-0.456, -0.203, 1.144
-0.447, -0.192, 1.123
-0.439, -0.191, 1.121
-0.433, -0.181, 1.104
-0.435, -0.172, 1.091
-0.430, -0.163, 1.079
-0.429, -0.153, 1.060
-0.422, -0.144, 1.043
-0.424, -0.135, 1.031
-0.438, -0.144, 1.047
-0.427, -0.127, 1.022
-0.418, -0.126, 1.016
-0.413, -0.118, 1.003
-0.410, -0.126, 1.013
-0.417, -0.135, 1.029
-0.404, -0.126, 1.013
-0.405, -0.118, 1.000
-0.397, -0.126, 1.013
-0.389, -0.126, 1.011
-0.381, -0.125, 1.008
-0.379, -0.134, 1.019
-0.373, -0.125, 1.003
-0.371, -0.133, 1.016
-0.364, -0.133, 1.017
-0.357, -0.133, 1.015
-0.349, -0.132, 1.010
-0.341, -0.132, 1.007
-0.334, -0.132, 1.006
-0.326, -0.131, 1.003
-0.323, -0.139, 1.013
-0.319, -0.131, 1.000
-0.316, -0.139, 1.012
-0.320, -0.148, 1.026
-0.318, -0.157, 1.042
-0.323, -0.167, 1.059
-0.328, -0.176, 1.074
-0.325, -0.186, 1.090
-0.320, -0.176, 1.071
-0.317, -0.185, 1.084
-0.322, -0.196, 1.103
-0.328, -0.207, 1.122
-0.325, -0.217, 1.137
-0.319, -0.206, 1.118
-0.316, -0.217, 1.135
-0.321, -0.227, 1.152
-0.317, -0.238, 1.166
-0.323, -0.250, 1.186
-0.320, -0.262, 1.205
-0.314, -0.249, 1.183
-0.312, -0.262, 1.206
-0.317, -0.274, 1.224
-0.322, -0.286, 1.242
-0.318, -0.299, 1.261
-0.340, -0.320, 1.313
-0.373, -0.352, 1.405
-0.386, -0.355, 1.417
-0.398, -0.358, 1.427
-0.359, -0.322, 1.321
-0.355, -0.302, 1.275
-0.366, -0.304, 1.282
-0.345, -0.301, 1.269
-0.347, -0.319, 1.308
-0.390, -0.378, 1.471
-0.404, -0.391, 1.484
-0.406, -0.404, 1.493
-0.410, -0.417, 1.506
-0.399, -0.417, 1.504
-0.396, -0.403, 1.491
-0.394, -0.392, 1.486
-0.389, -0.416, 1.502
-0.382, -0.430, 1.516
-0.379, -0.417, 1.504
-0.330, -0.319, 1.309
-0.319, -0.317, 1.301
-0.312, -0.286, 1.239
-0.313, -0.227, 1.149
-0.313, -0.148, 1.025
-0.423, -0.153, 1.061
-0.426, -0.171, 1.088
-0.436, -0.201, 1.133
-0.418, -0.211, 1.146
-0.418, -0.222, 1.166
-0.437, -0.270, 1.243
-0.383, -0.266, 1.226
-0.380, -0.278, 1.243
RegionID:5
Center:0.162,-0.156,0.933
Normal:0.216,0.738,-0.640
NumPatches:202
0.026, -0.070, 0.987
0.020, -0.070, 0.986
0.013, -0.070, 0.983
0.007, -0.076, 0.973
0.000, -0.081, 0.963
0.000, -0.087, 0.958
0.000, -0.093, 0.952
0.000, -0.099, 0.944
0.000, -0.104, 0.939
0.000, -0.110, 0.931
-0.006, -0.115, 0.923
-0.006, -0.120, 0.918
-0.006, -0.125, 0.911
-0.006, -0.130, 0.903
-0.012, -0.135, 0.896
-0.012, -0.140, 0.891
-0.012, -0.146, 0.887
-0.011, -0.150, 0.879
-0.011, -0.155, 0.873
-0.006, -0.156, 0.877
0.000, -0.156, 0.881
0.006, -0.157, 0.883
0.012, -0.157, 0.883
0.018, -0.162, 0.879
0.018, -0.157, 0.884
0.024, -0.162, 0.881
0.023, -0.167, 0.875
0.029, -0.167, 0.876
0.035, -0.167, 0.876
0.041, -0.168, 0.878
0.047, -0.168, 0.881
0.053, -0.173, 0.877
0.053, -0.168, 0.882
0.059, -0.173, 0.879
0.064, -0.179, 0.875
0.064, -0.174, 0.880
0.070, -0.179, 0.876
0.076, -0.179, 0.878
0.082, -0.179, 0.880
0.088, -0.180, 0.882
0.093, -0.185, 0.877
0.094, -0.180, 0.883
0.099, -0.185, 0.879
0.105, -0.190, 0.877
0.105, -0.185, 0.880
0.111, -0.191, 0.878
0.117, -0.191, 0.879
0.123, -0.191, 0.880
0.129, -0.191, 0.881
0.135, -0.192, 0.884
0.141, -0.192, 0.885
0.147, -0.197, 0.882
0.147, -0.193, 0.887
0.153, -0.198, 0.883
0.152, -0.202, 0.878
0.159, -0.198, 0.884
0.164, -0.203, 0.879
0.165, -0.198, 0.885
0.171, -0.198, 0.886
0.176, -0.203, 0.881
0.177, -0.199, 0.888
0.182, -0.203, 0.883
0.181, -0.208, 0.878
0.187, -0.209, 0.880
0.193, -0.209, 0.882
0.200, -0.210, 0.884
0.206, -0.210, 0.886
0.207, -0.206, 0.891
0.209, -0.201, 0.898
0.210, -0.196, 0.903
0.217, -0.197, 0.905
0.222, -0.202, 0.903
0.214, -0.206, 0.893
0.212, -0.210, 0.886
0.217, -0.215, 0.883
0.218, -0.211, 0.888
0.220, -0.206, 0.895
0.226, -0.207, 0.896
0.233, -0.207, 0.897
0.234, -0.202, 0.904
0.230, -0.198, 0.910
0.223, -0.197, 0.909
0.236, -0.198, 0.911
0.223, -0.216, 0.884
0.230, -0.216, 0.885
0.236, -0.216, 0.887
0.242, -0.217, 0.889
0.247, -0.222, 0.886
0.249, -0.217, 0.892
0.254, -0.222, 0.888
0.259, -0.227, 0.885
0.260, -0.223, 0.890
0.265, -0.228, 0.887
0.272, -0.228, 0.889
0.276, -0.233, 0.884
0.278, -0.229, 0.890
0.282, -0.233, 0.885
0.287, -0.238, 0.881
0.288, -0.233, 0.886
0.295, -0.234, 0.887
0.300, -0.239, 0.884
0.301, -0.234, 0.889
0.306, -0.239, 0.886
0.311, -0.245, 0.883
0.312, -0.240, 0.887
0.314, -0.235, 0.891
0.316, -0.231, 0.899
0.319, -0.227, 0.905
0.320, -0.222, 0.910
0.322, -0.217, 0.914
0.324, -0.212, 0.920
0.327, -0.208, 0.929
0.330, -0.203, 0.936
0.324, -0.198, 0.938
0.326, -0.192, 0.944
0.329, -0.188, 0.953
0.332, -0.183, 0.961
0.335, -0.178, 0.968
0.330, -0.173, 0.973
0.322, -0.172, 0.970
0.325, -0.167, 0.977
0.326, -0.161, 0.981
0.328, -0.156, 0.989
0.324, -0.150, 0.995
0.319, -0.144, 1.000
0.312, -0.144, 0.998
0.304, -0.144, 0.995
0.297, -0.143, 0.992
0.289, -0.143, 0.989
0.282, -0.143, 0.988
0.278, -0.137, 0.994
0.271, -0.137, 0.993
0.263, -0.136, 0.990
0.258, -0.130, 0.994
0.251, -0.130, 0.992
0.244, -0.130, 0.990
0.239, -0.124, 0.997
0.231, -0.124, 0.994
0.224, -0.123, 0.992
0.217, -0.123, 0.991
0.211, -0.123, 0.990
0.203, -0.123, 0.987
0.198, -0.117, 0.992
0.191, -0.117, 0.990
0.185, -0.110, 0.993
0.178, -0.110, 0.990
0.171, -0.110, 0.988
0.164, -0.110, 0.986
0.158, -0.104, 0.992
0.151, -0.103, 0.989
0.144, -0.103, 0.987
0.138, -0.103, 0.985
0.131, -0.103, 0.984
0.125, -0.097, 0.989
0.118, -0.096, 0.986
0.111, -0.096, 0.983
0.104, -0.096, 0.981
0.098, -0.090, 0.984
0.092, -0.090, 0.983
0.085, -0.090, 0.981
0.078, -0.089, 0.980
0.072, -0.089, 0.979
0.065, -0.083, 0.983
0.059, -0.083, 0.979
0.052, -0.083, 0.977
0.046, -0.083, 0.976
0.039, -0.077, 0.982
0.033, -0.076, 0.981
0.026, -0.076, 0.980
0.046, -0.077, 0.983
0.072, -0.084, 0.987
0.105, -0.090, 0.986
0.132, -0.097, 0.989
0.165, -0.104, 0.993
0.192, -0.111, 0.996
0.205, -0.117, 0.993
0.218, -0.117, 0.996
0.245, -0.124, 0.998
0.265, -0.130, 0.996
0.284, -0.137, 0.995
0.326, -0.145, 1.002
0.332, -0.151, 0.998
0.339, -0.151, 1.001
0.344, -0.157, 0.997
0.333, -0.161, 0.983
0.339, -0.168, 0.981
0.337, -0.173, 0.976
0.341, -0.162, 0.988
0.347, -0.151, 1.003
0.331, -0.198, 0.940
0.324, -0.232, 0.902
0.318, -0.240, 0.888
-0.006, -0.141, 0.893
-0.006, -0.135, 0.897
0.000, -0.141, 0.895
0.006, -0.141, 0.898
0.006, -0.136, 0.903
0.000, -0.131, 0.906
0.006, -0.131, 0.909
0.000, -0.115, 0.924
0.007, -0.082, 0.964
0.007, -0.070, 0.981
RegionID:6
Center:-0.220,-0.313,1.392
Normal:-0.140,-0.647,-0.750
NumPatches:23
-0.228, -0.290, 1.377
-0.220, -0.301, 1.385
-0.231, -0.312, 1.394
-0.240, -0.312, 1.394
-0.233, -0.324, 1.405
-0.245, -0.337, 1.420
-0.255, -0.348, 1.426
-0.257, -0.359, 1.433
-0.237, -0.348, 1.429
-0.235, -0.336, 1.417
-0.227, -0.347, 1.424
-0.216, -0.346, 1.418
-0.215, -0.334, 1.410
-0.214, -0.323, 1.400
-0.222, -0.312, 1.394
-0.212, -0.311, 1.387
-0.209, -0.288, 1.368
-0.198, -0.277, 1.355
-0.205, -0.266, 1.347
-0.197, -0.266, 1.347
-0.189, -0.276, 1.355
-0.190, -0.287, 1.362
-0.187, -0.266, 1.346
RegionID:7
Center:-0.638,-0.266,1.340
Normal:-0.125,0.785,-0.607
NumPatches:25
-0.632, -0.250, 1.360
-0.641, -0.250, 1.361
-0.650, -0.250, 1.361
-0.656, -0.258, 1.353
-0.661, -0.265, 1.345
-0.665, -0.273, 1.336
-0.676, -0.273, 1.340
-0.660, -0.279, 1.326
-0.651, -0.279, 1.326
-0.642, -0.279, 1.325
-0.633, -0.279, 1.324
-0.623, -0.279, 1.322
-0.627, -0.271, 1.330
-0.632, -0.265, 1.341
-0.623, -0.264, 1.340
-0.627, -0.258, 1.350
-0.612, -0.264, 1.337
-0.608, -0.271, 1.326
-0.598, -0.270, 1.324
-0.602, -0.263, 1.334
-0.617, -0.257, 1.348
-0.608, -0.257, 1.346
-0.671, -0.266, 1.348
-0.651, -0.265, 1.343
-0.660, -0.251, 1.363
RegionID:8
Center:-0.278,-0.163,1.138
Normal:0.991,-0.098,-0.092
NumPatches:54
-0.277, -0.098, 1.071
-0.278, -0.089, 1.048
-0.281, -0.094, 1.033
-0.282, -0.101, 1.036
-0.283, -0.109, 1.041
-0.284, -0.116, 1.044
-0.284, -0.123, 1.044
-0.282, -0.132, 1.064
-0.282, -0.139, 1.064
-0.281, -0.150, 1.086
-0.282, -0.157, 1.089
-0.281, -0.168, 1.114
-0.280, -0.160, 1.109
-0.279, -0.171, 1.136
-0.280, -0.180, 1.140
-0.279, -0.192, 1.167
-0.279, -0.200, 1.169
-0.280, -0.208, 1.174
-0.278, -0.221, 1.198
-0.278, -0.212, 1.196
-0.277, -0.226, 1.228
-0.278, -0.235, 1.230
-0.278, -0.244, 1.234
-0.276, -0.258, 1.262
-0.276, -0.249, 1.261
-0.276, -0.240, 1.260
-0.275, -0.231, 1.257
-0.274, -0.222, 1.252
-0.275, -0.208, 1.218
-0.274, -0.200, 1.215
-0.276, -0.187, 1.189
-0.278, -0.184, 1.165
-0.277, -0.175, 1.160
-0.276, -0.166, 1.154
-0.277, -0.155, 1.127
-0.277, -0.148, 1.129
-0.277, -0.140, 1.129
-0.279, -0.130, 1.106
-0.280, -0.120, 1.083
-0.283, -0.125, 1.065
-0.282, -0.118, 1.062
-0.279, -0.123, 1.105
-0.278, -0.115, 1.102
-0.277, -0.133, 1.129
-0.275, -0.158, 1.151
-0.276, -0.179, 1.188
-0.274, -0.191, 1.214
-0.273, -0.213, 1.249
-0.272, -0.236, 1.282
-0.281, -0.142, 1.086
-0.280, -0.087, 1.031
-0.280, -0.080, 1.030
-0.281, -0.074, 1.031
-0.279, -0.082, 1.049
RegionID:9
Center:-0.377,-0.067,0.998
Normal:-0.025,0.568,-0.822
NumPatches:65
-0.317, -0.095, 0.976
-0.324, -0.096, 0.976
-0.325, -0.089, 0.979
-0.326, -0.083, 0.983
-0.335, -0.077, 0.988
-0.341, -0.083, 0.987
-0.347, -0.083, 0.987
-0.353, -0.083, 0.986
-0.360, -0.083, 0.987
-0.367, -0.083, 0.987
-0.373, -0.083, 0.986
-0.380, -0.083, 0.986
-0.386, -0.083, 0.986
-0.393, -0.083, 0.986
-0.400, -0.083, 0.987
-0.406, -0.084, 0.988
-0.413, -0.084, 0.989
-0.420, -0.084, 0.989
-0.429, -0.078, 0.994
-0.436, -0.078, 0.995
-0.442, -0.077, 0.994
-0.449, -0.077, 0.994
-0.450, -0.071, 0.997
-0.444, -0.071, 0.999
-0.446, -0.065, 1.004
-0.439, -0.065, 1.003
-0.441, -0.058, 1.007
-0.443, -0.052, 1.010
-0.444, -0.045, 1.013
-0.437, -0.045, 1.013
-0.430, -0.045, 1.012
-0.423, -0.045, 1.013
-0.417, -0.045, 1.013
-0.410, -0.045, 1.012
-0.403, -0.045, 1.012
-0.396, -0.045, 1.012
-0.389, -0.052, 1.010
-0.390, -0.045, 1.012
-0.382, -0.052, 1.009
-0.375, -0.052, 1.008
-0.376, -0.045, 1.012
-0.368, -0.052, 1.008
-0.361, -0.052, 1.008
-0.355, -0.052, 1.008
-0.348, -0.052, 1.008
-0.341, -0.052, 1.008
-0.334, -0.052, 1.007
-0.327, -0.052, 1.007
-0.320, -0.058, 1.003
-0.321, -0.052, 1.006
-0.313, -0.058, 1.003
-0.312, -0.065, 0.999
-0.310, -0.071, 0.994
-0.315, -0.077, 0.990
-0.322, -0.077, 0.990
-0.328, -0.077, 0.988
-0.314, -0.083, 0.986
-0.306, -0.089, 0.981
-0.311, -0.096, 0.976
-0.307, -0.083, 0.985
-0.309, -0.077, 0.990
-0.305, -0.065, 1.000
-0.306, -0.058, 1.003
-0.422, -0.077, 0.993
-0.342, -0.077, 0.990
RegionID:10
Center:0.393,-0.079,1.027
Normal:0.436,0.651,-0.621
NumPatches:27
0.367, -0.066, 1.023
0.359, -0.066, 1.018
0.350, -0.065, 1.012
0.344, -0.059, 1.015
0.347, -0.053, 1.023
0.353, -0.059, 1.020
0.355, -0.053, 1.028
0.361, -0.060, 1.025
0.365, -0.072, 1.016
0.373, -0.073, 1.020
0.379, -0.079, 1.018
0.381, -0.073, 1.024
0.387, -0.080, 1.023
0.393, -0.086, 1.020
0.396, -0.080, 1.028
0.401, -0.087, 1.024
0.405, -0.081, 1.034
0.411, -0.087, 1.031
0.407, -0.093, 1.022
0.417, -0.094, 1.029
0.421, -0.088, 1.038
0.426, -0.094, 1.034
0.432, -0.101, 1.032
0.436, -0.095, 1.041
0.442, -0.102, 1.040
0.446, -0.096, 1.048
0.455, -0.096, 1.054
RegionID:11
Center:0.175,-0.028,0.962
Normal:-0.120,-0.636,-0.762
NumPatches:119
0.238, -0.077, 0.993
0.231, -0.078, 0.994
0.225, -0.078, 0.995
0.219, -0.078, 0.996
0.213, -0.078, 0.999
0.206, -0.078, 1.000
0.198, -0.071, 0.994
0.192, -0.071, 0.994
0.185, -0.071, 0.995
0.179, -0.071, 0.997
0.172, -0.071, 0.998
0.165, -0.064, 0.991
0.158, -0.064, 0.992
0.151, -0.057, 0.989
0.145, -0.058, 0.992
0.139, -0.058, 0.992
0.132, -0.058, 0.992
0.125, -0.051, 0.989
0.119, -0.051, 0.990
0.113, -0.058, 0.997
0.112, -0.051, 0.992
0.105, -0.044, 0.987
0.099, -0.044, 0.988
0.092, -0.044, 0.991
0.086, -0.044, 0.992
0.079, -0.044, 0.993
0.072, -0.038, 0.987
0.079, -0.038, 0.985
0.078, -0.031, 0.979
0.085, -0.031, 0.978
0.084, -0.024, 0.973
0.090, -0.024, 0.971
0.090, -0.018, 0.967
0.097, -0.024, 0.970
0.096, -0.018, 0.965
0.103, -0.024, 0.970
0.110, -0.024, 0.969
0.109, -0.018, 0.964
0.108, -0.011, 0.958
0.115, -0.011, 0.957
0.114, -0.005, 0.952
0.120, -0.005, 0.952
0.120, 0.002, 0.947
0.126, 0.002, 0.946
0.132, 0.002, 0.945
0.138, 0.002, 0.943
0.137, 0.008, 0.938
0.143, 0.008, 0.937
0.143, 0.014, 0.932
0.149, 0.014, 0.932
0.148, 0.020, 0.926
0.154, 0.020, 0.925
0.153, 0.026, 0.920
0.159, 0.026, 0.919
0.158, 0.032, 0.915
0.164, 0.032, 0.913
0.170, 0.032, 0.913
0.169, 0.038, 0.909
0.176, 0.032, 0.912
0.177, 0.026, 0.916
0.184, 0.020, 0.921
0.183, 0.026, 0.916
0.189, 0.020, 0.919
0.191, 0.014, 0.924
0.192, 0.008, 0.930
0.192, 0.002, 0.934
0.187, -0.005, 0.939
0.183, -0.011, 0.948
0.184, -0.017, 0.953
0.190, -0.017, 0.951
0.196, -0.017, 0.950
0.194, -0.011, 0.943
0.193, -0.005, 0.938
0.200, -0.005, 0.938
0.206, -0.005, 0.938
0.205, 0.002, 0.934
0.198, 0.008, 0.929
0.197, 0.014, 0.924
0.212, -0.005, 0.938
0.211, 0.002, 0.932
0.218, -0.005, 0.937
0.225, -0.011, 0.941
0.224, -0.005, 0.936
0.231, -0.011, 0.940
0.232, -0.017, 0.944
0.239, -0.024, 0.947
0.234, -0.030, 0.953
0.236, -0.037, 0.960
0.238, -0.043, 0.967
0.245, -0.050, 0.972
0.240, -0.057, 0.976
0.235, -0.063, 0.981
0.230, -0.070, 0.987
0.229, -0.064, 0.982
0.243, -0.070, 0.987
0.241, -0.063, 0.981
0.247, -0.057, 0.976
0.253, -0.057, 0.977
0.252, -0.050, 0.971
0.244, -0.043, 0.966
0.248, -0.036, 0.955
0.240, -0.030, 0.951
0.255, -0.043, 0.960
0.258, -0.050, 0.970
0.259, -0.057, 0.976
0.265, -0.057, 0.974
0.271, -0.056, 0.972
0.270, -0.050, 0.965
0.261, -0.043, 0.959
0.268, -0.043, 0.959
0.267, -0.036, 0.955
0.278, -0.056, 0.971
0.238, -0.017, 0.943
0.182, -0.005, 0.942
0.112, -0.044, 0.987
0.131, -0.051, 0.988
0.158, -0.057, 0.987
0.171, -0.064, 0.991
0.205, -0.071, 0.994
RegionID:12
Center:-0.223,0.135,0.890
Normal:-0.171,-0.604,-0.779
NumPatches:796
-0.265, -0.005, 1.025
-0.255, 0.002, 1.009
-0.260, 0.008, 1.004
-0.267, 0.008, 1.006
-0.276, 0.002, 1.013
-0.285, -0.005, 1.021
-0.292, -0.005, 1.023
-0.298, 0.002, 1.021
-0.305, 0.008, 1.020
-0.311, 0.015, 1.019
-0.322, 0.009, 1.033
-0.331, 0.002, 1.039
-0.339, -0.005, 1.044
-0.346, -0.005, 1.044
-0.352, 0.002, 1.039
-0.358, 0.002, 1.038
-0.365, 0.002, 1.036
-0.371, 0.002, 1.036
-0.378, 0.002, 1.036
-0.384, 0.002, 1.033
-0.390, 0.002, 1.031
-0.397, 0.002, 1.030
-0.401, 0.008, 1.025
-0.399, 0.015, 1.020
-0.405, 0.022, 1.016
-0.410, 0.029, 1.012
-0.408, 0.035, 1.009
-0.413, 0.042, 1.004
-0.411, 0.048, 0.998
-0.406, 0.042, 1.004
-0.404, 0.048, 0.997
-0.402, 0.054, 0.994
-0.408, 0.061, 0.991
-0.414, 0.061, 0.990
-0.418, 0.067, 0.985
-0.416, 0.073, 0.980
-0.422, 0.079, 0.978
-0.420, 0.086, 0.975
-0.425, 0.092, 0.971
-0.423, 0.098, 0.965
-0.421, 0.104, 0.961
-0.426, 0.110, 0.959
-0.432, 0.116, 0.956
-0.438, 0.116, 0.957
-0.445, 0.116, 0.958
-0.444, 0.122, 0.954
-0.441, 0.128, 0.949
-0.446, 0.133, 0.946
-0.444, 0.139, 0.942
-0.442, 0.145, 0.938
-0.448, 0.151, 0.936
-0.456, 0.151, 0.941
-0.439, 0.150, 0.931
-0.431, 0.149, 0.928
-0.429, 0.154, 0.923
-0.433, 0.160, 0.918
-0.439, 0.160, 0.919
-0.437, 0.165, 0.915
-0.436, 0.171, 0.911
-0.433, 0.176, 0.907
-0.427, 0.176, 0.905
-0.425, 0.181, 0.902
-0.430, 0.186, 0.899
-0.435, 0.192, 0.897
-0.443, 0.187, 0.902
-0.452, 0.182, 0.907
-0.463, 0.178, 0.918
-0.461, 0.183, 0.914
-0.460, 0.189, 0.911
-0.454, 0.177, 0.911
-0.456, 0.172, 0.916
-0.451, 0.166, 0.918
-0.425, 0.196, 0.889
-0.420, 0.175, 0.903
-0.418, 0.181, 0.900
-0.417, 0.186, 0.898
-0.416, 0.191, 0.894
-0.409, 0.191, 0.892
-0.405, 0.195, 0.885
-0.410, 0.200, 0.881
-0.414, 0.206, 0.879
-0.412, 0.210, 0.874
-0.417, 0.216, 0.873
-0.428, 0.212, 0.884
-0.425, 0.217, 0.878
-0.430, 0.222, 0.875
-0.436, 0.222, 0.876
-0.443, 0.223, 0.878
-0.447, 0.228, 0.875
-0.453, 0.228, 0.874
-0.450, 0.232, 0.869
-0.445, 0.232, 0.870
-0.439, 0.232, 0.869
-0.436, 0.236, 0.864
-0.438, 0.240, 0.856
-0.443, 0.240, 0.856
-0.434, 0.244, 0.849
-0.438, 0.248, 0.846
-0.434, 0.252, 0.838
-0.431, 0.255, 0.832
-0.428, 0.259, 0.827
-0.425, 0.263, 0.821
-0.423, 0.267, 0.817
-0.421, 0.271, 0.814
-0.417, 0.266, 0.816
-0.420, 0.263, 0.821
-0.422, 0.259, 0.826
-0.417, 0.259, 0.826
-0.411, 0.259, 0.825
-0.407, 0.254, 0.828
-0.415, 0.250, 0.834
-0.424, 0.247, 0.841
-0.431, 0.248, 0.843
-0.427, 0.243, 0.847
-0.432, 0.240, 0.856
-0.425, 0.239, 0.854
-0.419, 0.239, 0.852
-0.415, 0.242, 0.845
-0.412, 0.246, 0.838
-0.409, 0.250, 0.832
-0.405, 0.245, 0.836
-0.402, 0.249, 0.830
-0.399, 0.245, 0.834
-0.396, 0.248, 0.828
-0.394, 0.253, 0.825
-0.399, 0.258, 0.823
-0.405, 0.258, 0.824
-0.392, 0.257, 0.821
-0.388, 0.253, 0.824
-0.386, 0.257, 0.819
-0.383, 0.253, 0.824
-0.385, 0.248, 0.828
-0.387, 0.244, 0.833
-0.395, 0.240, 0.838
-0.403, 0.236, 0.843
-0.414, 0.234, 0.855
-0.425, 0.231, 0.865
-0.432, 0.232, 0.868
-0.428, 0.227, 0.871
-0.423, 0.221, 0.872
-0.417, 0.230, 0.861
-0.410, 0.229, 0.857
-0.402, 0.228, 0.853
-0.399, 0.232, 0.846
-0.397, 0.236, 0.842
-0.389, 0.240, 0.838
-0.381, 0.244, 0.832
-0.379, 0.248, 0.827
-0.375, 0.244, 0.830
-0.369, 0.243, 0.829
-0.363, 0.243, 0.829
-0.357, 0.243, 0.829
-0.356, 0.248, 0.825
-0.352, 0.243, 0.828
-0.346, 0.243, 0.827
-0.345, 0.248, 0.825
-0.349, 0.252, 0.822
-0.344, 0.252, 0.822
-0.339, 0.247, 0.824
-0.338, 0.252, 0.821
-0.333, 0.247, 0.822
-0.334, 0.242, 0.825
-0.328, 0.242, 0.824
-0.322, 0.241, 0.823
-0.317, 0.236, 0.824
-0.316, 0.241, 0.821
-0.311, 0.236, 0.822
-0.305, 0.236, 0.822
-0.301, 0.231, 0.824
-0.300, 0.235, 0.821
-0.295, 0.231, 0.823
-0.296, 0.226, 0.826
-0.303, 0.222, 0.830
-0.311, 0.218, 0.836
-0.312, 0.213, 0.840
-0.307, 0.213, 0.841
-0.301, 0.213, 0.840
-0.299, 0.217, 0.835
-0.297, 0.221, 0.829
-0.291, 0.221, 0.827
-0.285, 0.220, 0.825
-0.284, 0.225, 0.822
-0.289, 0.230, 0.822
-0.283, 0.230, 0.821
-0.278, 0.225, 0.821
-0.279, 0.220, 0.824
-0.280, 0.216, 0.828
-0.277, 0.211, 0.833
-0.275, 0.216, 0.828
-0.271, 0.211, 0.832
-0.265, 0.211, 0.831
-0.259, 0.211, 0.831
-0.253, 0.211, 0.830
-0.252, 0.215, 0.826
-0.257, 0.220, 0.822
-0.251, 0.220, 0.823
-0.246, 0.220, 0.823
-0.241, 0.215, 0.825
-0.248, 0.210, 0.829
-0.243, 0.205, 0.832
-0.245, 0.202, 0.838
-0.239, 0.201, 0.838
-0.233, 0.201, 0.837
-0.232, 0.205, 0.831
-0.236, 0.210, 0.826
-0.242, 0.210, 0.827
-0.229, 0.214, 0.823
-0.225, 0.209, 0.826
-0.226, 0.205, 0.830
-0.219, 0.209, 0.825
-0.215, 0.205, 0.829
-0.213, 0.209, 0.824
-0.209, 0.205, 0.828
-0.203, 0.204, 0.826
-0.202, 0.208, 0.822
-0.197, 0.204, 0.824
-0.192, 0.199, 0.827
-0.191, 0.203, 0.822
-0.186, 0.198, 0.824
-0.180, 0.198, 0.822
-0.175, 0.193, 0.826
-0.174, 0.197, 0.821
-0.169, 0.193, 0.824
-0.171, 0.188, 0.829
-0.165, 0.188, 0.828
-0.159, 0.187, 0.825
-0.153, 0.187, 0.823
-0.147, 0.187, 0.822
-0.146, 0.191, 0.818
-0.151, 0.196, 0.815
-0.157, 0.196, 0.817
-0.162, 0.201, 0.815
-0.145, 0.195, 0.812
-0.141, 0.191, 0.816
-0.139, 0.194, 0.809
-0.135, 0.190, 0.814
-0.130, 0.186, 0.817
-0.129, 0.189, 0.810
-0.124, 0.184, 0.812
-0.118, 0.183, 0.807
-0.117, 0.187, 0.800
-0.122, 0.192, 0.797
-0.126, 0.196, 0.793
-0.131, 0.200, 0.789
-0.136, 0.205, 0.786
-0.142, 0.201, 0.793
-0.147, 0.206, 0.790
-0.152, 0.206, 0.792
-0.152, 0.210, 0.788
-0.156, 0.215, 0.784
-0.162, 0.215, 0.786
-0.167, 0.215, 0.788
-0.173, 0.216, 0.790
-0.179, 0.217, 0.793
-0.185, 0.217, 0.795
-0.183, 0.221, 0.790
-0.182, 0.225, 0.785
-0.187, 0.230, 0.784
-0.193, 0.231, 0.786
-0.200, 0.227, 0.791
-0.206, 0.228, 0.795
-0.210, 0.232, 0.792
-0.214, 0.236, 0.786
-0.213, 0.240, 0.781
-0.217, 0.244, 0.780
-0.223, 0.245, 0.783
-0.222, 0.249, 0.779
-0.222, 0.254, 0.776
-0.216, 0.253, 0.774
-0.215, 0.258, 0.773
-0.221, 0.264, 0.776
-0.221, 0.269, 0.775
-0.215, 0.262, 0.772
-0.215, 0.267, 0.771
-0.210, 0.257, 0.771
-0.210, 0.252, 0.772
-0.211, 0.248, 0.774
-0.211, 0.243, 0.777
-0.207, 0.239, 0.780
-0.208, 0.236, 0.785
-0.204, 0.232, 0.790
-0.203, 0.235, 0.784
-0.198, 0.231, 0.787
-0.198, 0.235, 0.783
-0.192, 0.235, 0.782
-0.204, 0.256, 0.770
-0.195, 0.222, 0.793
-0.176, 0.224, 0.781
-0.170, 0.223, 0.779
-0.170, 0.227, 0.775
-0.165, 0.223, 0.777
-0.164, 0.227, 0.773
-0.159, 0.222, 0.775
-0.154, 0.222, 0.774
-0.154, 0.226, 0.771
-0.149, 0.222, 0.775
-0.144, 0.222, 0.775
-0.143, 0.226, 0.772
-0.139, 0.222, 0.775
-0.134, 0.223, 0.776
-0.129, 0.223, 0.777
-0.124, 0.223, 0.778
-0.119, 0.223, 0.777
-0.114, 0.218, 0.778
-0.119, 0.213, 0.780
-0.124, 0.213, 0.780
-0.130, 0.209, 0.782
-0.135, 0.214, 0.780
-0.140, 0.209, 0.784
-0.141, 0.205, 0.788
-0.140, 0.214, 0.781
-0.129, 0.213, 0.780
-0.119, 0.209, 0.782
-0.114, 0.204, 0.784
-0.114, 0.209, 0.782
-0.109, 0.204, 0.785
-0.110, 0.200, 0.787
-0.115, 0.195, 0.791
-0.121, 0.196, 0.792
-0.125, 0.200, 0.788
-0.116, 0.191, 0.795
-0.111, 0.191, 0.794
-0.105, 0.191, 0.794
-0.105, 0.195, 0.790
-0.104, 0.200, 0.787
-0.099, 0.204, 0.785
-0.104, 0.209, 0.782
-0.104, 0.214, 0.781
-0.108, 0.218, 0.779
-0.113, 0.223, 0.777
-0.103, 0.219, 0.780
-0.099, 0.209, 0.782
-0.094, 0.204, 0.785
-0.094, 0.200, 0.788
-0.089, 0.200, 0.789
-0.084, 0.196, 0.793
-0.084, 0.191, 0.795
-0.079, 0.192, 0.797
-0.074, 0.187, 0.798
-0.080, 0.182, 0.800
-0.085, 0.177, 0.803
-0.086, 0.173, 0.807
-0.080, 0.172, 0.806
-0.075, 0.172, 0.806
-0.074, 0.177, 0.802
-0.074, 0.182, 0.799
-0.069, 0.177, 0.802
-0.064, 0.177, 0.802
-0.064, 0.182, 0.799
-0.063, 0.187, 0.798
-0.058, 0.187, 0.798
-0.053, 0.182, 0.801
-0.058, 0.177, 0.803
-0.053, 0.177, 0.803
-0.053, 0.187, 0.800
-0.053, 0.192, 0.800
-0.053, 0.198, 0.800
-0.058, 0.203, 0.799
-0.063, 0.197, 0.798
-0.069, 0.197, 0.797
-0.074, 0.192, 0.798
-0.074, 0.197, 0.796
-0.048, 0.198, 0.800
-0.048, 0.203, 0.800
-0.042, 0.198, 0.801
-0.037, 0.193, 0.802
-0.037, 0.188, 0.803
-0.037, 0.183, 0.804
-0.032, 0.178, 0.805
-0.037, 0.173, 0.808
-0.043, 0.168, 0.812
-0.043, 0.163, 0.814
-0.038, 0.159, 0.817
-0.038, 0.163, 0.814
-0.032, 0.158, 0.816
-0.027, 0.158, 0.815
-0.027, 0.163, 0.812
-0.032, 0.168, 0.809
-0.032, 0.173, 0.807
-0.027, 0.168, 0.809
-0.027, 0.173, 0.807
-0.021, 0.168, 0.809
-0.016, 0.168, 0.810
-0.016, 0.173, 0.809
-0.021, 0.178, 0.807
-0.016, 0.178, 0.808
-0.011, 0.178, 0.809
-0.011, 0.184, 0.808
-0.016, 0.188, 0.806
-0.011, 0.189, 0.808
-0.005, 0.190, 0.811
-0.005, 0.195, 0.813
-0.005, 0.201, 0.815
-0.011, 0.207, 0.817
-0.016, 0.207, 0.815
-0.021, 0.206, 0.812
-0.027, 0.199, 0.806
-0.032, 0.193, 0.803
-0.037, 0.198, 0.802
-0.037, 0.204, 0.803
-0.037, 0.210, 0.805
-0.043, 0.215, 0.806
-0.048, 0.215, 0.804
-0.037, 0.216, 0.808
-0.032, 0.210, 0.808
-0.027, 0.205, 0.808
-0.027, 0.211, 0.812
-0.027, 0.218, 0.817
-0.027, 0.226, 0.827
-0.033, 0.234, 0.834
-0.038, 0.232, 0.829
-0.043, 0.230, 0.821
-0.049, 0.237, 0.825
-0.055, 0.243, 0.830
-0.060, 0.234, 0.817
-0.064, 0.233, 0.811
-0.070, 0.239, 0.816
-0.075, 0.238, 0.812
-0.081, 0.244, 0.814
-0.087, 0.250, 0.816
-0.092, 0.257, 0.819
-0.098, 0.264, 0.825
-0.103, 0.262, 0.820
-0.109, 0.270, 0.825
-0.114, 0.268, 0.821
-0.119, 0.266, 0.815
-0.125, 0.273, 0.819
-0.130, 0.271, 0.814
-0.134, 0.270, 0.810
-0.139, 0.268, 0.803
-0.143, 0.266, 0.797
-0.147, 0.264, 0.793
-0.152, 0.263, 0.790
-0.156, 0.262, 0.786
-0.161, 0.261, 0.783
-0.166, 0.260, 0.780
-0.170, 0.259, 0.778
-0.175, 0.259, 0.776
-0.181, 0.264, 0.778
-0.182, 0.271, 0.782
-0.176, 0.265, 0.780
-0.177, 0.272, 0.785
-0.178, 0.279, 0.790
-0.184, 0.286, 0.794
-0.190, 0.292, 0.797
-0.197, 0.299, 0.801
-0.203, 0.305, 0.804
-0.199, 0.307, 0.809
-0.192, 0.301, 0.806
-0.186, 0.294, 0.802
-0.188, 0.303, 0.811
-0.182, 0.296, 0.808
-0.180, 0.287, 0.798
-0.178, 0.298, 0.813
-0.184, 0.305, 0.816
-0.172, 0.291, 0.808
-0.173, 0.299, 0.817
-0.167, 0.292, 0.813
-0.163, 0.294, 0.817
-0.159, 0.297, 0.824
-0.152, 0.290, 0.821
-0.154, 0.298, 0.829
-0.148, 0.292, 0.826
-0.146, 0.283, 0.817
-0.142, 0.285, 0.822
-0.137, 0.286, 0.826
-0.131, 0.279, 0.822
-0.132, 0.287, 0.828
-0.126, 0.281, 0.825
-0.120, 0.275, 0.824
-0.121, 0.282, 0.831
-0.115, 0.276, 0.829
-0.093, 0.265, 0.827
-0.087, 0.258, 0.822
-0.082, 0.252, 0.821
-0.076, 0.245, 0.817
-0.077, 0.253, 0.826
-0.072, 0.255, 0.832
-0.067, 0.257, 0.838
-0.061, 0.259, 0.844
-0.056, 0.252, 0.839
-0.060, 0.242, 0.825
-0.065, 0.241, 0.820
-0.056, 0.260, 0.848
-0.050, 0.253, 0.842
-0.050, 0.244, 0.833
-0.044, 0.238, 0.830
-0.044, 0.246, 0.837
-0.039, 0.247, 0.841
-0.033, 0.241, 0.840
-0.034, 0.249, 0.847
-0.028, 0.242, 0.843
-0.028, 0.234, 0.837
-0.022, 0.235, 0.839
-0.017, 0.236, 0.844
-0.017, 0.245, 0.853
-0.011, 0.246, 0.859
-0.005, 0.239, 0.852
-0.005, 0.232, 0.846
0.000, 0.233, 0.851
0.006, 0.234, 0.857
0.006, 0.243, 0.867
0.006, 0.251, 0.876
0.012, 0.245, 0.875
0.012, 0.254, 0.885
0.018, 0.246, 0.879
0.017, 0.237, 0.868
0.011, 0.227, 0.852
0.011, 0.220, 0.845
0.011, 0.213, 0.839
0.006, 0.203, 0.824
0.006, 0.197, 0.819
0.006, 0.191, 0.815
0.000, 0.184, 0.812
-0.005, 0.179, 0.810
-0.005, 0.174, 0.811
-0.005, 0.168, 0.813
-0.005, 0.163, 0.814
-0.005, 0.158, 0.816
-0.005, 0.153, 0.819
-0.005, 0.148, 0.821
-0.011, 0.143, 0.823
-0.016, 0.138, 0.824
-0.022, 0.133, 0.828
-0.027, 0.128, 0.833
-0.033, 0.124, 0.839
-0.039, 0.119, 0.844
-0.045, 0.114, 0.851
-0.051, 0.109, 0.856
-0.051, 0.104, 0.860
-0.057, 0.099, 0.867
-0.058, 0.094, 0.873
-0.058, 0.089, 0.877
-0.052, 0.083, 0.878
-0.059, 0.078, 0.884
-0.065, 0.072, 0.892
-0.065, 0.067, 0.897
-0.059, 0.067, 0.894
-0.054, 0.061, 0.899
-0.060, 0.056, 0.907
-0.060, 0.050, 0.913
-0.067, 0.044, 0.918
-0.067, 0.038, 0.924
-0.074, 0.032, 0.931
-0.081, 0.026, 0.937
-0.087, 0.020, 0.942
-0.094, 0.020, 0.943
-0.101, 0.014, 0.952
-0.101, 0.008, 0.956
-0.102, 0.002, 0.960
-0.109, -0.005, 0.964
-0.115, -0.005, 0.965
-0.122, -0.005, 0.968
-0.130, -0.011, 0.978
-0.136, -0.011, 0.980
-0.143, -0.011, 0.981
-0.150, -0.011, 0.981
-0.156, -0.011, 0.983
-0.164, -0.018, 0.991
-0.171, -0.018, 0.994
-0.178, -0.018, 0.996
-0.185, -0.018, 0.998
-0.193, -0.018, 1.001
-0.200, -0.018, 1.004
-0.208, -0.025, 1.013
-0.216, -0.025, 1.018
-0.222, -0.019, 1.015
-0.233, -0.026, 1.031
-0.238, -0.019, 1.026
-0.246, -0.019, 1.029
-0.253, -0.019, 1.030
-0.252, -0.012, 1.025
-0.249, -0.005, 1.014
-0.247, 0.002, 1.005
-0.252, 0.008, 1.000
-0.230, -0.019, 1.021
-0.214, -0.018, 1.009
-0.207, -0.018, 1.006
-0.163, -0.011, 0.985
-0.129, -0.005, 0.971
-0.102, -0.005, 0.964
-0.095, 0.002, 0.960
-0.095, 0.008, 0.955
-0.088, 0.008, 0.953
-0.088, 0.014, 0.948
-0.081, 0.020, 0.942
-0.074, 0.026, 0.936
-0.068, 0.032, 0.930
-0.100, 0.020, 0.946
-0.061, 0.044, 0.919
-0.054, 0.056, 0.907
-0.053, 0.067, 0.892
-0.053, 0.072, 0.887
-0.053, 0.077, 0.882
-0.065, 0.078, 0.888
-0.052, 0.088, 0.874
-0.051, 0.099, 0.864
-0.045, 0.109, 0.855
-0.039, 0.114, 0.849
-0.039, 0.124, 0.840
-0.033, 0.128, 0.833
-0.022, 0.128, 0.832
-0.016, 0.133, 0.827
-0.016, 0.143, 0.822
-0.005, 0.143, 0.823
0.000, 0.179, 0.812
0.006, 0.185, 0.814
0.011, 0.205, 0.830
0.017, 0.229, 0.856
0.023, 0.239, 0.875
-0.006, 0.247, 0.861
-0.029, 0.260, 0.866
-0.034, 0.266, 0.866
-0.045, 0.263, 0.856
-0.027, 0.193, 0.804
-0.005, 0.208, 0.820
-0.043, 0.173, 0.808
-0.032, 0.183, 0.804
-0.085, 0.182, 0.800
-0.084, 0.200, 0.790
-0.151, 0.214, 0.783
-0.240, 0.220, 0.823
-0.309, 0.222, 0.832
-0.411, 0.237, 0.847
-0.421, 0.251, 0.835
-0.410, 0.215, 0.869
-0.407, 0.205, 0.877
-0.403, 0.200, 0.880
-0.402, 0.191, 0.891
-0.404, 0.185, 0.895
-0.405, 0.180, 0.898
-0.413, 0.175, 0.902
-0.409, 0.170, 0.905
-0.411, 0.165, 0.910
-0.413, 0.159, 0.915
-0.407, 0.159, 0.914
-0.400, 0.159, 0.912
-0.397, 0.164, 0.906
-0.402, 0.169, 0.903
-0.407, 0.175, 0.901
-0.400, 0.174, 0.899
-0.399, 0.180, 0.897
-0.393, 0.180, 0.897
-0.391, 0.185, 0.892
-0.388, 0.190, 0.887
-0.381, 0.189, 0.884
-0.375, 0.189, 0.883
-0.369, 0.189, 0.883
-0.366, 0.184, 0.888
-0.374, 0.179, 0.894
-0.381, 0.180, 0.896
-0.387, 0.180, 0.897
-0.375, 0.174, 0.897
-0.383, 0.169, 0.901
-0.389, 0.169, 0.902
-0.395, 0.169, 0.902
-0.376, 0.169, 0.900
-0.368, 0.179, 0.893
-0.363, 0.189, 0.883
-0.355, 0.193, 0.876
-0.359, 0.198, 0.873
-0.363, 0.203, 0.868
-0.361, 0.207, 0.863
-0.357, 0.211, 0.855
-0.361, 0.216, 0.851
-0.359, 0.220, 0.846
-0.358, 0.225, 0.842
-0.352, 0.224, 0.841
-0.345, 0.224, 0.839
-0.339, 0.224, 0.838
-0.334, 0.219, 0.840
-0.342, 0.214, 0.844
-0.338, 0.210, 0.849
-0.348, 0.207, 0.861
-0.357, 0.203, 0.868
-0.353, 0.198, 0.872
-0.348, 0.193, 0.873
-0.341, 0.192, 0.870
-0.339, 0.196, 0.865
-0.344, 0.202, 0.864
-0.341, 0.206, 0.857
-0.337, 0.201, 0.859
-0.336, 0.214, 0.843
-0.333, 0.223, 0.836
-0.354, 0.215, 0.848
-0.426, 0.160, 0.918
-0.439, 0.133, 0.945
-0.425, 0.116, 0.955
-0.419, 0.109, 0.957
-0.418, 0.092, 0.970
-0.415, 0.079, 0.977
-0.412, 0.067, 0.984
-0.401, 0.061, 0.991
-0.399, 0.067, 0.984
-0.396, 0.073, 0.977
-0.389, 0.073, 0.976
-0.385, 0.067, 0.984
-0.394, 0.061, 0.990
-0.388, 0.061, 0.990
-0.381, 0.061, 0.991
-0.378, 0.067, 0.983
-0.382, 0.073, 0.975
-0.380, 0.079, 0.970
-0.379, 0.085, 0.967
-0.372, 0.085, 0.966
-0.365, 0.085, 0.966
-0.359, 0.085, 0.965
-0.354, 0.079, 0.970
-0.362, 0.073, 0.973
-0.368, 0.073, 0.974
-0.375, 0.073, 0.975
-0.356, 0.073, 0.975
-0.353, 0.067, 0.984
-0.362, 0.061, 0.991
-0.368, 0.061, 0.991
-0.375, 0.061, 0.991
-0.355, 0.061, 0.991
-0.350, 0.073, 0.977
-0.348, 0.079, 0.970
-0.352, 0.085, 0.964
-0.349, 0.090, 0.956
-0.346, 0.096, 0.948
-0.339, 0.096, 0.945
-0.334, 0.090, 0.949
-0.345, 0.085, 0.962
-0.341, 0.079, 0.970
-0.334, 0.079, 0.969
-0.330, 0.073, 0.974
-0.331, 0.067, 0.979
-0.323, 0.066, 0.974
-0.315, 0.066, 0.968
-0.313, 0.072, 0.962
-0.319, 0.078, 0.961
-0.327, 0.079, 0.967
-0.316, 0.084, 0.952
-0.321, 0.089, 0.947
-0.313, 0.089, 0.944
-0.307, 0.089, 0.943
-0.305, 0.095, 0.939
-0.304, 0.101, 0.935
-0.310, 0.107, 0.933
-0.318, 0.101, 0.939
-0.323, 0.107, 0.936
-0.331, 0.101, 0.940
-0.332, 0.095, 0.943
-0.329, 0.107, 0.936
-0.327, 0.113, 0.930
-0.332, 0.118, 0.927
-0.331, 0.124, 0.924
-0.330, 0.130, 0.921
-0.329, 0.135, 0.917
-0.327, 0.141, 0.912
-0.325, 0.146, 0.906
-0.319, 0.146, 0.906
-0.316, 0.151, 0.899
-0.310, 0.150, 0.897
-0.303, 0.150, 0.896
-0.299, 0.145, 0.900
-0.297, 0.150, 0.895
-0.292, 0.144, 0.898
-0.286, 0.144, 0.897
-0.281, 0.139, 0.900
-0.289, 0.134, 0.909
-0.297, 0.129, 0.914
-0.296, 0.135, 0.912
-0.291, 0.129, 0.912
-0.291, 0.123, 0.914
-0.299, 0.117, 0.919
-0.305, 0.117, 0.920
-0.312, 0.118, 0.922
-0.319, 0.118, 0.924
-0.325, 0.118, 0.925
-0.300, 0.112, 0.923
-0.302, 0.106, 0.929
-0.292, 0.117, 0.917
-0.282, 0.134, 0.905
-0.279, 0.144, 0.895
-0.323, 0.135, 0.918
-0.324, 0.130, 0.921
-0.317, 0.107, 0.936
-0.311, 0.078, 0.956
-0.403, 0.028, 1.011
-0.397, 0.022, 1.015
-0.395, 0.008, 1.025
-0.345, 0.002, 1.038
-0.338, 0.002, 1.038
-0.329, 0.009, 1.034
-0.320, 0.015, 1.025
-0.326, -0.005, 1.045
-0.318, -0.005, 1.043
-0.302, 0.015, 1.012
-0.296, 0.008, 1.015
-0.290, 0.002, 1.018
-0.283, 0.002, 1.015
-0.274, 0.008, 1.007
-0.280, -0.012, 1.029
RegionID:13
Center:0.108,0.045,0.969
Normal:-0.718,0.595,-0.360
NumPatches:27
0.162, 0.088, 0.935
0.156, 0.082, 0.936
0.150, 0.076, 0.937
0.143, 0.070, 0.937
0.137, 0.064, 0.938
0.133, 0.065, 0.951
0.127, 0.059, 0.954
0.121, 0.052, 0.958
0.115, 0.046, 0.960
0.109, 0.040, 0.963
0.104, 0.040, 0.974
0.097, 0.034, 0.973
0.092, 0.034, 0.982
0.085, 0.028, 0.985
0.080, 0.028, 0.998
0.073, 0.022, 1.000
0.067, 0.015, 1.000
0.060, 0.008, 1.002
0.054, 0.002, 1.006
0.048, 0.002, 1.018
0.041, -0.005, 1.020
0.110, 0.047, 0.971
0.116, 0.053, 0.967
0.122, 0.059, 0.964
0.128, 0.065, 0.964
0.142, 0.063, 0.931
0.145, 0.077, 0.946
RegionID:14
Center:0.528,0.227,1.226
Normal:-0.112,-0.597,-0.795
NumPatches:21
0.554, 0.221, 1.226
0.546, 0.222, 1.227
0.541, 0.215, 1.234
0.533, 0.215, 1.233
0.525, 0.215, 1.234
0.522, 0.222, 1.228
0.513, 0.230, 1.226
0.508, 0.223, 1.232
0.505, 0.230, 1.226
0.503, 0.237, 1.221
0.501, 0.244, 1.217
0.511, 0.237, 1.222
0.521, 0.229, 1.224
0.519, 0.237, 1.222
0.527, 0.237, 1.221
0.536, 0.229, 1.223
0.539, 0.222, 1.228
0.534, 0.236, 1.218
0.541, 0.236, 1.215
0.551, 0.229, 1.220
0.551, 0.207, 1.239
RegionID:15
Center:0.293,0.336,1.170
Normal:-0.237,-0.665,-0.708
NumPatches:24
0.264, 0.351, 1.170
0.265, 0.345, 1.174
0.274, 0.338, 1.177
0.282, 0.330, 1.179
0.291, 0.324, 1.184
0.284, 0.317, 1.188
0.293, 0.310, 1.192
0.297, 0.329, 1.175
0.288, 0.336, 1.170
0.286, 0.342, 1.164
0.285, 0.348, 1.160
0.284, 0.354, 1.156
0.293, 0.348, 1.159
0.294, 0.341, 1.163
0.295, 0.335, 1.168
0.304, 0.329, 1.174
0.306, 0.323, 1.179
0.307, 0.316, 1.184
0.312, 0.329, 1.173
0.303, 0.335, 1.167
0.319, 0.328, 1.171
0.326, 0.328, 1.169
0.290, 0.360, 1.148
0.297, 0.359, 1.146
