NumRegions:12
RegionID:0
Center:0.014,-0.188,2.086
Normal:0.020,-0.690,-0.723
NumPatches:1113
-0.302, 0.521, 1.409
-0.313, 0.521, 1.409
-0.311, 0.530, 1.402
-0.310, 0.538, 1.394
-0.319, 0.546, 1.387
-0.317, 0.555, 1.380
-0.316, 0.563, 1.373
-0.314, 0.571, 1.366
-0.312, 0.579, 1.359
-0.302, 0.579, 1.359
-0.291, 0.579, 1.359
-0.279, 0.587, 1.352
-0.268, 0.587, 1.352
-0.280, 0.579, 1.359
-0.257, 0.587, 1.353
-0.245, 0.595, 1.347
-0.234, 0.595, 1.347
-0.246, 0.587, 1.353
-0.224, 0.595, 1.347
-0.213, 0.595, 1.347
-0.201, 0.603, 1.341
-0.190, 0.603, 1.341
-0.202, 0.595, 1.347
-0.180, 0.603, 1.341
-0.168, 0.611, 1.335
-0.178, 0.619, 1.328
-0.189, 0.619, 1.328
-0.199, 0.618, 1.327
-0.210, 0.618, 1.327
-0.220, 0.618, 1.327
-0.231, 0.618, 1.327
-0.241, 0.618, 1.327
-0.252, 0.618, 1.326
-0.263, 0.618, 1.326
-0.273, 0.618, 1.326
-0.284, 0.618, 1.326
-0.294, 0.618, 1.326
-0.305, 0.618, 1.326
-0.315, 0.617, 1.325
-0.326, 0.617, 1.325
-0.336, 0.617, 1.325
-0.347, 0.617, 1.325
-0.358, 0.617, 1.325
-0.368, 0.617, 1.324
-0.379, 0.617, 1.324
-0.389, 0.617, 1.324
-0.400, 0.617, 1.324
-0.410, 0.617, 1.324
-0.421, 0.617, 1.323
-0.431, 0.616, 1.323
-0.442, 0.616, 1.323
-0.452, 0.616, 1.323
-0.463, 0.616, 1.323
-0.473, 0.616, 1.322
-0.484, 0.616, 1.322
-0.494, 0.616, 1.322
-0.505, 0.616, 1.322
-0.515, 0.616, 1.322
-0.526, 0.616, 1.321
-0.536, 0.615, 1.321
-0.547, 0.615, 1.321
-0.557, 0.615, 1.321
-0.568, 0.615, 1.321
-0.578, 0.615, 1.320
-0.589, 0.615, 1.320
-0.599, 0.615, 1.320
-0.610, 0.615, 1.320
-0.620, 0.615, 1.320
-0.631, 0.615, 1.320
-0.641, 0.615, 1.319
-0.651, 0.614, 1.319
-0.662, 0.614, 1.319
-0.672, 0.614, 1.319
-0.683, 0.614, 1.319
-0.693, 0.614, 1.318
-0.704, 0.614, 1.318
-0.714, 0.614, 1.318
-0.725, 0.614, 1.318
-0.735, 0.614, 1.318
-0.745, 0.614, 1.317
-0.756, 0.613, 1.317
-0.766, 0.613, 1.317
-0.777, 0.613, 1.317
-0.787, 0.613, 1.317
-0.798, 0.613, 1.316
-0.808, 0.613, 1.316
-0.822, 0.606, 1.322
-0.818, 0.613, 1.316
-0.826, 0.598, 1.329
-0.831, 0.590, 1.336
-0.835, 0.582, 1.342
-0.839, 0.574, 1.349
-0.843, 0.567, 1.356
-0.847, 0.559, 1.363
-0.852, 0.550, 1.369
-0.856, 0.542, 1.377
-0.861, 0.534, 1.384
-0.865, 0.526, 1.391
-0.870, 0.517, 1.398
-0.874, 0.509, 1.406
-0.879, 0.500, 1.413
-0.884, 0.491, 1.421
-0.888, 0.483, 1.428
-0.893, 0.474, 1.436
-0.898, 0.465, 1.444
-0.903, 0.456, 1.452
-0.908, 0.447, 1.460
-0.913, 0.437, 1.468
-0.918, 0.428, 1.476
-0.924, 0.419, 1.485
-0.929, 0.409, 1.493
-0.934, 0.400, 1.502
-0.940, 0.390, 1.511
-0.945, 0.380, 1.519
-0.951, 0.370, 1.528
-0.956, 0.360, 1.538
-0.962, 0.350, 1.547
-0.968, 0.339, 1.556
-0.974, 0.329, 1.565
-0.979, 0.318, 1.575
-0.986, 0.307, 1.585
-0.992, 0.297, 1.595
-0.998, 0.286, 1.605
-1.004, 0.274, 1.615
-1.010, 0.263, 1.625
-1.017, 0.252, 1.635
-1.024, 0.240, 1.646
-1.030, 0.229, 1.656
-1.037, 0.217, 1.667
-1.044, 0.205, 1.678
-1.051, 0.193, 1.689
-1.057, 0.180, 1.700
-1.065, 0.168, 1.712
-1.072, 0.155, 1.723
-1.079, 0.142, 1.735
-1.087, 0.129, 1.747
-1.094, 0.116, 1.759
-1.102, 0.103, 1.772
-1.110, 0.089, 1.784
-1.118, 0.075, 1.797
-1.126, 0.062, 1.810
-1.134, 0.047, 1.823
-1.142, 0.033, 1.836
-1.150, 0.018, 1.850
-1.159, 0.004, 1.864
-1.168, -0.011, 1.878
-1.177, -0.026, 1.892
-1.185, -0.042, 1.906
-1.195, -0.058, 1.921
-1.204, -0.074, 1.936
-1.213, -0.090, 1.951
-1.223, -0.106, 1.966
-1.233, -0.123, 1.982
-1.242, -0.140, 1.998
-1.253, -0.157, 2.014
-1.263, -0.175, 2.030
-1.273, -0.192, 2.047
-1.284, -0.211, 2.064
-1.295, -0.229, 2.082
-1.306, -0.248, 2.099
-1.317, -0.267, 2.117
-1.328, -0.286, 2.135
-1.340, -0.306, 2.154
-1.351, -0.326, 2.173
-1.363, -0.346, 2.192
-1.376, -0.367, 2.212
-1.388, -0.388, 2.232
-1.401, -0.410, 2.252
-1.414, -0.432, 2.273
-1.427, -0.454, 2.295
-1.441, -0.477, 2.316
-1.454, -0.500, 2.338
-1.468, -0.524, 2.361
-1.483, -0.548, 2.384
-1.497, -0.573, 2.407
-1.512, -0.598, 2.431
-1.527, -0.624, 2.455
-1.543, -0.650, 2.480
-1.558, -0.676, 2.506
-1.575, -0.704, 2.532
-1.591, -0.732, 2.558
-1.608, -0.760, 2.585
-1.625, -0.789, 2.613
-1.643, -0.819, 2.641
-1.661, -0.849, 2.670
-1.679, -0.880, 2.700
-1.698, -0.912, 2.730
-1.717, -0.944, 2.761
-1.737, -0.978, 2.793
-1.758, -1.012, 2.826
-1.778, -1.046, 2.859
-1.799, -1.082, 2.893
-1.821, -1.119, 2.928
-1.843, -1.156, 2.964
-1.866, -1.194, 3.001
-1.890, -1.233, 3.038
-1.914, -1.274, 3.077
-1.938, -1.315, 3.117
-1.964, -1.358, 3.157
-1.990, -1.401, 3.199
-2.016, -1.446, 3.242
-2.044, -1.492, 3.286
-2.046, -1.540, 3.332
-2.072, -1.539, 3.331
-2.020, -1.540, 3.334
-1.994, -1.541, 3.335
-1.969, -1.541, 3.336
-1.943, -1.542, 3.338
-1.917, -1.543, 3.339
-1.891, -1.543, 3.341
-1.865, -1.544, 3.342
-1.839, -1.544, 3.343
-1.813, -1.545, 3.344
-1.787, -1.546, 3.346
-1.761, -1.546, 3.347
-1.734, -1.547, 3.348
-1.708, -1.548, 3.350
-1.682, -1.548, 3.351
-1.656, -1.549, 3.352
-1.630, -1.549, 3.354
-1.604, -1.550, 3.355
-1.577, -1.551, 3.356
-1.551, -1.551, 3.358
-1.525, -1.552, 3.359
-1.499, -1.552, 3.360
-1.472, -1.553, 3.362
-1.446, -1.554, 3.363
-1.420, -1.554, 3.364
-1.393, -1.555, 3.366
-1.367, -1.556, 3.367
-1.341, -1.556, 3.368
-1.314, -1.557, 3.370
-1.288, -1.557, 3.371
-1.261, -1.558, 3.372
-1.235, -1.559, 3.374
-1.208, -1.559, 3.375
-1.182, -1.560, 3.376
-1.155, -1.560, 3.378
-1.129, -1.561, 3.379
-1.102, -1.562, 3.380
-1.075, -1.562, 3.382
-1.049, -1.563, 3.383
-1.022, -1.564, 3.385
-0.995, -1.564, 3.386
-0.969, -1.565, 3.387
-0.942, -1.566, 3.388
-0.915, -1.566, 3.390
-0.889, -1.567, 3.391
-0.862, -1.567, 3.393
-0.835, -1.568, 3.394
-0.808, -1.569, 3.395
-0.781, -1.569, 3.397
-0.754, -1.570, 3.398
-0.727, -1.571, 3.400
-0.701, -1.571, 3.401
-0.674, -1.572, 3.402
-0.647, -1.572, 3.404
-0.620, -1.573, 3.405
-0.593, -1.574, 3.406
-0.566, -1.574, 3.408
-0.539, -1.575, 3.409
-0.512, -1.576, 3.410
-0.478, -1.527, 3.364
-0.471, -1.480, 3.318
-0.465, -1.433, 3.273
-0.459, -1.389, 3.229
-0.452, -1.345, 3.187
-0.422, -1.303, 3.146
-0.416, -1.261, 3.106
-0.411, -1.221, 3.067
-0.382, -1.181, 3.029
-0.377, -1.143, 2.992
-0.372, -1.105, 2.956
-0.345, -1.069, 2.921
-0.341, -1.033, 2.886
-0.337, -0.998, 2.852
-0.310, -0.964, 2.820
-0.307, -0.931, 2.788
-0.303, -0.898, 2.756
-0.278, -0.867, 2.726
-0.275, -0.836, 2.695
-0.251, -0.806, 2.667
-0.248, -0.776, 2.638
-0.245, -0.746, 2.610
-0.263, -0.718, 2.581
-0.284, -0.717, 2.581
-0.304, -0.717, 2.580
-0.325, -0.717, 2.579
-0.345, -0.717, 2.578
-0.366, -0.717, 2.578
-0.382, -0.688, 2.550
-0.379, -0.661, 2.524
-0.395, -0.634, 2.497
-0.414, -0.634, 2.496
-0.410, -0.608, 2.471
-0.426, -0.582, 2.446
-0.441, -0.557, 2.421
-0.455, -0.532, 2.396
-0.451, -0.508, 2.373
-0.447, -0.484, 2.351
-0.442, -0.461, 2.328
-0.438, -0.438, 2.306
-0.434, -0.416, 2.285
-0.430, -0.394, 2.264
-0.408, -0.372, 2.244
-0.405, -0.351, 2.224
-0.401, -0.331, 2.204
-0.380, -0.310, 2.185
-0.377, -0.290, 2.166
-0.373, -0.270, 2.147
-0.353, -0.251, 2.128
-0.350, -0.232, 2.111
-0.347, -0.213, 2.093
-0.328, -0.195, 2.076
-0.325, -0.177, 2.059
-0.323, -0.159, 2.042
-0.306, -0.159, 2.042
-0.288, -0.142, 2.026
-0.271, -0.142, 2.026
-0.290, -0.159, 2.042
-0.253, -0.125, 2.010
-0.237, -0.125, 2.011
-0.255, -0.142, 2.027
-0.219, -0.108, 1.995
-0.204, -0.108, 1.996
-0.221, -0.125, 2.011
-0.188, -0.108, 1.996
-0.172, -0.108, 1.997
-0.156, -0.108, 1.997
-0.140, -0.108, 1.998
-0.124, -0.108, 1.998
-0.108, -0.108, 1.998
-0.093, -0.125, 2.015
-0.109, -0.125, 2.015
-0.093, -0.142, 2.032
-0.077, -0.142, 2.032
-0.061, -0.160, 2.049
-0.078, -0.160, 2.049
-0.062, -0.178, 2.066
-0.045, -0.178, 2.067
-0.029, -0.196, 2.085
-0.046, -0.196, 2.084
-0.029, -0.214, 2.102
-0.013, -0.214, 2.103
-0.013, -0.233, 2.121
-0.013, -0.252, 2.139
-0.013, -0.272, 2.158
-0.013, -0.292, 2.177
-0.013, -0.312, 2.196
-0.031, -0.332, 2.216
-0.013, -0.332, 2.216
-0.031, -0.353, 2.236
-0.050, -0.374, 2.255
-0.032, -0.375, 2.256
-0.050, -0.396, 2.276
-0.069, -0.418, 2.297
-0.051, -0.418, 2.298
-0.070, -0.441, 2.319
-0.089, -0.463, 2.340
-0.070, -0.463, 2.341
-0.090, -0.487, 2.363
-0.110, -0.510, 2.385
-0.091, -0.511, 2.386
-0.111, -0.535, 2.408
-0.112, -0.559, 2.433
-0.133, -0.585, 2.456
-0.154, -0.610, 2.480
-0.175, -0.636, 2.505
-0.197, -0.663, 2.530
-0.220, -0.690, 2.556
-0.240, -0.690, 2.555
-0.261, -0.690, 2.555
-0.238, -0.662, 2.529
-0.215, -0.636, 2.504
-0.195, -0.636, 2.505
-0.218, -0.663, 2.530
-0.174, -0.610, 2.480
-0.152, -0.584, 2.455
-0.177, -0.663, 2.531
-0.157, -0.663, 2.532
-0.137, -0.664, 2.533
-0.117, -0.664, 2.533
-0.097, -0.691, 2.561
-0.118, -0.691, 2.560
-0.077, -0.692, 2.561
-0.056, -0.692, 2.562
-0.036, -0.720, 2.590
-0.057, -0.720, 2.589
-0.016, -0.720, 2.591
0.005, -0.749, 2.620
-0.016, -0.749, 2.619
0.026, -0.749, 2.620
0.047, -0.750, 2.621
0.067, -0.721, 2.594
0.067, -0.693, 2.567
0.066, -0.665, 2.540
0.085, -0.639, 2.515
0.085, -0.612, 2.489
0.084, -0.586, 2.464
0.102, -0.561, 2.440
0.122, -0.561, 2.441
0.104, -0.587, 2.465
0.140, -0.537, 2.417
0.160, -0.537, 2.418
0.142, -0.562, 2.441
0.177, -0.513, 2.395
0.196, -0.513, 2.396
0.179, -0.537, 2.419
0.214, -0.489, 2.373
0.233, -0.489, 2.374
0.216, -0.513, 2.396
0.249, -0.466, 2.352
0.268, -0.466, 2.352
0.252, -0.489, 2.375
0.287, -0.466, 2.353
0.306, -0.466, 2.354
0.325, -0.466, 2.355
0.344, -0.466, 2.355
0.366, -0.490, 2.378
0.347, -0.490, 2.378
0.385, -0.490, 2.379
0.409, -0.514, 2.403
0.389, -0.514, 2.403
0.428, -0.514, 2.404
0.452, -0.539, 2.428
0.432, -0.539, 2.428
0.471, -0.539, 2.429
0.496, -0.564, 2.454
0.476, -0.564, 2.453
0.515, -0.565, 2.455
0.535, -0.565, 2.455
0.541, -0.590, 2.480
0.546, -0.616, 2.506
0.552, -0.643, 2.532
0.558, -0.670, 2.558
0.564, -0.698, 2.585
0.549, -0.726, 2.612
0.570, -0.726, 2.613
0.555, -0.755, 2.641
0.561, -0.785, 2.670
0.567, -0.815, 2.699
0.551, -0.846, 2.729
0.573, -0.846, 2.730
0.557, -0.878, 2.760
0.564, -0.910, 2.791
0.570, -0.943, 2.824
0.577, -0.977, 2.857
0.561, -1.012, 2.890
0.544, -1.047, 2.924
0.527, -1.083, 2.959
0.503, -1.082, 2.958
0.479, -1.082, 2.957
0.455, -1.082, 2.956
0.431, -1.081, 2.954
0.413, -1.118, 2.990
0.393, -1.156, 3.026
0.369, -1.156, 3.025
0.349, -1.194, 3.062
0.329, -1.234, 3.100
0.308, -1.275, 3.139
0.333, -1.275, 3.140
0.312, -1.317, 3.181
0.290, -1.360, 3.222
0.316, -1.360, 3.223
0.294, -1.404, 3.265
0.271, -1.449, 3.308
0.248, -1.495, 3.353
0.275, -1.496, 3.354
0.252, -1.544, 3.401
0.228, -1.593, 3.447
0.200, -1.592, 3.446
0.172, -1.591, 3.445
0.145, -1.591, 3.443
0.117, -1.590, 3.442
0.089, -1.590, 3.441
0.061, -1.539, 3.391
0.033, -1.491, 3.343
0.007, -1.444, 3.296
-0.020, -1.443, 3.294
-0.046, -1.442, 3.293
-0.071, -1.396, 3.248
-0.070, -1.352, 3.205
-0.044, -1.310, 3.164
-0.044, -1.268, 3.123
-0.043, -1.227, 3.083
-0.018, -1.188, 3.046
-0.018, -1.149, 3.008
-0.018, -1.111, 2.971
0.006, -1.075, 2.936
0.006, -1.038, 2.901
0.006, -1.003, 2.867
0.028, -0.969, 2.834
0.028, -0.936, 2.801
0.028, -0.903, 2.770
0.027, -0.871, 2.738
0.049, -0.840, 2.709
0.048, -0.809, 2.679
0.048, -0.779, 2.650
0.068, -0.750, 2.622
0.049, -0.871, 2.739
0.050, -0.903, 2.770
0.050, -0.936, 2.802
0.074, -0.970, 2.836
0.051, -0.970, 2.835
0.029, -1.004, 2.868
0.075, -1.004, 2.870
0.098, -1.005, 2.871
0.121, -1.005, 2.872
0.145, -1.041, 2.907
0.122, -1.040, 2.906
0.169, -1.041, 2.908
0.194, -1.078, 2.944
0.171, -1.077, 2.943
0.218, -1.078, 2.945
0.242, -1.078, 2.946
0.268, -1.116, 2.983
0.245, -1.115, 2.982
0.292, -1.116, 2.984
0.316, -1.117, 2.985
0.340, -1.117, 2.987
0.360, -1.080, 2.951
0.384, -1.080, 2.952
0.364, -1.117, 2.988
0.345, -1.155, 3.024
0.389, -1.118, 2.989
0.408, -1.081, 2.953
0.006, -1.112, 2.972
-0.019, -1.228, 3.084
-0.045, -1.353, 3.206
-0.045, -1.397, 3.249
0.033, -1.444, 3.297
0.060, -1.491, 3.344
0.088, -1.540, 3.392
0.255, -1.593, 3.449
0.298, -1.450, 3.310
0.354, -1.234, 3.101
0.450, -1.045, 2.920
0.473, -1.046, 2.921
0.497, -1.046, 2.922
0.520, -1.046, 2.923
0.537, -1.011, 2.889
0.533, -1.120, 2.995
0.557, -1.120, 2.996
0.589, -1.159, 3.035
0.564, -1.159, 3.034
0.613, -1.160, 3.036
0.646, -1.199, 3.075
0.621, -1.199, 3.074
0.654, -1.240, 3.115
0.679, -1.240, 3.116
0.714, -1.282, 3.158
0.688, -1.282, 3.157
0.723, -1.325, 3.200
0.749, -1.325, 3.201
0.785, -1.369, 3.245
0.759, -1.369, 3.243
0.796, -1.414, 3.289
0.807, -1.461, 3.335
0.818, -1.508, 3.381
0.802, -1.556, 3.428
0.786, -1.606, 3.476
0.814, -1.606, 3.477
0.830, -1.557, 3.429
0.870, -1.608, 3.480
0.842, -1.607, 3.478
0.898, -1.608, 3.481
0.926, -1.609, 3.483
0.955, -1.610, 3.484
0.983, -1.610, 3.486
1.011, -1.611, 3.487
1.040, -1.612, 3.489
1.068, -1.612, 3.490
1.096, -1.613, 3.491
1.125, -1.614, 3.493
1.153, -1.614, 3.494
1.182, -1.615, 3.496
1.210, -1.616, 3.497
1.239, -1.616, 3.499
1.267, -1.617, 3.500
1.296, -1.618, 3.502
1.324, -1.618, 3.503
1.353, -1.619, 3.504
1.381, -1.620, 3.506
1.410, -1.620, 3.507
1.439, -1.621, 3.509
1.467, -1.622, 3.510
1.496, -1.622, 3.512
1.525, -1.623, 3.513
1.553, -1.624, 3.515
1.582, -1.624, 3.516
1.611, -1.625, 3.518
1.640, -1.626, 3.519
1.669, -1.626, 3.520
1.697, -1.627, 3.522
1.726, -1.628, 3.523
1.755, -1.628, 3.525
1.784, -1.629, 3.526
1.813, -1.630, 3.528
1.842, -1.631, 3.529
1.871, -1.631, 3.530
1.900, -1.632, 3.532
1.929, -1.633, 3.534
1.958, -1.633, 3.535
1.988, -1.634, 3.537
2.017, -1.634, 3.538
2.046, -1.635, 3.540
2.075, -1.636, 3.541
2.104, -1.637, 3.543
2.133, -1.637, 3.544
2.163, -1.638, 3.546
2.192, -1.639, 3.547
2.189, -1.588, 3.497
2.158, -1.537, 3.447
2.127, -1.489, 3.399
2.098, -1.441, 3.351
2.069, -1.395, 3.305
2.041, -1.350, 3.261
2.014, -1.306, 3.217
1.988, -1.264, 3.175
1.962, -1.222, 3.134
1.937, -1.182, 3.094
1.912, -1.143, 3.055
1.889, -1.104, 3.017
1.865, -1.067, 2.980
1.843, -1.030, 2.944
1.821, -0.995, 2.909
1.799, -0.960, 2.874
1.778, -0.926, 2.841
1.758, -0.893, 2.808
1.737, -0.860, 2.776
1.718, -0.829, 2.744
1.699, -0.798, 2.714
1.680, -0.768, 2.684
1.662, -0.738, 2.655
1.644, -0.709, 2.626
1.626, -0.681, 2.598
1.609, -0.653, 2.571
1.592, -0.626, 2.544
1.576, -0.599, 2.518
1.560, -0.573, 2.492
1.544, -0.548, 2.467
1.529, -0.523, 2.442
1.514, -0.498, 2.418
1.499, -0.474, 2.395
1.485, -0.451, 2.372
1.470, -0.427, 2.349
1.456, -0.405, 2.326
1.443, -0.383, 2.305
1.429, -0.361, 2.283
1.416, -0.339, 2.262
1.403, -0.318, 2.242
1.391, -0.298, 2.222
1.378, -0.277, 2.202
1.366, -0.258, 2.182
1.354, -0.238, 2.163
1.342, -0.219, 2.145
1.331, -0.200, 2.126
1.319, -0.181, 2.108
1.308, -0.163, 2.090
1.297, -0.145, 2.073
1.287, -0.127, 2.056
1.276, -0.110, 2.039
1.266, -0.093, 2.022
1.256, -0.076, 2.006
1.246, -0.060, 1.990
1.236, -0.043, 1.974
1.226, -0.027, 1.959
1.216, -0.012, 1.943
1.207, 0.004, 1.928
1.198, 0.019, 1.914
1.189, 0.034, 1.899
1.180, 0.049, 1.885
1.171, 0.064, 1.871
1.162, 0.078, 1.857
1.154, 0.092, 1.844
1.145, 0.106, 1.830
1.137, 0.120, 1.817
1.129, 0.133, 1.804
1.121, 0.147, 1.791
1.113, 0.160, 1.778
1.106, 0.173, 1.766
1.098, 0.186, 1.754
1.090, 0.199, 1.742
1.083, 0.211, 1.730
1.075, 0.223, 1.718
1.068, 0.236, 1.707
1.061, 0.248, 1.695
1.054, 0.259, 1.684
1.047, 0.271, 1.673
1.041, 0.283, 1.662
1.034, 0.294, 1.651
1.027, 0.305, 1.641
1.021, 0.316, 1.631
1.014, 0.327, 1.621
1.008, 0.338, 1.610
1.002, 0.349, 1.600
0.996, 0.359, 1.591
0.989, 0.370, 1.581
0.983, 0.380, 1.571
0.977, 0.390, 1.562
0.972, 0.400, 1.552
0.966, 0.410, 1.543
0.960, 0.420, 1.534
0.954, 0.430, 1.525
0.949, 0.440, 1.516
0.943, 0.449, 1.507
0.938, 0.459, 1.499
0.933, 0.468, 1.490
0.928, 0.477, 1.482
0.922, 0.486, 1.473
0.917, 0.495, 1.465
0.912, 0.504, 1.457
0.907, 0.513, 1.449
0.902, 0.522, 1.441
0.897, 0.530, 1.433
0.892, 0.539, 1.425
0.888, 0.547, 1.418
0.883, 0.556, 1.410
0.878, 0.564, 1.403
0.874, 0.572, 1.396
0.869, 0.580, 1.388
0.865, 0.588, 1.381
0.860, 0.596, 1.374
0.856, 0.604, 1.367
0.851, 0.612, 1.360
0.847, 0.620, 1.353
0.832, 0.627, 1.347
0.821, 0.627, 1.346
0.810, 0.627, 1.346
0.799, 0.627, 1.345
0.788, 0.627, 1.345
0.778, 0.627, 1.345
0.767, 0.627, 1.345
0.756, 0.627, 1.345
0.745, 0.627, 1.345
0.734, 0.627, 1.345
0.723, 0.627, 1.345
0.712, 0.626, 1.344
0.701, 0.626, 1.344
0.691, 0.626, 1.344
0.680, 0.626, 1.344
0.669, 0.626, 1.344
0.658, 0.626, 1.343
0.647, 0.626, 1.343
0.636, 0.626, 1.343
0.626, 0.626, 1.343
0.615, 0.626, 1.343
0.604, 0.625, 1.342
0.593, 0.625, 1.342
0.585, 0.618, 1.349
0.577, 0.610, 1.355
0.574, 0.617, 1.348
0.582, 0.625, 1.342
0.580, 0.602, 1.362
0.583, 0.594, 1.369
0.575, 0.586, 1.376
0.586, 0.586, 1.376
0.578, 0.578, 1.383
0.581, 0.570, 1.390
0.573, 0.562, 1.397
0.584, 0.562, 1.397
0.576, 0.553, 1.404
0.579, 0.545, 1.412
0.582, 0.536, 1.419
0.574, 0.528, 1.427
0.585, 0.528, 1.427
0.577, 0.519, 1.434
0.580, 0.510, 1.442
0.571, 0.502, 1.450
0.583, 0.502, 1.450
0.574, 0.493, 1.458
0.566, 0.484, 1.466
0.578, 0.484, 1.466
0.569, 0.475, 1.474
0.572, 0.465, 1.483
0.576, 0.456, 1.491
0.567, 0.447, 1.499
0.579, 0.447, 1.500
0.570, 0.437, 1.508
0.573, 0.428, 1.516
0.564, 0.418, 1.525
0.577, 0.418, 1.526
0.568, 0.408, 1.534
0.571, 0.398, 1.544
0.574, 0.388, 1.553
0.565, 0.378, 1.562
0.578, 0.378, 1.562
0.569, 0.368, 1.571
0.572, 0.357, 1.581
0.563, 0.347, 1.591
0.576, 0.347, 1.591
0.566, 0.336, 1.600
0.570, 0.325, 1.610
0.560, 0.314, 1.620
0.547, 0.314, 1.620
0.538, 0.303, 1.630
0.525, 0.303, 1.630
0.511, 0.303, 1.629
0.498, 0.303, 1.628
0.485, 0.303, 1.628
0.472, 0.303, 1.628
0.459, 0.303, 1.628
0.446, 0.303, 1.628
0.433, 0.303, 1.628
0.420, 0.303, 1.627
0.407, 0.303, 1.627
0.394, 0.303, 1.627
0.378, 0.313, 1.615
0.367, 0.302, 1.625
0.354, 0.302, 1.625
0.341, 0.302, 1.625
0.328, 0.302, 1.625
0.315, 0.302, 1.625
0.313, 0.313, 1.615
0.298, 0.324, 1.604
0.296, 0.335, 1.594
0.295, 0.345, 1.585
0.293, 0.356, 1.575
0.278, 0.366, 1.565
0.277, 0.376, 1.556
0.275, 0.386, 1.546
0.274, 0.397, 1.537
0.272, 0.406, 1.528
0.270, 0.416, 1.519
0.269, 0.426, 1.510
0.267, 0.435, 1.502
0.266, 0.445, 1.493
0.264, 0.454, 1.484
0.263, 0.463, 1.476
0.273, 0.473, 1.468
0.272, 0.482, 1.460
0.270, 0.491, 1.452
0.269, 0.500, 1.444
0.267, 0.508, 1.436
0.277, 0.517, 1.428
0.276, 0.526, 1.421
0.274, 0.534, 1.413
0.273, 0.543, 1.406
0.271, 0.551, 1.398
0.270, 0.559, 1.391
0.280, 0.567, 1.384
0.278, 0.576, 1.377
0.277, 0.584, 1.370
0.275, 0.592, 1.363
0.274, 0.599, 1.356
0.273, 0.607, 1.349
0.282, 0.615, 1.343
0.270, 0.622, 1.336
0.259, 0.622, 1.336
0.248, 0.622, 1.336
0.238, 0.622, 1.336
0.227, 0.622, 1.335
0.216, 0.622, 1.335
0.206, 0.622, 1.335
0.195, 0.622, 1.335
0.184, 0.622, 1.335
0.173, 0.622, 1.334
0.163, 0.622, 1.334
0.152, 0.621, 1.333
0.141, 0.621, 1.333
0.131, 0.621, 1.333
0.120, 0.621, 1.333
0.109, 0.621, 1.333
0.099, 0.621, 1.333
0.088, 0.621, 1.333
0.077, 0.621, 1.333
0.067, 0.621, 1.332
0.056, 0.621, 1.332
0.045, 0.620, 1.332
0.035, 0.620, 1.332
0.024, 0.620, 1.332
0.013, 0.613, 1.338
0.003, 0.620, 1.331
0.013, 0.620, 1.331
0.013, 0.605, 1.345
0.014, 0.597, 1.351
0.014, 0.589, 1.358
0.025, 0.581, 1.365
0.014, 0.581, 1.365
0.025, 0.573, 1.372
0.025, 0.565, 1.379
0.025, 0.557, 1.386
0.036, 0.549, 1.394
0.025, 0.549, 1.394
0.036, 0.541, 1.401
0.037, 0.532, 1.409
0.048, 0.524, 1.416
0.037, 0.524, 1.416
0.048, 0.515, 1.424
0.049, 0.507, 1.432
0.049, 0.498, 1.439
0.061, 0.489, 1.447
0.049, 0.489, 1.447
0.061, 0.480, 1.456
0.061, 0.471, 1.464
0.062, 0.462, 1.472
0.062, 0.453, 1.480
0.063, 0.444, 1.489
0.075, 0.434, 1.497
0.063, 0.434, 1.497
0.075, 0.425, 1.506
0.076, 0.415, 1.515
0.076, 0.405, 1.523
0.089, 0.396, 1.533
0.077, 0.395, 1.533
0.089, 0.385, 1.542
0.090, 0.375, 1.551
0.091, 0.365, 1.561
0.104, 0.355, 1.571
0.091, 0.355, 1.570
0.104, 0.344, 1.580
0.105, 0.334, 1.590
0.106, 0.323, 1.600
0.119, 0.312, 1.610
0.106, 0.312, 1.610
0.120, 0.301, 1.620
0.121, 0.290, 1.631
0.121, 0.279, 1.641
0.122, 0.267, 1.651
0.123, 0.256, 1.662
0.124, 0.244, 1.673
0.138, 0.232, 1.684
0.125, 0.220, 1.695
0.112, 0.220, 1.695
0.098, 0.220, 1.694
0.125, 0.232, 1.684
0.152, 0.232, 1.684
0.165, 0.233, 1.685
0.177, 0.244, 1.674
0.191, 0.244, 1.674
0.179, 0.233, 1.685
0.204, 0.245, 1.675
0.218, 0.245, 1.675
0.231, 0.245, 1.676
0.245, 0.245, 1.676
0.258, 0.245, 1.676
0.260, 0.233, 1.687
0.275, 0.221, 1.699
0.262, 0.221, 1.698
0.277, 0.209, 1.710
0.279, 0.196, 1.722
0.281, 0.184, 1.734
0.297, 0.171, 1.746
0.283, 0.171, 1.745
0.299, 0.158, 1.758
0.301, 0.145, 1.770
0.303, 0.132, 1.783
0.320, 0.119, 1.796
0.305, 0.118, 1.795
0.322, 0.105, 1.809
0.324, 0.091, 1.822
0.341, 0.077, 1.836
0.327, 0.077, 1.835
0.344, 0.063, 1.849
0.346, 0.048, 1.863
0.349, 0.034, 1.877
0.352, 0.019, 1.891
0.339, 0.004, 1.905
0.324, 0.004, 1.904
0.311, -0.012, 1.918
0.295, -0.012, 1.918
0.280, -0.012, 1.918
0.265, -0.012, 1.917
0.251, -0.027, 1.931
0.236, -0.027, 1.931
0.220, -0.027, 1.931
0.206, -0.043, 1.945
0.191, -0.043, 1.945
0.175, -0.043, 1.944
0.159, -0.043, 1.944
0.145, -0.059, 1.959
0.129, -0.059, 1.958
0.114, -0.059, 1.958
0.098, -0.059, 1.957
0.082, -0.059, 1.957
0.067, -0.075, 1.972
0.051, -0.075, 1.971
0.035, -0.075, 1.971
0.020, -0.075, 1.970
0.004, -0.091, 1.986
-0.012, -0.091, 1.985
-0.028, -0.091, 1.985
-0.044, -0.091, 1.984
-0.060, -0.091, 1.984
-0.075, -0.091, 1.983
-0.075, -0.075, 1.968
-0.090, -0.059, 1.952
-0.089, -0.043, 1.937
-0.088, -0.027, 1.922
-0.088, -0.011, 1.907
-0.102, 0.004, 1.893
-0.101, 0.019, 1.879
-0.101, 0.034, 1.865
-0.115, 0.048, 1.850
-0.114, 0.062, 1.837
-0.113, 0.077, 1.823
-0.112, 0.091, 1.810
-0.111, 0.104, 1.797
-0.111, 0.118, 1.785
-0.124, 0.131, 1.772
-0.138, 0.131, 1.771
-0.151, 0.144, 1.759
-0.165, 0.144, 1.758
-0.178, 0.157, 1.746
-0.191, 0.170, 1.734
-0.204, 0.170, 1.733
-0.217, 0.182, 1.721
-0.231, 0.182, 1.721
-0.229, 0.195, 1.709
-0.228, 0.207, 1.698
-0.239, 0.219, 1.686
-0.238, 0.231, 1.675
-0.236, 0.243, 1.664
-0.248, 0.255, 1.653
-0.246, 0.266, 1.643
-0.245, 0.277, 1.632
-0.256, 0.289, 1.622
-0.255, 0.300, 1.612
-0.253, 0.311, 1.602
-0.264, 0.321, 1.591
-0.263, 0.332, 1.582
-0.261, 0.343, 1.572
-0.272, 0.353, 1.562
-0.270, 0.363, 1.553
-0.269, 0.374, 1.544
-0.279, 0.383, 1.534
-0.278, 0.393, 1.525
-0.276, 0.403, 1.516
-0.286, 0.413, 1.507
-0.285, 0.423, 1.498
-0.283, 0.432, 1.490
-0.293, 0.441, 1.481
-0.292, 0.451, 1.473
-0.290, 0.460, 1.465
-0.300, 0.469, 1.456
-0.298, 0.478, 1.448
-0.297, 0.487, 1.440
-0.306, 0.495, 1.432
-0.305, 0.504, 1.425
-0.303, 0.513, 1.417
-0.295, 0.496, 1.432
-0.288, 0.469, 1.456
-0.281, 0.441, 1.481
-0.274, 0.413, 1.507
-0.267, 0.383, 1.534
-0.259, 0.353, 1.562
-0.251, 0.321, 1.592
-0.243, 0.289, 1.622
-0.235, 0.255, 1.654
-0.226, 0.219, 1.687
-0.203, 0.182, 1.721
-0.177, 0.170, 1.734
-0.164, 0.157, 1.746
-0.137, 0.144, 1.759
-0.110, 0.131, 1.772
-0.100, 0.048, 1.851
-0.087, 0.004, 1.893
-0.074, -0.059, 1.952
0.004, -0.075, 1.970
0.067, -0.059, 1.956
0.144, -0.043, 1.943
0.205, -0.027, 1.930
0.249, -0.012, 1.917
0.308, 0.004, 1.904
0.354, 0.004, 1.905
0.281, 0.623, 1.336
0.283, 0.607, 1.350
0.281, 0.559, 1.391
0.279, 0.508, 1.436
0.275, 0.463, 1.476
0.291, 0.366, 1.565
0.311, 0.324, 1.605
0.365, 0.313, 1.615
0.391, 0.313, 1.616
0.534, 0.314, 1.620
0.574, 0.314, 1.621
0.843, 0.627, 1.347
2.221, -1.639, 3.549
0.584, -1.012, 2.891
0.086, -0.666, 2.541
-0.222, -0.718, 2.583
-0.225, -0.747, 2.611
-0.113, -0.585, 2.457
-0.331, -0.214, 2.093
-0.356, -0.271, 2.147
-0.383, -0.331, 2.204
-0.412, -0.394, 2.264
-0.436, -0.532, 2.397
-0.421, -0.557, 2.422
-0.406, -0.582, 2.446
-0.375, -0.634, 2.498
-0.362, -0.689, 2.551
-0.253, -0.836, 2.697
-0.281, -0.899, 2.757
-0.314, -0.999, 2.853
-0.349, -1.106, 2.957
-0.387, -1.221, 3.068
-0.427, -1.345, 3.188
-0.484, -1.576, 3.411
-0.167, 0.619, 1.328
-0.157, 0.619, 1.328
-0.146, 0.619, 1.328
-0.157, 0.611, 1.335
-0.169, 0.603, 1.341
-0.147, 0.611, 1.335
-0.136, 0.619, 1.329
-0.125, 0.619, 1.329
-0.136, 0.611, 1.335
-0.114, 0.619, 1.329
-0.104, 0.619, 1.329
-0.093, 0.619, 1.329
-0.082, 0.620, 1.330
-0.308, 0.546, 1.387
RegionID:1
Center:0.286,-0.944,2.091
Normal:-0.610,0.100,-0.786
NumPatches:21
0.304, -0.928, 2.080
0.289, -0.917, 2.093
0.274, -0.922, 2.104
0.258, -0.943, 2.114
0.242, -0.964, 2.124
0.258, -0.959, 2.112
0.242, -0.980, 2.122
0.257, -0.975, 2.110
0.273, -0.970, 2.099
0.288, -0.964, 2.088
0.303, -0.959, 2.077
0.318, -0.939, 2.067
0.319, -0.923, 2.069
0.304, -0.912, 2.082
0.289, -0.901, 2.095
0.274, -0.906, 2.106
0.258, -0.927, 2.116
0.333, -0.934, 2.057
0.318, -0.954, 2.066
0.333, -0.949, 2.055
0.347, -0.944, 2.044
RegionID:2
Center:-0.144,-0.848,2.207
Normal:-0.016,0.154,-0.988
NumPatches:56
-0.049, -0.742, 2.223
-0.067, -0.759, 2.220
-0.067, -0.742, 2.223
-0.085, -0.726, 2.226
-0.102, -0.726, 2.226
-0.120, -0.709, 2.229
-0.138, -0.726, 2.227
-0.156, -0.743, 2.224
-0.173, -0.760, 2.222
-0.156, -0.760, 2.222
-0.173, -0.777, 2.219
-0.173, -0.794, 2.217
-0.190, -0.810, 2.214
-0.173, -0.810, 2.214
-0.190, -0.827, 2.212
-0.190, -0.844, 2.209
-0.207, -0.861, 2.207
-0.190, -0.861, 2.207
-0.207, -0.877, 2.204
-0.207, -0.894, 2.202
-0.224, -0.910, 2.199
-0.207, -0.910, 2.199
-0.224, -0.927, 2.197
-0.224, -0.943, 2.194
-0.241, -0.960, 2.192
-0.224, -0.960, 2.192
-0.206, -0.960, 2.191
-0.188, -0.976, 2.189
-0.206, -0.976, 2.189
-0.171, -0.976, 2.188
-0.153, -0.992, 2.185
-0.170, -0.992, 2.186
-0.136, -0.976, 2.188
-0.136, -0.959, 2.190
-0.136, -0.943, 2.193
-0.119, -0.926, 2.195
-0.119, -0.910, 2.198
-0.119, -0.893, 2.200
-0.101, -0.877, 2.203
-0.101, -0.860, 2.205
-0.102, -0.843, 2.207
-0.084, -0.826, 2.210
-0.084, -0.810, 2.213
-0.084, -0.793, 2.215
-0.067, -0.776, 2.218
-0.066, -0.793, 2.215
-0.084, -0.843, 2.207
-0.101, -0.893, 2.200
-0.118, -0.943, 2.193
-0.135, -0.992, 2.185
-0.156, -0.726, 2.227
-0.138, -0.709, 2.229
-0.138, -0.692, 2.232
-0.103, -0.709, 2.229
-0.067, -0.726, 2.226
-0.049, -0.725, 2.225
RegionID:3
Center:0.204,-0.642,1.947
Normal:-0.321,-0.802,-0.503
NumPatches:22
0.133, -0.658, 2.019
0.148, -0.652, 1.999
0.162, -0.646, 1.980
0.172, -0.609, 1.916
0.186, -0.604, 1.898
0.177, -0.639, 1.961
0.166, -0.678, 2.029
0.181, -0.671, 2.009
0.195, -0.665, 1.990
0.214, -0.690, 2.019
0.200, -0.697, 2.039
0.223, -0.652, 1.952
0.217, -0.622, 1.907
0.199, -0.598, 1.881
0.212, -0.593, 1.864
0.231, -0.616, 1.890
0.243, -0.610, 1.873
0.236, -0.646, 1.934
0.228, -0.684, 1.999
0.249, -0.640, 1.916
0.262, -0.634, 1.899
0.275, -0.628, 1.881
RegionID:4
Center:0.283,-0.511,1.861
Normal:0.357,0.483,-0.800
NumPatches:33
0.330, -0.560, 1.853
0.313, -0.570, 1.839
0.297, -0.568, 1.833
0.281, -0.567, 1.828
0.267, -0.553, 1.830
0.252, -0.551, 1.824
0.237, -0.537, 1.826
0.222, -0.535, 1.820
0.223, -0.523, 1.828
0.224, -0.510, 1.836
0.225, -0.498, 1.844
0.241, -0.487, 1.858
0.243, -0.474, 1.866
0.244, -0.461, 1.875
0.245, -0.448, 1.883
0.261, -0.449, 1.889
0.277, -0.451, 1.895
0.291, -0.466, 1.893
0.275, -0.464, 1.887
0.308, -0.467, 1.899
0.322, -0.482, 1.897
0.306, -0.480, 1.891
0.339, -0.483, 1.903
0.354, -0.498, 1.901
0.336, -0.509, 1.886
0.337, -0.496, 1.895
0.334, -0.522, 1.878
0.333, -0.535, 1.870
0.331, -0.547, 1.862
0.314, -0.558, 1.847
0.240, -0.499, 1.850
0.253, -0.538, 1.832
0.283, -0.554, 1.836
RegionID:5
Center:-0.254,-0.356,1.971
Normal:-0.677,-0.335,-0.655
NumPatches:39
-0.214, -0.385, 1.945
-0.233, -0.407, 1.975
-0.253, -0.430, 2.008
-0.273, -0.453, 2.041
-0.293, -0.458, 2.064
-0.291, -0.439, 2.052
-0.310, -0.425, 2.064
-0.328, -0.411, 2.075
-0.326, -0.392, 2.064
-0.305, -0.369, 2.030
-0.303, -0.351, 2.019
-0.282, -0.330, 1.986
-0.281, -0.312, 1.976
-0.279, -0.295, 1.966
-0.278, -0.278, 1.956
-0.258, -0.258, 1.924
-0.257, -0.241, 1.916
-0.240, -0.255, 1.905
-0.259, -0.275, 1.935
-0.241, -0.272, 1.915
-0.224, -0.269, 1.895
-0.207, -0.283, 1.886
-0.225, -0.286, 1.905
-0.208, -0.299, 1.895
-0.191, -0.296, 1.876
-0.192, -0.313, 1.885
-0.193, -0.330, 1.895
-0.212, -0.350, 1.924
-0.194, -0.347, 1.905
-0.213, -0.368, 1.934
-0.232, -0.389, 1.965
-0.284, -0.347, 1.997
-0.306, -0.388, 2.041
-0.308, -0.406, 2.052
-0.290, -0.420, 2.041
-0.254, -0.448, 2.018
-0.234, -0.425, 1.986
-0.256, -0.467, 2.029
-0.257, -0.486, 2.041
RegionID:6
Center:-0.155,-0.212,1.922
Normal:0.309,0.746,-0.591
NumPatches:30
-0.103, -0.241, 1.912
-0.118, -0.240, 1.905
-0.132, -0.252, 1.883
-0.145, -0.264, 1.861
-0.161, -0.251, 1.870
-0.177, -0.237, 1.878
-0.193, -0.223, 1.888
-0.209, -0.209, 1.898
-0.225, -0.195, 1.907
-0.210, -0.195, 1.914
-0.198, -0.182, 1.937
-0.183, -0.183, 1.944
-0.196, -0.196, 1.921
-0.194, -0.209, 1.904
-0.178, -0.224, 1.895
-0.162, -0.238, 1.885
-0.146, -0.251, 1.876
-0.133, -0.239, 1.899
-0.169, -0.169, 1.968
-0.155, -0.155, 1.993
-0.139, -0.170, 1.982
-0.154, -0.170, 1.975
-0.168, -0.183, 1.951
-0.138, -0.185, 1.965
-0.121, -0.199, 1.955
-0.136, -0.199, 1.948
-0.120, -0.213, 1.938
-0.105, -0.214, 1.945
-0.089, -0.228, 1.935
-0.104, -0.228, 1.928
RegionID:7
Center:-0.388,-0.050,1.405
Normal:-0.146,-0.910,-0.389
NumPatches:44
-0.350, -0.107, 1.523
-0.364, -0.107, 1.529
-0.378, -0.107, 1.535
-0.392, -0.108, 1.542
-0.405, -0.108, 1.548
-0.409, -0.094, 1.515
-0.423, -0.094, 1.521
-0.437, -0.095, 1.527
-0.451, -0.095, 1.534
-0.453, -0.081, 1.502
-0.467, -0.081, 1.508
-0.470, -0.068, 1.477
-0.459, -0.055, 1.442
-0.448, -0.042, 1.409
-0.450, -0.030, 1.382
-0.441, -0.019, 1.351
-0.443, -0.008, 1.327
-0.434, 0.003, 1.299
-0.422, 0.003, 1.294
-0.410, 0.003, 1.290
-0.431, -0.008, 1.322
-0.419, -0.008, 1.318
-0.407, -0.008, 1.313
-0.395, -0.008, 1.309
-0.383, -0.008, 1.304
-0.372, -0.008, 1.300
-0.360, -0.008, 1.295
-0.356, -0.018, 1.319
-0.368, -0.019, 1.323
-0.344, -0.018, 1.314
-0.333, -0.018, 1.310
-0.321, -0.018, 1.305
-0.310, -0.018, 1.301
-0.305, -0.029, 1.324
-0.316, -0.029, 1.329
-0.311, -0.041, 1.354
-0.318, -0.053, 1.384
-0.326, -0.065, 1.417
-0.334, -0.078, 1.450
-0.342, -0.092, 1.485
-0.438, -0.030, 1.377
-0.456, -0.068, 1.472
-0.440, -0.081, 1.496
-0.395, -0.094, 1.509
RegionID:8
Center:-0.352,0.085,1.300
Normal:0.203,0.438,-0.876
NumPatches:60
-0.399, 0.151, 1.322
-0.407, 0.139, 1.314
-0.415, 0.128, 1.307
-0.406, 0.128, 1.309
-0.414, 0.117, 1.302
-0.412, 0.106, 1.296
-0.420, 0.095, 1.289
-0.411, 0.096, 1.292
-0.419, 0.085, 1.284
-0.417, 0.074, 1.280
-0.425, 0.064, 1.272
-0.415, 0.064, 1.275
-0.423, 0.053, 1.268
-0.412, 0.043, 1.265
-0.422, 0.043, 1.263
-0.411, 0.033, 1.260
-0.401, 0.033, 1.262
-0.392, 0.033, 1.265
-0.382, 0.033, 1.266
-0.373, 0.033, 1.269
-0.364, 0.033, 1.271
-0.353, 0.023, 1.269
-0.362, 0.023, 1.266
-0.343, 0.023, 1.271
-0.334, 0.023, 1.273
-0.324, 0.023, 1.275
-0.314, 0.023, 1.278
-0.303, 0.013, 1.275
-0.313, 0.013, 1.273
-0.295, 0.023, 1.282
-0.296, 0.033, 1.287
-0.297, 0.044, 1.292
-0.288, 0.055, 1.299
-0.290, 0.065, 1.305
-0.291, 0.076, 1.309
-0.282, 0.087, 1.317
-0.283, 0.098, 1.322
-0.284, 0.109, 1.328
-0.285, 0.120, 1.333
-0.296, 0.131, 1.336
-0.307, 0.131, 1.333
-0.318, 0.142, 1.336
-0.328, 0.141, 1.334
-0.338, 0.141, 1.331
-0.348, 0.141, 1.329
-0.359, 0.152, 1.331
-0.369, 0.152, 1.329
-0.379, 0.151, 1.327
-0.389, 0.151, 1.324
-0.401, 0.162, 1.327
-0.409, 0.150, 1.319
-0.411, 0.162, 1.325
-0.350, 0.152, 1.334
-0.308, 0.142, 1.338
-0.286, 0.131, 1.338
-0.276, 0.131, 1.341
-0.275, 0.120, 1.335
-0.281, 0.076, 1.312
-0.287, 0.044, 1.294
-0.294, 0.013, 1.277
RegionID:9
Center:0.155,0.094,1.483
Normal:0.439,0.154,-0.885
NumPatches:48
0.131, 0.015, 1.457
0.119, 0.015, 1.451
0.119, 0.026, 1.453
0.119, 0.038, 1.455
0.107, 0.049, 1.451
0.108, 0.061, 1.453
0.108, 0.073, 1.455
0.108, 0.085, 1.457
0.096, 0.096, 1.454
0.096, 0.108, 1.456
0.096, 0.120, 1.458
0.084, 0.131, 1.454
0.084, 0.143, 1.456
0.096, 0.143, 1.462
0.109, 0.144, 1.468
0.096, 0.131, 1.460
0.121, 0.156, 1.476
0.133, 0.157, 1.483
0.121, 0.144, 1.474
0.146, 0.158, 1.489
0.158, 0.158, 1.495
0.171, 0.159, 1.502
0.184, 0.172, 1.511
0.197, 0.173, 1.517
0.184, 0.160, 1.508
0.197, 0.161, 1.515
0.197, 0.148, 1.513
0.196, 0.136, 1.510
0.209, 0.124, 1.515
0.196, 0.124, 1.508
0.209, 0.112, 1.512
0.208, 0.100, 1.510
0.221, 0.088, 1.514
0.208, 0.087, 1.508
0.221, 0.076, 1.512
0.220, 0.063, 1.510
0.220, 0.051, 1.507
0.207, 0.039, 1.499
0.194, 0.039, 1.492
0.181, 0.039, 1.486
0.168, 0.027, 1.477
0.156, 0.026, 1.471
0.144, 0.026, 1.465
0.131, 0.026, 1.459
0.169, 0.038, 1.480
0.220, 0.039, 1.505
0.108, 0.096, 1.460
0.119, 0.050, 1.457
RegionID:10
Center:-0.046,0.311,1.113
Normal:0.508,-0.295,-0.809
NumPatches:124
0.002, 0.354, 1.127
0.002, 0.362, 1.124
0.002, 0.370, 1.121
0.002, 0.378, 1.118
0.002, 0.386, 1.116
-0.007, 0.392, 1.108
-0.007, 0.400, 1.105
-0.007, 0.408, 1.102
-0.007, 0.416, 1.099
-0.015, 0.421, 1.092
-0.015, 0.429, 1.089
-0.015, 0.437, 1.087
-0.015, 0.444, 1.084
-0.024, 0.450, 1.077
-0.024, 0.457, 1.074
-0.032, 0.463, 1.067
-0.040, 0.461, 1.063
-0.049, 0.459, 1.058
-0.057, 0.450, 1.056
-0.065, 0.448, 1.052
-0.073, 0.446, 1.048
-0.082, 0.437, 1.046
-0.090, 0.435, 1.042
-0.098, 0.426, 1.039
-0.106, 0.425, 1.036
-0.113, 0.423, 1.031
-0.121, 0.421, 1.026
-0.129, 0.412, 1.025
-0.137, 0.403, 1.024
-0.137, 0.410, 1.021
-0.129, 0.419, 1.023
-0.130, 0.397, 1.030
-0.137, 0.396, 1.026
-0.130, 0.390, 1.032
-0.130, 0.383, 1.035
-0.131, 0.375, 1.037
-0.123, 0.369, 1.044
-0.131, 0.368, 1.039
-0.123, 0.362, 1.046
-0.124, 0.354, 1.049
-0.116, 0.348, 1.056
-0.124, 0.347, 1.051
-0.116, 0.341, 1.058
-0.117, 0.333, 1.061
-0.109, 0.327, 1.068
-0.117, 0.325, 1.063
-0.109, 0.319, 1.070
-0.109, 0.311, 1.073
-0.110, 0.303, 1.076
-0.102, 0.297, 1.083
-0.110, 0.295, 1.078
-0.102, 0.289, 1.086
-0.094, 0.282, 1.093
-0.102, 0.281, 1.088
-0.094, 0.274, 1.096
-0.094, 0.266, 1.099
-0.095, 0.258, 1.101
-0.087, 0.251, 1.109
-0.095, 0.250, 1.104
-0.087, 0.242, 1.112
-0.078, 0.235, 1.120
-0.087, 0.234, 1.115
-0.079, 0.227, 1.123
-0.079, 0.218, 1.126
-0.079, 0.210, 1.129
-0.079, 0.201, 1.132
-0.071, 0.194, 1.140
-0.079, 0.193, 1.135
-0.071, 0.185, 1.143
-0.062, 0.177, 1.152
-0.071, 0.177, 1.146
-0.062, 0.169, 1.155
-0.063, 0.160, 1.158
-0.063, 0.151, 1.161
-0.054, 0.143, 1.170
-0.063, 0.142, 1.165
-0.054, 0.134, 1.173
-0.045, 0.143, 1.176
-0.035, 0.153, 1.178
-0.026, 0.154, 1.184
-0.035, 0.144, 1.181
-0.017, 0.155, 1.189
-0.007, 0.164, 1.192
0.002, 0.165, 1.198
-0.007, 0.155, 1.195
0.012, 0.175, 1.200
0.022, 0.176, 1.206
0.012, 0.166, 1.204
0.031, 0.186, 1.208
0.041, 0.196, 1.211
0.051, 0.206, 1.213
0.051, 0.215, 1.210
0.041, 0.223, 1.200
0.041, 0.232, 1.197
0.041, 0.241, 1.193
0.031, 0.249, 1.184
0.031, 0.257, 1.181
0.031, 0.266, 1.178
0.031, 0.275, 1.174
0.030, 0.283, 1.171
0.021, 0.291, 1.162
0.021, 0.299, 1.159
0.021, 0.307, 1.156
0.021, 0.316, 1.153
0.011, 0.323, 1.144
0.011, 0.331, 1.141
0.011, 0.339, 1.138
0.011, 0.347, 1.135
0.011, 0.356, 1.132
0.021, 0.324, 1.150
0.030, 0.292, 1.168
0.040, 0.250, 1.189
0.051, 0.224, 1.206
0.051, 0.197, 1.217
0.041, 0.187, 1.214
0.032, 0.177, 1.212
-0.097, 0.433, 1.037
-0.081, 0.444, 1.043
-0.057, 0.457, 1.054
-0.024, 0.472, 1.069
-0.024, 0.465, 1.072
-0.015, 0.452, 1.081
-0.007, 0.423, 1.097
0.002, 0.394, 1.113
RegionID:11
Center:0.388,0.431,1.259
Normal:0.020,-0.661,-0.750
NumPatches:103
0.443, 0.300, 1.377
0.432, 0.300, 1.376
0.421, 0.300, 1.376
0.410, 0.300, 1.376
0.399, 0.300, 1.376
0.388, 0.300, 1.375
0.377, 0.300, 1.375
0.366, 0.300, 1.375
0.355, 0.300, 1.375
0.344, 0.300, 1.374
0.333, 0.300, 1.374
0.322, 0.300, 1.374
0.310, 0.299, 1.374
0.320, 0.309, 1.366
0.318, 0.318, 1.357
0.316, 0.326, 1.349
0.314, 0.335, 1.341
0.312, 0.344, 1.333
0.321, 0.353, 1.326
0.319, 0.361, 1.318
0.317, 0.370, 1.311
0.315, 0.378, 1.303
0.314, 0.386, 1.296
0.322, 0.394, 1.289
0.320, 0.402, 1.282
0.319, 0.410, 1.275
0.317, 0.418, 1.268
0.325, 0.426, 1.261
0.323, 0.434, 1.254
0.322, 0.441, 1.247
0.320, 0.449, 1.241
0.318, 0.456, 1.234
0.327, 0.464, 1.228
0.325, 0.471, 1.221
0.323, 0.479, 1.215
0.321, 0.486, 1.209
0.320, 0.493, 1.203
0.328, 0.500, 1.197
0.326, 0.507, 1.191
0.325, 0.514, 1.185
0.323, 0.521, 1.179
0.331, 0.528, 1.173
0.329, 0.534, 1.167
0.328, 0.541, 1.162
0.337, 0.541, 1.162
0.346, 0.541, 1.162
0.355, 0.541, 1.162
0.365, 0.541, 1.162
0.374, 0.541, 1.162
0.384, 0.542, 1.163
0.393, 0.542, 1.163
0.402, 0.542, 1.163
0.412, 0.542, 1.163
0.421, 0.542, 1.163
0.430, 0.542, 1.163
0.440, 0.542, 1.164
0.449, 0.542, 1.164
0.458, 0.542, 1.164
0.461, 0.536, 1.170
0.463, 0.529, 1.176
0.456, 0.522, 1.181
0.465, 0.522, 1.181
0.458, 0.515, 1.187
0.460, 0.508, 1.193
0.453, 0.501, 1.199
0.463, 0.501, 1.199
0.455, 0.494, 1.205
0.458, 0.487, 1.211
0.450, 0.480, 1.218
0.460, 0.480, 1.218
0.453, 0.472, 1.224
0.455, 0.465, 1.230
0.458, 0.458, 1.237
0.450, 0.450, 1.243
0.460, 0.450, 1.243
0.452, 0.442, 1.250
0.455, 0.435, 1.257
0.447, 0.427, 1.263
0.457, 0.427, 1.264
0.450, 0.419, 1.270
0.452, 0.411, 1.277
0.444, 0.403, 1.284
0.455, 0.403, 1.284
0.447, 0.395, 1.291
0.449, 0.387, 1.299
0.452, 0.379, 1.306
0.444, 0.370, 1.313
0.454, 0.370, 1.314
0.446, 0.362, 1.321
0.449, 0.354, 1.329
0.441, 0.345, 1.336
0.452, 0.345, 1.336
0.444, 0.336, 1.344
0.446, 0.327, 1.352
0.438, 0.318, 1.360
0.449, 0.318, 1.360
0.440, 0.309, 1.368
0.332, 0.521, 1.179
0.329, 0.493, 1.203
0.328, 0.457, 1.234
0.327, 0.418, 1.268
0.324, 0.386, 1.296
0.323, 0.344, 1.334
