NumRegions:13
RegionID:0
Center:0.022,-0.182,2.080
Normal:0.020,-0.690,-0.723
NumPatches:1115
-0.284, 0.618, 1.326
-0.294, 0.618, 1.326
-0.305, 0.618, 1.326
-0.315, 0.617, 1.325
-0.326, 0.617, 1.325
-0.336, 0.617, 1.325
-0.347, 0.617, 1.325
-0.358, 0.617, 1.325
-0.368, 0.617, 1.324
-0.379, 0.617, 1.324
-0.389, 0.617, 1.324
-0.400, 0.617, 1.324
-0.410, 0.617, 1.324
-0.421, 0.617, 1.323
-0.431, 0.616, 1.323
-0.442, 0.616, 1.323
-0.452, 0.616, 1.323
-0.463, 0.616, 1.323
-0.473, 0.616, 1.322
-0.484, 0.616, 1.322
-0.494, 0.616, 1.322
-0.505, 0.616, 1.322
-0.515, 0.616, 1.322
-0.526, 0.616, 1.321
-0.536, 0.615, 1.321
-0.547, 0.615, 1.321
-0.557, 0.615, 1.321
-0.568, 0.615, 1.321
-0.578, 0.615, 1.320
-0.589, 0.615, 1.320
-0.599, 0.615, 1.320
-0.610, 0.615, 1.320
-0.620, 0.615, 1.320
-0.631, 0.615, 1.320
-0.641, 0.615, 1.319
-0.651, 0.614, 1.319
-0.662, 0.614, 1.319
-0.672, 0.614, 1.319
-0.683, 0.614, 1.319
-0.693, 0.614, 1.318
-0.704, 0.614, 1.318
-0.714, 0.614, 1.318
-0.725, 0.614, 1.318
-0.735, 0.614, 1.318
-0.745, 0.614, 1.317
-0.756, 0.613, 1.317
-0.766, 0.613, 1.317
-0.777, 0.613, 1.317
-0.787, 0.613, 1.317
-0.798, 0.613, 1.316
-0.808, 0.613, 1.316
-0.822, 0.606, 1.322
-0.818, 0.613, 1.316
-0.826, 0.598, 1.329
-0.831, 0.590, 1.335
-0.835, 0.582, 1.342
-0.839, 0.574, 1.349
-0.843, 0.567, 1.356
-0.847, 0.559, 1.363
-0.852, 0.550, 1.369
-0.856, 0.542, 1.377
-0.861, 0.534, 1.384
-0.865, 0.526, 1.391
-0.870, 0.517, 1.398
-0.874, 0.509, 1.406
-0.879, 0.500, 1.413
-0.884, 0.491, 1.421
-0.888, 0.483, 1.428
-0.893, 0.474, 1.436
-0.898, 0.465, 1.444
-0.903, 0.456, 1.452
-0.908, 0.447, 1.460
-0.913, 0.437, 1.468
-0.918, 0.428, 1.476
-0.924, 0.419, 1.485
-0.929, 0.409, 1.493
-0.934, 0.400, 1.502
-0.940, 0.390, 1.511
-0.945, 0.380, 1.519
-0.951, 0.370, 1.528
-0.956, 0.360, 1.538
-0.962, 0.350, 1.547
-0.968, 0.339, 1.556
-0.974, 0.329, 1.565
-0.979, 0.318, 1.575
-0.986, 0.307, 1.585
-0.992, 0.297, 1.595
-0.998, 0.286, 1.605
-1.004, 0.274, 1.615
-1.010, 0.263, 1.625
-1.017, 0.252, 1.635
-1.024, 0.240, 1.646
-1.030, 0.229, 1.656
-1.037, 0.217, 1.667
-1.044, 0.205, 1.678
-1.051, 0.193, 1.689
-1.057, 0.180, 1.700
-1.065, 0.168, 1.712
-1.072, 0.155, 1.723
-1.079, 0.142, 1.735
-1.087, 0.129, 1.747
-1.094, 0.116, 1.759
-1.102, 0.103, 1.772
-1.110, 0.089, 1.784
-1.118, 0.075, 1.797
-1.126, 0.062, 1.810
-1.134, 0.047, 1.823
-1.142, 0.033, 1.836
-1.150, 0.018, 1.850
-1.159, 0.004, 1.864
-1.168, -0.011, 1.878
-1.177, -0.026, 1.892
-1.185, -0.042, 1.906
-1.195, -0.058, 1.921
-1.204, -0.074, 1.936
-1.213, -0.090, 1.951
-1.223, -0.106, 1.966
-1.233, -0.123, 1.982
-1.242, -0.140, 1.998
-1.253, -0.157, 2.014
-1.263, -0.175, 2.030
-1.273, -0.192, 2.047
-1.284, -0.211, 2.064
-1.295, -0.229, 2.082
-1.305, -0.248, 2.099
-1.317, -0.267, 2.117
-1.328, -0.286, 2.135
-1.340, -0.306, 2.154
-1.351, -0.326, 2.173
-1.363, -0.346, 2.192
-1.376, -0.367, 2.212
-1.388, -0.388, 2.232
-1.401, -0.410, 2.252
-1.414, -0.432, 2.273
-1.427, -0.454, 2.295
-1.441, -0.477, 2.316
-1.454, -0.500, 2.338
-1.468, -0.524, 2.361
-1.483, -0.548, 2.384
-1.497, -0.573, 2.407
-1.512, -0.598, 2.431
-1.527, -0.624, 2.455
-1.543, -0.650, 2.480
-1.558, -0.676, 2.506
-1.575, -0.704, 2.532
-1.591, -0.732, 2.558
-1.608, -0.760, 2.585
-1.625, -0.789, 2.613
-1.643, -0.819, 2.641
-1.661, -0.849, 2.670
-1.679, -0.880, 2.700
-1.698, -0.912, 2.730
-1.717, -0.944, 2.761
-1.737, -0.978, 2.793
-1.758, -1.012, 2.826
-1.778, -1.046, 2.859
-1.799, -1.082, 2.893
-1.821, -1.119, 2.928
-1.843, -1.156, 2.964
-1.866, -1.194, 3.001
-1.890, -1.233, 3.038
-1.914, -1.274, 3.077
-1.938, -1.315, 3.117
-1.964, -1.358, 3.157
-1.990, -1.401, 3.199
-2.016, -1.446, 3.242
-2.044, -1.492, 3.286
-2.046, -1.540, 3.332
-2.072, -1.539, 3.331
-2.020, -1.540, 3.334
-1.994, -1.541, 3.335
-1.969, -1.541, 3.336
-1.943, -1.542, 3.338
-1.917, -1.543, 3.339
-1.891, -1.543, 3.341
-1.865, -1.544, 3.342
-1.839, -1.544, 3.343
-1.813, -1.545, 3.344
-1.787, -1.546, 3.346
-1.761, -1.546, 3.347
-1.734, -1.547, 3.348
-1.708, -1.548, 3.350
-1.682, -1.548, 3.351
-1.656, -1.549, 3.352
-1.630, -1.549, 3.354
-1.604, -1.550, 3.355
-1.577, -1.551, 3.356
-1.551, -1.551, 3.358
-1.525, -1.552, 3.359
-1.499, -1.552, 3.360
-1.472, -1.553, 3.362
-1.446, -1.554, 3.363
-1.420, -1.554, 3.364
-1.393, -1.555, 3.366
-1.367, -1.555, 3.367
-1.341, -1.556, 3.368
-1.314, -1.557, 3.370
-1.288, -1.557, 3.371
-1.261, -1.558, 3.372
-1.235, -1.559, 3.374
-1.208, -1.559, 3.375
-1.182, -1.560, 3.376
-1.155, -1.560, 3.378
-1.129, -1.561, 3.379
-1.102, -1.562, 3.380
-1.075, -1.562, 3.382
-1.049, -1.563, 3.383
-1.022, -1.564, 3.385
-0.995, -1.564, 3.386
-0.969, -1.565, 3.387
-0.942, -1.566, 3.388
-0.915, -1.566, 3.390
-0.889, -1.567, 3.391
-0.862, -1.567, 3.393
-0.835, -1.568, 3.394
-0.808, -1.569, 3.395
-0.781, -1.569, 3.397
-0.754, -1.570, 3.398
-0.727, -1.571, 3.400
-0.701, -1.571, 3.401
-0.674, -1.572, 3.402
-0.647, -1.572, 3.404
-0.620, -1.573, 3.405
-0.593, -1.574, 3.406
-0.566, -1.574, 3.408
-0.539, -1.575, 3.409
-0.512, -1.576, 3.410
-0.484, -1.576, 3.411
-0.457, -1.577, 3.413
-0.430, -1.578, 3.414
-0.403, -1.578, 3.416
-0.376, -1.579, 3.417
-0.344, -1.530, 3.371
-0.366, -1.482, 3.323
-0.392, -1.482, 3.322
-0.413, -1.435, 3.276
-0.439, -1.434, 3.274
-0.465, -1.433, 3.273
-0.484, -1.388, 3.228
-0.478, -1.344, 3.186
-0.472, -1.302, 3.144
-0.466, -1.260, 3.104
-0.460, -1.220, 3.064
-0.430, -1.181, 3.027
-0.425, -1.142, 2.990
-0.419, -1.105, 2.954
-0.391, -1.068, 2.919
-0.386, -1.032, 2.884
-0.382, -0.998, 2.850
-0.355, -0.964, 2.818
-0.351, -0.930, 2.786
-0.347, -0.898, 2.754
-0.321, -0.866, 2.724
-0.318, -0.835, 2.694
-0.314, -0.805, 2.665
-0.290, -0.775, 2.637
-0.287, -0.746, 2.608
-0.263, -0.718, 2.581
-0.261, -0.690, 2.555
-0.258, -0.662, 2.528
-0.235, -0.636, 2.503
-0.233, -0.609, 2.478
-0.231, -0.584, 2.453
-0.209, -0.559, 2.429
-0.226, -0.534, 2.404
-0.245, -0.534, 2.404
-0.267, -0.558, 2.427
-0.286, -0.558, 2.426
-0.306, -0.558, 2.426
-0.325, -0.558, 2.425
-0.344, -0.558, 2.424
-0.364, -0.557, 2.424
-0.360, -0.533, 2.400
-0.375, -0.508, 2.376
-0.390, -0.485, 2.352
-0.405, -0.461, 2.330
-0.420, -0.438, 2.307
-0.434, -0.416, 2.285
-0.448, -0.394, 2.263
-0.444, -0.372, 2.243
-0.440, -0.351, 2.222
-0.436, -0.330, 2.202
-0.432, -0.310, 2.183
-0.428, -0.290, 2.164
-0.425, -0.270, 2.145
-0.404, -0.251, 2.127
-0.401, -0.232, 2.109
-0.397, -0.213, 2.091
-0.378, -0.195, 2.074
-0.374, -0.177, 2.057
-0.371, -0.159, 2.040
-0.368, -0.142, 2.023
-0.349, -0.124, 2.008
-0.347, -0.108, 1.992
-0.344, -0.091, 1.976
-0.325, -0.075, 1.961
-0.323, -0.058, 1.945
-0.320, -0.042, 1.930
-0.303, -0.027, 1.916
-0.287, -0.027, 1.917
-0.305, -0.042, 1.931
-0.270, -0.011, 1.902
-0.255, -0.011, 1.903
-0.272, -0.027, 1.917
-0.238, 0.004, 1.889
-0.223, 0.004, 1.889
-0.240, -0.011, 1.903
-0.206, 0.019, 1.876
-0.191, 0.019, 1.876
-0.208, 0.004, 1.890
-0.176, 0.019, 1.877
-0.161, 0.019, 1.877
-0.146, 0.019, 1.877
-0.131, 0.019, 1.878
-0.116, 0.019, 1.878
-0.102, 0.004, 1.893
-0.117, 0.004, 1.892
-0.087, 0.004, 1.893
-0.072, -0.011, 1.908
-0.088, -0.011, 1.907
-0.073, -0.027, 1.922
-0.058, -0.027, 1.923
-0.043, -0.043, 1.938
-0.058, -0.043, 1.938
-0.043, -0.059, 1.953
-0.027, -0.059, 1.954
-0.012, -0.075, 1.970
-0.028, -0.075, 1.969
-0.012, -0.091, 1.985
0.004, -0.091, 1.986
0.004, -0.108, 2.002
0.004, -0.125, 2.018
0.004, -0.142, 2.034
-0.012, -0.160, 2.051
0.004, -0.160, 2.051
-0.012, -0.178, 2.068
-0.029, -0.196, 2.085
-0.013, -0.196, 2.085
-0.029, -0.214, 2.102
-0.047, -0.233, 2.120
-0.030, -0.233, 2.121
-0.047, -0.252, 2.138
-0.065, -0.272, 2.156
-0.047, -0.272, 2.157
-0.065, -0.291, 2.175
-0.066, -0.312, 2.195
-0.084, -0.332, 2.214
-0.066, -0.332, 2.214
-0.085, -0.353, 2.234
-0.104, -0.374, 2.254
-0.086, -0.374, 2.254
-0.105, -0.396, 2.275
-0.124, -0.418, 2.295
-0.144, -0.440, 2.316
-0.164, -0.463, 2.338
-0.184, -0.486, 2.359
-0.205, -0.510, 2.382
-0.224, -0.510, 2.381
-0.203, -0.486, 2.359
-0.207, -0.534, 2.405
-0.188, -0.534, 2.406
-0.168, -0.534, 2.407
-0.149, -0.534, 2.407
-0.130, -0.535, 2.408
-0.112, -0.559, 2.433
-0.131, -0.559, 2.432
-0.092, -0.560, 2.433
-0.073, -0.560, 2.434
-0.054, -0.585, 2.459
-0.074, -0.585, 2.458
-0.034, -0.585, 2.460
-0.015, -0.586, 2.460
0.005, -0.612, 2.486
-0.015, -0.611, 2.486
0.025, -0.612, 2.487
0.045, -0.638, 2.513
0.025, -0.638, 2.513
0.046, -0.665, 2.539
0.065, -0.639, 2.514
0.065, -0.612, 2.488
0.064, -0.586, 2.463
0.063, -0.561, 2.439
0.082, -0.536, 2.415
0.081, -0.512, 2.392
0.081, -0.488, 2.369
0.099, -0.465, 2.346
0.098, -0.442, 2.325
0.115, -0.419, 2.303
0.134, -0.419, 2.304
0.116, -0.442, 2.325
0.151, -0.397, 2.283
0.169, -0.397, 2.284
0.152, -0.419, 2.305
0.186, -0.376, 2.263
0.202, -0.354, 2.243
0.220, -0.355, 2.244
0.204, -0.376, 2.264
0.187, -0.397, 2.284
0.236, -0.334, 2.224
0.254, -0.334, 2.225
0.238, -0.355, 2.244
0.269, -0.313, 2.205
0.287, -0.313, 2.206
0.271, -0.334, 2.225
0.304, -0.313, 2.207
0.322, -0.313, 2.207
0.340, -0.314, 2.208
0.361, -0.334, 2.228
0.343, -0.334, 2.227
0.379, -0.334, 2.229
0.400, -0.355, 2.250
0.382, -0.355, 2.249
0.419, -0.356, 2.250
0.441, -0.377, 2.272
0.422, -0.377, 2.271
0.459, -0.377, 2.272
0.482, -0.399, 2.294
0.463, -0.399, 2.293
0.500, -0.399, 2.295
0.524, -0.422, 2.317
0.505, -0.422, 2.317
0.542, -0.422, 2.318
0.547, -0.445, 2.339
0.553, -0.468, 2.362
0.558, -0.491, 2.385
0.564, -0.515, 2.408
0.550, -0.540, 2.432
0.569, -0.540, 2.433
0.555, -0.565, 2.456
0.561, -0.591, 2.481
0.566, -0.617, 2.507
0.572, -0.643, 2.533
0.558, -0.670, 2.558
0.578, -0.671, 2.559
0.564, -0.698, 2.585
0.570, -0.726, 2.613
0.576, -0.755, 2.641
0.582, -0.785, 2.670
0.567, -0.815, 2.699
0.551, -0.846, 2.729
0.529, -0.846, 2.728
0.513, -0.877, 2.758
0.491, -0.877, 2.757
0.468, -0.876, 2.756
0.446, -0.876, 2.755
0.429, -0.908, 2.786
0.411, -0.941, 2.817
0.393, -0.974, 2.849
0.375, -1.009, 2.882
0.356, -1.044, 2.916
0.336, -1.080, 2.950
0.316, -1.117, 2.985
0.340, -1.117, 2.987
0.320, -1.155, 3.023
0.300, -1.193, 3.060
0.279, -1.233, 3.098
0.304, -1.233, 3.099
0.282, -1.274, 3.138
0.261, -1.316, 3.178
0.286, -1.316, 3.179
0.264, -1.359, 3.220
0.241, -1.403, 3.263
0.268, -1.403, 3.264
0.245, -1.449, 3.307
0.221, -1.495, 3.352
0.197, -1.542, 3.398
0.172, -1.591, 3.445
0.170, -1.542, 3.397
0.141, -1.493, 3.348
0.112, -1.446, 3.301
0.085, -1.400, 3.255
0.058, -1.355, 3.211
0.032, -1.311, 3.167
0.006, -1.311, 3.166
-0.019, -1.268, 3.124
-0.044, -1.268, 3.123
-0.069, -1.267, 3.122
-0.068, -1.227, 3.082
-0.067, -1.187, 3.044
-0.042, -1.149, 3.007
-0.042, -1.111, 2.970
-0.041, -1.074, 2.934
-0.017, -1.038, 2.900
-0.017, -1.003, 2.865
-0.017, -0.969, 2.832
0.006, -0.935, 2.801
0.006, -0.903, 2.769
0.005, -0.870, 2.737
0.027, -0.839, 2.707
0.027, -0.809, 2.678
0.026, -0.779, 2.649
0.047, -0.750, 2.621
0.047, -0.721, 2.593
0.046, -0.693, 2.566
0.066, -0.665, 2.540
0.048, -0.779, 2.650
0.070, -0.809, 2.680
0.048, -0.809, 2.679
0.091, -0.810, 2.681
0.114, -0.840, 2.711
0.092, -0.840, 2.711
0.136, -0.841, 2.712
0.159, -0.872, 2.744
0.137, -0.872, 2.743
0.181, -0.873, 2.744
0.205, -0.905, 2.776
0.183, -0.905, 2.776
0.228, -0.905, 2.778
0.250, -0.906, 2.779
0.276, -0.939, 2.812
0.253, -0.939, 2.811
0.298, -0.939, 2.813
0.321, -0.940, 2.813
0.343, -0.940, 2.814
0.362, -0.907, 2.783
0.384, -0.908, 2.784
0.366, -0.940, 2.815
0.370, -0.974, 2.848
0.351, -1.008, 2.881
0.332, -1.043, 2.915
0.407, -0.908, 2.785
0.424, -0.876, 2.754
0.434, -0.941, 2.818
0.416, -0.975, 2.850
0.457, -0.942, 2.819
0.479, -0.942, 2.820
0.502, -0.942, 2.821
0.525, -0.942, 2.822
0.548, -0.943, 2.823
0.577, -0.977, 2.857
0.554, -0.977, 2.856
0.584, -1.012, 2.891
0.607, -1.012, 2.892
0.631, -1.012, 2.893
0.662, -1.049, 2.929
0.638, -1.048, 2.928
0.670, -1.085, 2.965
0.694, -1.085, 2.966
0.727, -1.123, 3.003
0.703, -1.123, 3.002
0.736, -1.162, 3.041
0.761, -1.162, 3.042
0.770, -1.202, 3.081
0.780, -1.242, 3.121
0.790, -1.283, 3.161
0.801, -1.326, 3.203
0.812, -1.370, 3.246
0.796, -1.414, 3.289
0.823, -1.415, 3.290
0.807, -1.461, 3.335
0.791, -1.507, 3.380
0.774, -1.556, 3.427
0.802, -1.556, 3.428
0.786, -1.606, 3.476
0.814, -1.606, 3.477
0.842, -1.607, 3.478
0.870, -1.608, 3.480
0.898, -1.608, 3.481
0.926, -1.609, 3.483
0.955, -1.610, 3.484
0.983, -1.610, 3.486
1.011, -1.611, 3.487
1.040, -1.612, 3.489
1.068, -1.612, 3.490
1.096, -1.613, 3.491
1.125, -1.614, 3.493
1.153, -1.614, 3.494
1.182, -1.615, 3.496
1.210, -1.616, 3.497
1.239, -1.616, 3.499
1.267, -1.617, 3.500
1.295, -1.618, 3.501
1.324, -1.618, 3.503
1.353, -1.619, 3.504
1.381, -1.620, 3.506
1.410, -1.620, 3.507
1.439, -1.621, 3.509
1.467, -1.622, 3.510
1.496, -1.622, 3.512
1.525, -1.623, 3.513
1.553, -1.624, 3.515
1.582, -1.624, 3.516
1.611, -1.625, 3.518
1.640, -1.626, 3.519
1.669, -1.626, 3.520
1.697, -1.627, 3.522
1.726, -1.628, 3.523
1.755, -1.628, 3.525
1.784, -1.629, 3.526
1.813, -1.630, 3.528
1.842, -1.631, 3.529
1.871, -1.631, 3.530
1.900, -1.632, 3.532
1.929, -1.633, 3.534
1.958, -1.633, 3.535
1.988, -1.634, 3.537
2.017, -1.634, 3.538
2.046, -1.635, 3.540
2.075, -1.636, 3.541
2.104, -1.637, 3.543
2.133, -1.637, 3.544
2.163, -1.638, 3.546
2.192, -1.639, 3.547
2.189, -1.588, 3.497
2.158, -1.537, 3.447
2.127, -1.489, 3.399
2.098, -1.441, 3.351
2.069, -1.395, 3.305
2.041, -1.350, 3.261
2.014, -1.306, 3.217
1.988, -1.264, 3.175
1.962, -1.222, 3.134
1.937, -1.182, 3.094
1.912, -1.143, 3.055
1.889, -1.104, 3.017
1.865, -1.067, 2.980
1.843, -1.030, 2.944
1.821, -0.995, 2.909
1.799, -0.960, 2.874
1.778, -0.926, 2.841
1.758, -0.893, 2.808
1.737, -0.860, 2.776
1.718, -0.829, 2.744
1.699, -0.798, 2.714
1.680, -0.768, 2.684
1.662, -0.738, 2.655
1.644, -0.709, 2.626
1.626, -0.681, 2.598
1.609, -0.653, 2.571
1.592, -0.626, 2.544
1.576, -0.599, 2.518
1.560, -0.573, 2.492
1.544, -0.548, 2.467
1.529, -0.523, 2.442
1.514, -0.498, 2.418
1.499, -0.474, 2.395
1.485, -0.451, 2.372
1.470, -0.427, 2.349
1.456, -0.405, 2.326
1.443, -0.383, 2.305
1.429, -0.361, 2.283
1.416, -0.339, 2.262
1.403, -0.318, 2.242
1.391, -0.298, 2.222
1.378, -0.277, 2.202
1.366, -0.258, 2.182
1.354, -0.238, 2.163
1.342, -0.219, 2.145
1.331, -0.200, 2.126
1.319, -0.181, 2.108
1.308, -0.163, 2.090
1.297, -0.145, 2.073
1.287, -0.127, 2.056
1.276, -0.110, 2.039
1.266, -0.093, 2.022
1.256, -0.076, 2.006
1.246, -0.060, 1.990
1.236, -0.043, 1.974
1.226, -0.027, 1.959
1.216, -0.012, 1.943
1.207, 0.004, 1.928
1.198, 0.019, 1.914
1.189, 0.034, 1.899
1.180, 0.049, 1.885
1.171, 0.064, 1.871
1.162, 0.078, 1.857
1.154, 0.092, 1.844
1.145, 0.106, 1.830
1.137, 0.120, 1.817
1.129, 0.133, 1.804
1.121, 0.147, 1.791
1.113, 0.160, 1.778
1.106, 0.173, 1.766
1.098, 0.186, 1.754
1.090, 0.199, 1.742
1.083, 0.211, 1.730
1.075, 0.223, 1.718
1.068, 0.236, 1.707
1.061, 0.248, 1.695
1.054, 0.259, 1.684
1.047, 0.271, 1.673
1.041, 0.283, 1.662
1.034, 0.294, 1.651
1.027, 0.305, 1.641
1.021, 0.316, 1.631
1.014, 0.327, 1.621
1.008, 0.338, 1.610
1.002, 0.349, 1.600
0.996, 0.359, 1.591
0.989, 0.370, 1.581
0.983, 0.380, 1.571
0.977, 0.390, 1.562
0.972, 0.400, 1.552
0.966, 0.410, 1.543
0.960, 0.420, 1.534
0.954, 0.430, 1.525
0.949, 0.440, 1.516
0.943, 0.449, 1.507
0.938, 0.459, 1.499
0.933, 0.468, 1.490
0.928, 0.477, 1.482
0.922, 0.486, 1.473
0.917, 0.495, 1.465
0.912, 0.504, 1.457
0.907, 0.513, 1.449
0.902, 0.522, 1.441
0.897, 0.530, 1.433
0.892, 0.539, 1.425
0.888, 0.547, 1.418
0.883, 0.556, 1.410
0.878, 0.564, 1.403
0.874, 0.572, 1.396
0.869, 0.580, 1.388
0.865, 0.588, 1.381
0.860, 0.596, 1.374
0.856, 0.604, 1.367
0.851, 0.612, 1.360
0.847, 0.620, 1.353
0.832, 0.627, 1.347
0.821, 0.627, 1.346
0.810, 0.627, 1.346
0.799, 0.627, 1.345
0.788, 0.627, 1.345
0.778, 0.627, 1.345
0.767, 0.627, 1.345
0.756, 0.627, 1.345
0.745, 0.627, 1.345
0.734, 0.627, 1.345
0.723, 0.627, 1.345
0.712, 0.626, 1.344
0.701, 0.626, 1.344
0.691, 0.626, 1.344
0.680, 0.626, 1.344
0.669, 0.626, 1.344
0.658, 0.626, 1.343
0.647, 0.626, 1.343
0.636, 0.626, 1.343
0.626, 0.626, 1.343
0.615, 0.626, 1.343
0.604, 0.625, 1.342
0.593, 0.625, 1.342
0.585, 0.618, 1.349
0.577, 0.610, 1.355
0.574, 0.617, 1.348
0.582, 0.625, 1.342
0.580, 0.602, 1.362
0.583, 0.594, 1.369
0.575, 0.586, 1.376
0.586, 0.586, 1.376
0.578, 0.578, 1.383
0.581, 0.570, 1.390
0.573, 0.562, 1.397
0.584, 0.562, 1.397
0.576, 0.553, 1.404
0.579, 0.545, 1.412
0.582, 0.536, 1.419
0.574, 0.528, 1.427
0.585, 0.528, 1.427
0.577, 0.519, 1.434
0.580, 0.510, 1.442
0.571, 0.502, 1.450
0.583, 0.502, 1.450
0.574, 0.493, 1.458
0.578, 0.484, 1.466
0.569, 0.475, 1.474
0.581, 0.475, 1.474
0.572, 0.465, 1.483
0.564, 0.456, 1.491
0.551, 0.456, 1.490
0.539, 0.456, 1.490
0.527, 0.456, 1.490
0.515, 0.456, 1.490
0.503, 0.456, 1.489
0.491, 0.456, 1.489
0.479, 0.456, 1.489
0.467, 0.456, 1.489
0.455, 0.455, 1.488
0.443, 0.455, 1.488
0.432, 0.455, 1.488
0.420, 0.455, 1.488
0.408, 0.455, 1.487
0.396, 0.455, 1.487
0.384, 0.455, 1.487
0.372, 0.455, 1.487
0.360, 0.455, 1.486
0.348, 0.455, 1.486
0.336, 0.455, 1.486
0.324, 0.455, 1.486
0.322, 0.464, 1.477
0.308, 0.473, 1.469
0.307, 0.482, 1.461
0.293, 0.491, 1.452
0.280, 0.500, 1.444
0.279, 0.508, 1.436
0.277, 0.517, 1.428
0.276, 0.526, 1.421
0.274, 0.534, 1.413
0.273, 0.543, 1.406
0.271, 0.551, 1.398
0.270, 0.559, 1.391
0.280, 0.567, 1.384
0.278, 0.576, 1.377
0.277, 0.584, 1.370
0.275, 0.592, 1.363
0.274, 0.599, 1.356
0.273, 0.607, 1.349
0.282, 0.615, 1.343
0.270, 0.622, 1.336
0.259, 0.622, 1.336
0.248, 0.622, 1.336
0.238, 0.622, 1.336
0.227, 0.622, 1.335
0.216, 0.622, 1.335
0.206, 0.622, 1.335
0.195, 0.622, 1.335
0.184, 0.622, 1.335
0.173, 0.622, 1.334
0.163, 0.622, 1.334
0.152, 0.621, 1.333
0.141, 0.621, 1.333
0.131, 0.621, 1.333
0.120, 0.621, 1.333
0.109, 0.621, 1.333
0.099, 0.621, 1.333
0.088, 0.621, 1.333
0.077, 0.621, 1.333
0.067, 0.613, 1.339
0.067, 0.621, 1.332
0.067, 0.605, 1.345
0.078, 0.598, 1.352
0.068, 0.598, 1.352
0.079, 0.590, 1.359
0.079, 0.582, 1.366
0.080, 0.574, 1.373
0.091, 0.566, 1.381
0.080, 0.566, 1.380
0.092, 0.558, 1.388
0.092, 0.550, 1.395
0.093, 0.541, 1.402
0.104, 0.533, 1.410
0.093, 0.533, 1.410
0.105, 0.524, 1.417
0.105, 0.516, 1.425
0.106, 0.507, 1.433
0.107, 0.498, 1.441
0.119, 0.490, 1.449
0.107, 0.490, 1.449
0.119, 0.481, 1.457
0.120, 0.472, 1.465
0.121, 0.463, 1.473
0.121, 0.453, 1.481
0.134, 0.444, 1.490
0.122, 0.444, 1.490
0.135, 0.435, 1.499
0.136, 0.425, 1.507
0.136, 0.415, 1.516
0.137, 0.406, 1.525
0.126, 0.396, 1.533
0.114, 0.386, 1.543
0.102, 0.386, 1.542
0.090, 0.375, 1.551
0.078, 0.365, 1.561
0.066, 0.355, 1.569
0.053, 0.355, 1.569
0.041, 0.344, 1.579
0.029, 0.333, 1.588
0.016, 0.333, 1.588
0.003, 0.323, 1.598
-0.010, 0.312, 1.607
-0.023, 0.301, 1.617
-0.036, 0.301, 1.617
-0.049, 0.290, 1.627
-0.062, 0.278, 1.637
-0.075, 0.278, 1.636
-0.089, 0.267, 1.647
-0.103, 0.255, 1.657
-0.102, 0.267, 1.646
-0.088, 0.278, 1.636
-0.103, 0.243, 1.668
-0.104, 0.232, 1.679
-0.105, 0.220, 1.690
-0.105, 0.208, 1.701
-0.106, 0.195, 1.712
-0.107, 0.183, 1.724
-0.094, 0.170, 1.736
-0.108, 0.170, 1.736
-0.094, 0.157, 1.748
-0.095, 0.144, 1.760
-0.082, 0.131, 1.773
-0.096, 0.131, 1.772
-0.082, 0.118, 1.785
-0.083, 0.104, 1.798
-0.083, 0.091, 1.811
-0.069, 0.077, 1.825
-0.084, 0.077, 1.824
-0.070, 0.062, 1.838
-0.056, 0.048, 1.852
-0.070, 0.048, 1.852
-0.041, 0.048, 1.852
-0.026, 0.048, 1.853
-0.011, 0.048, 1.853
0.004, 0.063, 1.840
0.018, 0.063, 1.840
0.004, 0.048, 1.854
0.033, 0.063, 1.841
0.048, 0.063, 1.841
0.062, 0.077, 1.828
0.077, 0.077, 1.828
0.063, 0.063, 1.842
0.091, 0.077, 1.829
0.106, 0.077, 1.829
0.120, 0.091, 1.816
0.134, 0.091, 1.817
0.121, 0.077, 1.830
0.149, 0.091, 1.817
0.162, 0.105, 1.805
0.177, 0.105, 1.805
0.164, 0.091, 1.818
0.191, 0.105, 1.805
0.204, 0.118, 1.793
0.219, 0.118, 1.793
0.206, 0.105, 1.806
0.232, 0.132, 1.781
0.246, 0.132, 1.781
0.233, 0.118, 1.794
0.260, 0.132, 1.782
0.272, 0.145, 1.769
0.287, 0.145, 1.770
0.274, 0.132, 1.782
0.301, 0.145, 1.770
0.313, 0.158, 1.758
0.327, 0.158, 1.759
0.315, 0.145, 1.770
0.341, 0.158, 1.759
0.353, 0.171, 1.747
0.350, 0.184, 1.735
0.348, 0.196, 1.723
0.346, 0.209, 1.712
0.343, 0.221, 1.700
0.328, 0.233, 1.689
0.325, 0.245, 1.678
0.323, 0.257, 1.667
0.308, 0.268, 1.656
0.306, 0.280, 1.645
0.304, 0.291, 1.635
0.302, 0.302, 1.624
0.287, 0.313, 1.614
0.285, 0.324, 1.604
0.284, 0.335, 1.594
0.282, 0.345, 1.584
0.268, 0.356, 1.574
0.266, 0.366, 1.565
0.252, 0.376, 1.555
0.239, 0.376, 1.555
0.227, 0.376, 1.554
0.214, 0.376, 1.554
0.202, 0.376, 1.554
0.190, 0.376, 1.554
0.177, 0.376, 1.553
0.165, 0.376, 1.553
0.153, 0.365, 1.562
0.141, 0.365, 1.562
0.128, 0.365, 1.562
0.116, 0.365, 1.561
0.103, 0.365, 1.561
0.091, 0.365, 1.561
0.078, 0.355, 1.569
0.066, 0.365, 1.560
0.053, 0.365, 1.559
0.041, 0.355, 1.569
0.028, 0.344, 1.579
0.016, 0.354, 1.569
0.003, 0.344, 1.578
-0.009, 0.344, 1.578
-0.022, 0.344, 1.577
-0.035, 0.333, 1.587
-0.048, 0.333, 1.587
-0.061, 0.322, 1.595
-0.073, 0.322, 1.595
-0.086, 0.322, 1.595
-0.099, 0.322, 1.595
-0.112, 0.322, 1.595
-0.124, 0.322, 1.595
-0.137, 0.322, 1.594
-0.149, 0.333, 1.584
-0.162, 0.333, 1.584
-0.174, 0.333, 1.584
-0.186, 0.343, 1.574
-0.198, 0.343, 1.573
-0.211, 0.343, 1.573
-0.222, 0.353, 1.563
-0.221, 0.364, 1.554
-0.219, 0.374, 1.545
-0.230, 0.384, 1.535
-0.229, 0.394, 1.526
-0.228, 0.404, 1.517
-0.238, 0.413, 1.508
-0.237, 0.423, 1.499
-0.236, 0.432, 1.491
-0.246, 0.442, 1.482
-0.245, 0.451, 1.474
-0.243, 0.460, 1.466
-0.254, 0.469, 1.457
-0.252, 0.478, 1.449
-0.251, 0.487, 1.441
-0.261, 0.496, 1.433
-0.259, 0.505, 1.425
-0.258, 0.513, 1.418
-0.257, 0.522, 1.410
-0.266, 0.530, 1.403
-0.265, 0.538, 1.395
-0.264, 0.547, 1.388
-0.273, 0.555, 1.381
-0.272, 0.563, 1.374
-0.271, 0.571, 1.366
-0.280, 0.579, 1.359
-0.279, 0.587, 1.352
-0.277, 0.595, 1.345
-0.286, 0.602, 1.339
-0.285, 0.610, 1.332
-0.276, 0.603, 1.339
-0.269, 0.579, 1.359
-0.262, 0.555, 1.381
-0.255, 0.530, 1.403
-0.249, 0.496, 1.433
-0.242, 0.469, 1.457
-0.234, 0.442, 1.482
-0.226, 0.413, 1.508
-0.218, 0.384, 1.535
-0.210, 0.353, 1.564
-0.173, 0.343, 1.574
-0.136, 0.333, 1.585
-0.060, 0.333, 1.586
-0.035, 0.344, 1.577
0.003, 0.354, 1.568
0.003, 0.333, 1.588
-0.010, 0.322, 1.597
-0.022, 0.312, 1.607
0.028, 0.365, 1.559
0.041, 0.365, 1.559
0.028, 0.354, 1.569
0.065, 0.375, 1.551
0.078, 0.375, 1.551
0.089, 0.385, 1.542
0.152, 0.376, 1.553
0.264, 0.376, 1.555
0.280, 0.356, 1.575
0.300, 0.313, 1.614
0.321, 0.268, 1.656
0.341, 0.233, 1.689
0.355, 0.158, 1.759
-0.062, 0.289, 1.626
-0.048, 0.301, 1.616
0.113, 0.396, 1.533
0.138, 0.396, 1.534
0.281, 0.623, 1.336
0.283, 0.607, 1.350
0.281, 0.559, 1.391
0.292, 0.500, 1.444
0.305, 0.491, 1.453
0.320, 0.473, 1.469
0.576, 0.456, 1.491
0.843, 0.627, 1.347
2.221, -1.639, 3.549
0.818, -1.508, 3.381
0.027, -0.871, 2.738
0.006, -0.969, 2.833
-0.018, -1.074, 2.935
-0.043, -1.187, 3.045
0.006, -1.269, 3.125
0.057, -1.312, 3.169
0.084, -1.355, 3.212
0.111, -1.400, 3.257
0.139, -1.446, 3.302
0.167, -1.494, 3.349
0.200, -1.592, 3.446
0.224, -1.543, 3.399
0.248, -1.495, 3.353
0.324, -1.194, 3.061
0.507, -0.845, 2.727
0.545, -0.815, 2.699
0.589, -0.815, 2.700
0.100, -0.488, 2.369
0.083, -0.561, 2.439
-0.165, -0.486, 2.360
-0.145, -0.463, 2.339
-0.125, -0.440, 2.317
-0.106, -0.418, 2.296
-0.328, -0.091, 1.976
-0.352, -0.142, 2.024
-0.381, -0.213, 2.092
-0.408, -0.270, 2.146
-0.430, -0.394, 2.264
-0.416, -0.416, 2.286
-0.402, -0.438, 2.308
-0.387, -0.461, 2.330
-0.372, -0.485, 2.353
-0.356, -0.509, 2.376
-0.264, -0.533, 2.403
-0.211, -0.584, 2.453
-0.238, -0.662, 2.529
-0.266, -0.746, 2.609
-0.293, -0.805, 2.665
-0.325, -0.898, 2.755
-0.359, -0.998, 2.851
-0.396, -1.105, 2.954
-0.435, -1.220, 3.065
-0.459, -1.389, 3.229
-0.387, -1.435, 3.277
-0.339, -1.483, 3.324
-0.317, -1.531, 3.372
-0.349, -1.579, 3.418
-0.321, -1.580, 3.420
-0.290, -1.531, 3.373
-0.294, -1.581, 3.421
RegionID:1
Center:0.284,-0.859,1.973
Normal:-0.610,0.103,-0.785
NumPatches:37
0.330, -0.820, 1.943
0.317, -0.809, 1.955
0.303, -0.799, 1.967
0.289, -0.788, 1.979
0.274, -0.807, 1.988
0.260, -0.827, 1.997
0.245, -0.847, 2.006
0.259, -0.842, 1.995
0.244, -0.862, 2.004
0.229, -0.882, 2.013
0.244, -0.877, 2.002
0.229, -0.897, 2.011
0.214, -0.917, 2.020
0.199, -0.938, 2.030
0.214, -0.933, 2.019
0.229, -0.912, 2.010
0.244, -0.922, 1.997
0.229, -0.927, 2.008
0.258, -0.918, 1.986
0.273, -0.913, 1.976
0.287, -0.908, 1.965
0.301, -0.903, 1.955
0.315, -0.898, 1.944
0.329, -0.879, 1.936
0.329, -0.864, 1.938
0.343, -0.845, 1.929
0.344, -0.830, 1.931
0.344, -0.816, 1.933
0.331, -0.805, 1.945
0.317, -0.794, 1.957
0.303, -0.784, 1.969
0.289, -0.773, 1.981
0.275, -0.792, 1.990
0.260, -0.811, 1.999
0.357, -0.826, 1.921
0.343, -0.860, 1.928
0.329, -0.894, 1.934
RegionID:2
Center:-0.138,-0.727,2.089
Normal:-0.016,0.155,-0.988
NumPatches:59
-0.112, -0.825, 2.073
-0.128, -0.841, 2.071
-0.129, -0.825, 2.074
-0.112, -0.809, 2.076
-0.112, -0.794, 2.078
-0.112, -0.778, 2.081
-0.096, -0.762, 2.082
-0.096, -0.747, 2.085
-0.096, -0.731, 2.088
-0.079, -0.715, 2.090
-0.080, -0.699, 2.093
-0.080, -0.683, 2.095
-0.063, -0.667, 2.097
-0.063, -0.651, 2.100
-0.063, -0.635, 2.102
-0.046, -0.619, 2.105
-0.063, -0.603, 2.107
-0.080, -0.603, 2.108
-0.097, -0.587, 2.110
-0.114, -0.587, 2.111
-0.131, -0.587, 2.111
-0.148, -0.603, 2.109
-0.148, -0.587, 2.111
-0.131, -0.571, 2.114
-0.147, -0.619, 2.106
-0.164, -0.635, 2.104
-0.147, -0.635, 2.104
-0.164, -0.651, 2.101
-0.180, -0.667, 2.099
-0.164, -0.667, 2.099
-0.180, -0.683, 2.097
-0.180, -0.699, 2.094
-0.180, -0.715, 2.092
-0.196, -0.731, 2.089
-0.180, -0.731, 2.089
-0.196, -0.747, 2.087
-0.213, -0.763, 2.085
-0.196, -0.763, 2.085
-0.212, -0.779, 2.082
-0.212, -0.794, 2.080
-0.229, -0.810, 2.078
-0.212, -0.810, 2.077
-0.228, -0.826, 2.075
-0.211, -0.841, 2.072
-0.228, -0.841, 2.073
-0.211, -0.857, 2.069
-0.195, -0.857, 2.069
-0.178, -0.857, 2.069
-0.161, -0.856, 2.069
-0.145, -0.872, 2.067
-0.161, -0.872, 2.067
-0.128, -0.856, 2.069
-0.128, -0.872, 2.066
-0.080, -0.587, 2.110
-0.046, -0.603, 2.107
-0.046, -0.635, 2.102
-0.063, -0.683, 2.095
-0.079, -0.731, 2.088
-0.096, -0.778, 2.080
RegionID:3
Center:0.209,-0.518,1.827
Normal:-0.321,-0.802,-0.504
NumPatches:28
0.219, -0.579, 1.918
0.205, -0.584, 1.935
0.187, -0.561, 1.910
0.173, -0.566, 1.926
0.156, -0.544, 1.902
0.142, -0.548, 1.918
0.153, -0.518, 1.862
0.166, -0.513, 1.847
0.176, -0.485, 1.795
0.189, -0.481, 1.780
0.179, -0.509, 1.831
0.170, -0.539, 1.885
0.197, -0.454, 1.732
0.214, -0.473, 1.752
0.201, -0.477, 1.766
0.226, -0.469, 1.738
0.243, -0.489, 1.759
0.230, -0.493, 1.773
0.248, -0.513, 1.795
0.240, -0.543, 1.846
0.227, -0.547, 1.862
0.214, -0.552, 1.877
0.201, -0.557, 1.893
0.253, -0.538, 1.831
0.260, -0.509, 1.780
0.255, -0.485, 1.745
0.272, -0.505, 1.766
0.284, -0.501, 1.752
RegionID:4
Center:0.288,-0.390,1.743
Normal:0.358,0.482,-0.800
NumPatches:39
0.301, -0.351, 1.773
0.287, -0.337, 1.775
0.272, -0.336, 1.769
0.257, -0.335, 1.763
0.241, -0.346, 1.749
0.242, -0.334, 1.757
0.258, -0.322, 1.771
0.274, -0.323, 1.777
0.240, -0.359, 1.741
0.239, -0.371, 1.733
0.224, -0.382, 1.720
0.238, -0.383, 1.726
0.222, -0.394, 1.712
0.236, -0.407, 1.710
0.222, -0.406, 1.704
0.235, -0.419, 1.702
0.249, -0.420, 1.708
0.264, -0.422, 1.714
0.277, -0.435, 1.712
0.263, -0.433, 1.706
0.292, -0.436, 1.717
0.305, -0.449, 1.715
0.291, -0.448, 1.710
0.322, -0.439, 1.729
0.338, -0.429, 1.743
0.340, -0.417, 1.751
0.341, -0.404, 1.759
0.343, -0.392, 1.767
0.344, -0.380, 1.775
0.330, -0.366, 1.777
0.317, -0.352, 1.779
0.303, -0.338, 1.781
0.332, -0.353, 1.785
0.346, -0.367, 1.783
0.361, -0.368, 1.789
0.360, -0.381, 1.781
0.336, -0.441, 1.735
0.320, -0.451, 1.720
0.319, -0.462, 1.713
RegionID:5
Center:-0.250,-0.231,1.852
Normal:-0.677,-0.333,-0.656
NumPatches:44
-0.210, -0.167, 1.779
-0.225, -0.154, 1.788
-0.241, -0.140, 1.798
-0.259, -0.157, 1.825
-0.278, -0.174, 1.853
-0.276, -0.159, 1.843
-0.258, -0.142, 1.816
-0.257, -0.126, 1.807
-0.255, -0.111, 1.798
-0.240, -0.125, 1.789
-0.224, -0.139, 1.780
-0.209, -0.152, 1.771
-0.194, -0.166, 1.762
-0.179, -0.179, 1.753
-0.196, -0.196, 1.779
-0.195, -0.181, 1.770
-0.180, -0.194, 1.761
-0.197, -0.211, 1.788
-0.198, -0.226, 1.797
-0.215, -0.244, 1.824
-0.199, -0.242, 1.805
-0.216, -0.260, 1.833
-0.217, -0.276, 1.842
-0.236, -0.296, 1.871
-0.218, -0.293, 1.852
-0.237, -0.312, 1.881
-0.256, -0.332, 1.911
-0.274, -0.336, 1.931
-0.291, -0.322, 1.942
-0.309, -0.309, 1.952
-0.326, -0.294, 1.963
-0.324, -0.277, 1.953
-0.304, -0.257, 1.922
-0.302, -0.241, 1.911
-0.300, -0.224, 1.902
-0.281, -0.206, 1.872
-0.279, -0.190, 1.862
-0.282, -0.222, 1.882
-0.305, -0.274, 1.932
-0.307, -0.291, 1.942
-0.290, -0.305, 1.932
-0.273, -0.319, 1.921
-0.257, -0.350, 1.921
-0.238, -0.329, 1.891
RegionID:6
Center:-0.148,-0.090,1.805
Normal:0.308,0.745,-0.592
NumPatches:32
-0.137, -0.137, 1.752
-0.150, -0.136, 1.745
-0.165, -0.123, 1.755
-0.180, -0.109, 1.764
-0.195, -0.096, 1.773
-0.210, -0.082, 1.782
-0.212, -0.068, 1.798
-0.199, -0.069, 1.805
-0.187, -0.055, 1.829
-0.173, -0.055, 1.836
-0.185, -0.069, 1.812
-0.197, -0.082, 1.789
-0.182, -0.096, 1.780
-0.166, -0.110, 1.770
-0.151, -0.123, 1.760
-0.138, -0.124, 1.768
-0.124, -0.124, 1.773
-0.111, -0.111, 1.797
-0.098, -0.098, 1.820
-0.113, -0.084, 1.830
-0.129, -0.070, 1.840
-0.144, -0.055, 1.850
-0.158, -0.055, 1.843
-0.160, -0.041, 1.860
-0.146, -0.041, 1.867
-0.130, -0.056, 1.857
-0.114, -0.070, 1.847
-0.099, -0.084, 1.837
-0.084, -0.099, 1.827
-0.097, -0.112, 1.803
-0.110, -0.125, 1.781
-0.083, -0.112, 1.810
RegionID:7
Center:-0.386,0.074,1.288
Normal:-0.146,-0.908,-0.393
NumPatches:58
-0.300, 0.090, 1.219
-0.311, 0.090, 1.223
-0.305, 0.099, 1.202
-0.311, 0.107, 1.185
-0.321, 0.107, 1.189
-0.331, 0.107, 1.192
-0.336, 0.115, 1.175
-0.346, 0.115, 1.178
-0.357, 0.116, 1.182
-0.367, 0.116, 1.185
-0.378, 0.116, 1.188
-0.382, 0.124, 1.172
-0.392, 0.125, 1.175
-0.403, 0.125, 1.178
-0.413, 0.125, 1.181
-0.431, 0.118, 1.204
-0.442, 0.118, 1.207
-0.435, 0.126, 1.187
-0.427, 0.133, 1.168
-0.417, 0.133, 1.165
-0.407, 0.132, 1.162
-0.438, 0.110, 1.225
-0.435, 0.102, 1.243
-0.446, 0.102, 1.246
-0.443, 0.094, 1.265
-0.450, 0.085, 1.287
-0.447, 0.076, 1.307
-0.459, 0.076, 1.311
-0.455, 0.067, 1.332
-0.464, 0.057, 1.357
-0.461, 0.047, 1.379
-0.473, 0.047, 1.383
-0.470, 0.037, 1.407
-0.457, 0.036, 1.402
-0.453, 0.026, 1.426
-0.466, 0.026, 1.430
-0.441, 0.026, 1.421
-0.428, 0.025, 1.417
-0.415, 0.025, 1.412
-0.411, 0.014, 1.436
-0.424, 0.014, 1.441
-0.398, 0.014, 1.432
-0.385, 0.014, 1.427
-0.373, 0.014, 1.422
-0.360, 0.014, 1.418
-0.341, 0.025, 1.386
-0.334, 0.035, 1.359
-0.328, 0.045, 1.334
-0.322, 0.055, 1.309
-0.316, 0.064, 1.285
-0.311, 0.073, 1.263
-0.305, 0.082, 1.241
-0.348, 0.014, 1.413
-0.367, 0.003, 1.447
-0.355, 0.003, 1.442
-0.372, 0.124, 1.169
-0.326, 0.115, 1.172
-0.300, 0.106, 1.182
RegionID:8
Center:0.161,0.218,1.367
Normal:0.437,0.154,-0.886
NumPatches:51
0.205, 0.294, 1.402
0.193, 0.293, 1.396
0.181, 0.292, 1.390
0.169, 0.291, 1.384
0.157, 0.289, 1.378
0.145, 0.277, 1.370
0.134, 0.276, 1.364
0.122, 0.274, 1.358
0.111, 0.273, 1.353
0.100, 0.261, 1.345
0.088, 0.260, 1.339
0.089, 0.271, 1.341
0.100, 0.272, 1.347
0.099, 0.250, 1.343
0.099, 0.239, 1.341
0.099, 0.228, 1.339
0.110, 0.217, 1.342
0.099, 0.217, 1.337
0.110, 0.206, 1.340
0.110, 0.195, 1.338
0.121, 0.185, 1.342
0.110, 0.184, 1.336
0.121, 0.174, 1.340
0.120, 0.163, 1.338
0.120, 0.152, 1.336
0.131, 0.142, 1.340
0.120, 0.141, 1.334
0.143, 0.143, 1.345
0.154, 0.143, 1.351
0.166, 0.155, 1.359
0.177, 0.156, 1.365
0.166, 0.144, 1.357
0.189, 0.156, 1.371
0.201, 0.157, 1.377
0.213, 0.169, 1.385
0.226, 0.181, 1.393
0.226, 0.193, 1.395
0.226, 0.204, 1.397
0.215, 0.215, 1.393
0.215, 0.226, 1.395
0.215, 0.238, 1.398
0.204, 0.248, 1.394
0.204, 0.260, 1.396
0.204, 0.271, 1.398
0.204, 0.283, 1.400
0.216, 0.249, 1.400
0.227, 0.215, 1.399
0.237, 0.170, 1.397
0.225, 0.170, 1.391
0.213, 0.158, 1.383
0.145, 0.288, 1.372
RegionID:9
Center:-0.349,0.209,1.185
Normal:0.201,0.436,-0.877
NumPatches:67
-0.272, 0.258, 1.227
-0.280, 0.246, 1.219
-0.291, 0.257, 1.222
-0.300, 0.256, 1.220
-0.311, 0.267, 1.223
-0.320, 0.266, 1.220
-0.329, 0.265, 1.218
-0.338, 0.265, 1.216
-0.348, 0.275, 1.218
-0.357, 0.275, 1.216
-0.366, 0.274, 1.214
-0.375, 0.274, 1.211
-0.386, 0.284, 1.214
-0.395, 0.283, 1.211
-0.402, 0.272, 1.204
-0.409, 0.261, 1.197
-0.416, 0.250, 1.190
-0.408, 0.250, 1.192
-0.415, 0.239, 1.185
-0.413, 0.229, 1.181
-0.420, 0.218, 1.174
-0.411, 0.219, 1.176
-0.418, 0.208, 1.169
-0.417, 0.198, 1.164
-0.424, 0.188, 1.158
-0.415, 0.188, 1.160
-0.422, 0.177, 1.152
-0.429, 0.167, 1.146
-0.420, 0.168, 1.148
-0.410, 0.158, 1.145
-0.419, 0.158, 1.144
-0.402, 0.158, 1.148
-0.393, 0.159, 1.150
-0.385, 0.159, 1.152
-0.376, 0.159, 1.154
-0.366, 0.150, 1.151
-0.375, 0.149, 1.150
-0.358, 0.150, 1.154
-0.349, 0.150, 1.156
-0.340, 0.151, 1.158
-0.332, 0.151, 1.160
-0.322, 0.141, 1.158
-0.330, 0.141, 1.156
-0.313, 0.141, 1.160
-0.304, 0.142, 1.162
-0.296, 0.142, 1.164
-0.288, 0.152, 1.171
-0.289, 0.162, 1.176
-0.290, 0.172, 1.181
-0.283, 0.183, 1.188
-0.284, 0.193, 1.192
-0.285, 0.203, 1.197
-0.277, 0.214, 1.204
-0.278, 0.225, 1.209
-0.279, 0.236, 1.214
-0.271, 0.247, 1.222
-0.282, 0.257, 1.224
-0.276, 0.204, 1.200
-0.281, 0.173, 1.183
-0.287, 0.142, 1.166
-0.295, 0.132, 1.160
-0.286, 0.132, 1.161
-0.411, 0.272, 1.202
-0.404, 0.283, 1.209
-0.377, 0.285, 1.216
-0.339, 0.276, 1.220
-0.301, 0.267, 1.225
RegionID:10
Center:-0.026,0.377,1.033
Normal:0.503,-0.288,-0.815
NumPatches:96
0.018, 0.478, 1.025
0.010, 0.476, 1.021
0.002, 0.474, 1.017
-0.006, 0.472, 1.012
-0.014, 0.470, 1.008
-0.022, 0.468, 1.004
-0.030, 0.466, 1.000
-0.038, 0.464, 0.996
-0.046, 0.462, 0.992
-0.053, 0.460, 0.988
-0.061, 0.458, 0.984
-0.069, 0.456, 0.980
-0.076, 0.455, 0.976
-0.084, 0.453, 0.972
-0.091, 0.451, 0.968
-0.098, 0.449, 0.964
-0.106, 0.441, 0.962
-0.113, 0.446, 0.956
-0.106, 0.447, 0.960
-0.106, 0.434, 0.965
-0.099, 0.429, 0.971
-0.106, 0.427, 0.967
-0.099, 0.422, 0.973
-0.099, 0.415, 0.975
-0.092, 0.410, 0.981
-0.100, 0.408, 0.977
-0.092, 0.403, 0.983
-0.093, 0.396, 0.986
-0.093, 0.389, 0.988
-0.085, 0.383, 0.994
-0.093, 0.382, 0.989
-0.086, 0.377, 0.997
-0.086, 0.369, 0.999
-0.078, 0.364, 1.005
-0.086, 0.362, 1.001
-0.079, 0.357, 1.008
-0.079, 0.349, 1.010
-0.079, 0.342, 1.013
-0.079, 0.335, 1.015
-0.072, 0.329, 1.022
-0.079, 0.328, 1.017
-0.072, 0.322, 1.024
-0.064, 0.316, 1.031
-0.072, 0.314, 1.026
-0.064, 0.308, 1.034
-0.064, 0.301, 1.036
-0.064, 0.293, 1.039
-0.056, 0.287, 1.046
-0.065, 0.285, 1.042
-0.057, 0.279, 1.049
-0.057, 0.271, 1.052
-0.049, 0.265, 1.059
-0.057, 0.256, 1.057
-0.057, 0.264, 1.054
-0.040, 0.266, 1.064
-0.032, 0.275, 1.066
-0.024, 0.276, 1.071
-0.032, 0.267, 1.069
-0.015, 0.277, 1.075
-0.006, 0.279, 1.080
0.002, 0.288, 1.082
0.011, 0.289, 1.087
0.002, 0.280, 1.085
0.020, 0.298, 1.089
0.028, 0.308, 1.092
0.037, 0.309, 1.097
0.028, 0.300, 1.095
0.020, 0.291, 1.092
0.046, 0.311, 1.102
0.055, 0.320, 1.104
0.055, 0.328, 1.101
0.055, 0.336, 1.098
0.055, 0.344, 1.095
0.055, 0.352, 1.092
0.046, 0.358, 1.084
0.045, 0.365, 1.081
0.045, 0.373, 1.079
0.045, 0.381, 1.076
0.036, 0.387, 1.068
0.036, 0.394, 1.065
0.036, 0.402, 1.063
0.036, 0.409, 1.060
0.036, 0.417, 1.057
0.027, 0.422, 1.050
0.027, 0.429, 1.047
0.027, 0.437, 1.045
0.027, 0.444, 1.042
0.019, 0.449, 1.035
0.019, 0.456, 1.033
0.019, 0.463, 1.030
0.018, 0.471, 1.028
0.027, 0.451, 1.039
0.036, 0.424, 1.055
0.045, 0.388, 1.073
0.054, 0.359, 1.089
0.055, 0.312, 1.107
RegionID:11
Center:-0.141,0.371,1.156
Normal:0.507,-0.292,-0.811
NumPatches:21
-0.144, 0.396, 1.145
-0.153, 0.395, 1.140
-0.152, 0.403, 1.138
-0.160, 0.409, 1.130
-0.152, 0.411, 1.135
-0.144, 0.404, 1.142
-0.145, 0.388, 1.148
-0.136, 0.381, 1.155
-0.145, 0.371, 1.153
-0.145, 0.380, 1.150
-0.137, 0.373, 1.158
-0.146, 0.363, 1.156
-0.137, 0.364, 1.161
-0.129, 0.358, 1.169
-0.138, 0.348, 1.167
-0.137, 0.356, 1.164
-0.129, 0.349, 1.172
-0.138, 0.339, 1.169
-0.129, 0.341, 1.174
-0.129, 0.332, 1.177
-0.130, 0.323, 1.180
RegionID:12
Center:0.392,0.486,1.210
Normal:0.020,-0.655,-0.756
NumPatches:68
0.458, 0.542, 1.164
0.449, 0.542, 1.164
0.440, 0.542, 1.164
0.430, 0.542, 1.163
0.421, 0.542, 1.163
0.412, 0.542, 1.163
0.402, 0.542, 1.163
0.393, 0.542, 1.163
0.384, 0.542, 1.163
0.374, 0.541, 1.162
0.365, 0.541, 1.162
0.355, 0.541, 1.162
0.346, 0.541, 1.162
0.337, 0.541, 1.162
0.329, 0.534, 1.167
0.328, 0.541, 1.162
0.331, 0.528, 1.173
0.323, 0.521, 1.179
0.332, 0.521, 1.179
0.325, 0.514, 1.185
0.326, 0.507, 1.191
0.328, 0.500, 1.197
0.329, 0.493, 1.203
0.321, 0.486, 1.209
0.331, 0.486, 1.209
0.323, 0.479, 1.215
0.325, 0.471, 1.221
0.327, 0.464, 1.228
0.318, 0.456, 1.234
0.328, 0.457, 1.234
0.320, 0.449, 1.241
0.322, 0.441, 1.247
0.323, 0.434, 1.254
0.315, 0.426, 1.261
0.325, 0.426, 1.261
0.335, 0.426, 1.261
0.346, 0.426, 1.261
0.356, 0.426, 1.261
0.366, 0.426, 1.262
0.376, 0.426, 1.262
0.386, 0.427, 1.262
0.396, 0.427, 1.262
0.407, 0.427, 1.263
0.398, 0.419, 1.269
0.417, 0.427, 1.263
0.427, 0.427, 1.263
0.437, 0.427, 1.263
0.447, 0.427, 1.263
0.455, 0.435, 1.257
0.452, 0.442, 1.250
0.450, 0.450, 1.243
0.458, 0.458, 1.237
0.455, 0.465, 1.230
0.453, 0.472, 1.224
0.460, 0.480, 1.218
0.458, 0.487, 1.211
0.455, 0.494, 1.205
0.453, 0.501, 1.199
0.460, 0.508, 1.193
0.458, 0.515, 1.187
0.456, 0.522, 1.181
0.463, 0.529, 1.176
0.461, 0.536, 1.170
0.465, 0.522, 1.181
0.463, 0.501, 1.199
0.462, 0.472, 1.224
0.460, 0.450, 1.243
0.457, 0.427, 1.264
