NumRegions:14
RegionID:0
Center:0.036,-0.162,2.061
Normal:0.020,-0.690,-0.723
NumPatches:825
-0.361, -0.835, 2.693
-0.386, -0.865, 2.722
-0.413, -0.897, 2.751
-0.391, -0.897, 2.752
-0.417, -0.930, 2.783
-0.422, -0.963, 2.815
-0.450, -0.997, 2.847
-0.427, -0.997, 2.848
-0.455, -1.031, 2.881
-0.461, -1.067, 2.916
-0.466, -1.104, 2.951
-0.448, -1.142, 2.989
-0.472, -1.141, 2.988
-0.454, -1.180, 3.026
-0.430, -1.181, 3.027
-0.406, -1.181, 3.028
-0.387, -1.221, 3.068
-0.411, -1.220, 3.067
-0.362, -1.221, 3.069
-0.338, -1.222, 3.070
-0.317, -1.263, 3.111
-0.342, -1.262, 3.110
-0.292, -1.263, 3.112
-0.268, -1.264, 3.113
-0.271, -1.305, 3.153
-0.300, -1.348, 3.194
-0.275, -1.348, 3.195
-0.304, -1.392, 3.237
-0.308, -1.437, 3.281
-0.313, -1.483, 3.326
-0.344, -1.530, 3.371
-0.376, -1.579, 3.417
-0.403, -1.578, 3.416
-0.430, -1.577, 3.414
-0.457, -1.577, 3.413
-0.484, -1.576, 3.411
-0.512, -1.575, 3.410
-0.539, -1.575, 3.409
-0.566, -1.574, 3.408
-0.593, -1.574, 3.406
-0.620, -1.573, 3.405
-0.647, -1.572, 3.404
-0.674, -1.572, 3.402
-0.701, -1.571, 3.401
-0.727, -1.570, 3.399
-0.754, -1.570, 3.398
-0.781, -1.569, 3.397
-0.808, -1.569, 3.395
-0.835, -1.568, 3.394
-0.862, -1.567, 3.393
-0.888, -1.567, 3.391
-0.915, -1.566, 3.390
-0.942, -1.566, 3.388
-0.969, -1.565, 3.387
-0.995, -1.564, 3.386
-1.022, -1.564, 3.384
-1.049, -1.563, 3.383
-1.075, -1.562, 3.382
-1.102, -1.562, 3.380
-1.129, -1.561, 3.379
-1.155, -1.560, 3.378
-1.182, -1.560, 3.376
-1.208, -1.559, 3.375
-1.235, -1.559, 3.374
-1.261, -1.558, 3.372
-1.288, -1.557, 3.371
-1.314, -1.557, 3.370
-1.341, -1.556, 3.368
-1.367, -1.555, 3.367
-1.393, -1.555, 3.366
-1.420, -1.554, 3.364
-1.446, -1.554, 3.363
-1.472, -1.553, 3.362
-1.499, -1.552, 3.360
-1.525, -1.552, 3.359
-1.551, -1.551, 3.358
-1.577, -1.551, 3.356
-1.604, -1.550, 3.355
-1.630, -1.549, 3.354
-1.656, -1.549, 3.352
-1.682, -1.548, 3.351
-1.708, -1.548, 3.350
-1.734, -1.547, 3.348
-1.761, -1.546, 3.347
-1.787, -1.546, 3.346
-1.813, -1.545, 3.344
-1.839, -1.544, 3.343
-1.865, -1.544, 3.342
-1.891, -1.543, 3.341
-1.917, -1.543, 3.339
-1.943, -1.542, 3.338
-1.969, -1.541, 3.336
-1.994, -1.541, 3.335
-2.020, -1.540, 3.334
-2.046, -1.540, 3.332
-2.072, -1.539, 3.331
-2.044, -1.492, 3.286
-2.016, -1.446, 3.242
-1.990, -1.401, 3.199
-1.964, -1.358, 3.157
-1.938, -1.315, 3.117
-1.914, -1.274, 3.077
-1.890, -1.233, 3.038
-1.866, -1.194, 3.001
-1.843, -1.156, 2.964
-1.821, -1.119, 2.928
-1.799, -1.082, 2.893
-1.778, -1.046, 2.859
-1.758, -1.012, 2.826
-1.737, -0.978, 2.793
-1.717, -0.944, 2.761
-1.698, -0.912, 2.730
-1.679, -0.880, 2.700
-1.661, -0.849, 2.670
-1.643, -0.819, 2.641
-1.625, -0.789, 2.613
-1.608, -0.760, 2.585
-1.591, -0.732, 2.558
-1.575, -0.704, 2.532
-1.558, -0.676, 2.506
-1.543, -0.650, 2.480
-1.527, -0.624, 2.455
-1.512, -0.598, 2.431
-1.497, -0.573, 2.407
-1.483, -0.548, 2.384
-1.468, -0.524, 2.361
-1.454, -0.500, 2.338
-1.441, -0.477, 2.316
-1.427, -0.454, 2.294
-1.414, -0.432, 2.273
-1.401, -0.410, 2.252
-1.388, -0.388, 2.232
-1.376, -0.367, 2.212
-1.363, -0.346, 2.192
-1.351, -0.326, 2.173
-1.340, -0.306, 2.154
-1.328, -0.286, 2.135
-1.317, -0.267, 2.117
-1.305, -0.248, 2.099
-1.295, -0.229, 2.081
-1.284, -0.211, 2.064
-1.273, -0.192, 2.047
-1.263, -0.175, 2.030
-1.253, -0.157, 2.014
-1.242, -0.140, 1.998
-1.233, -0.123, 1.982
-1.223, -0.106, 1.966
-1.213, -0.090, 1.951
-1.204, -0.074, 1.936
-1.195, -0.058, 1.921
-1.185, -0.042, 1.906
-1.177, -0.026, 1.892
-1.168, -0.011, 1.878
-1.159, 0.004, 1.864
-1.150, 0.018, 1.850
-1.142, 0.033, 1.836
-1.134, 0.047, 1.823
-1.126, 0.062, 1.810
-1.118, 0.075, 1.797
-1.110, 0.089, 1.784
-1.102, 0.103, 1.772
-1.094, 0.116, 1.759
-1.087, 0.129, 1.747
-1.079, 0.142, 1.735
-1.072, 0.155, 1.723
-1.065, 0.168, 1.712
-1.057, 0.180, 1.700
-1.051, 0.193, 1.689
-1.044, 0.205, 1.678
-1.037, 0.217, 1.667
-1.030, 0.229, 1.656
-1.024, 0.240, 1.646
-1.017, 0.252, 1.635
-1.010, 0.263, 1.625
-1.004, 0.274, 1.615
-0.998, 0.286, 1.605
-0.992, 0.297, 1.595
-0.986, 0.307, 1.585
-0.979, 0.318, 1.575
-0.974, 0.329, 1.565
-0.968, 0.339, 1.556
-0.962, 0.350, 1.547
-0.956, 0.360, 1.538
-0.951, 0.370, 1.528
-0.945, 0.380, 1.519
-0.940, 0.390, 1.511
-0.934, 0.400, 1.502
-0.929, 0.409, 1.493
-0.924, 0.419, 1.485
-0.918, 0.428, 1.476
-0.913, 0.437, 1.468
-0.908, 0.447, 1.460
-0.903, 0.456, 1.452
-0.898, 0.465, 1.444
-0.893, 0.474, 1.436
-0.888, 0.483, 1.428
-0.884, 0.491, 1.421
-0.879, 0.500, 1.413
-0.874, 0.509, 1.406
-0.870, 0.517, 1.398
-0.865, 0.526, 1.391
-0.861, 0.534, 1.384
-0.856, 0.542, 1.377
-0.852, 0.550, 1.369
-0.847, 0.559, 1.363
-0.843, 0.567, 1.356
-0.839, 0.574, 1.349
-0.835, 0.582, 1.342
-0.831, 0.590, 1.335
-0.826, 0.598, 1.329
-0.822, 0.606, 1.322
-0.818, 0.613, 1.316
-0.808, 0.613, 1.316
-0.798, 0.613, 1.316
-0.787, 0.613, 1.317
-0.777, 0.613, 1.317
-0.766, 0.613, 1.317
-0.756, 0.613, 1.317
-0.745, 0.614, 1.317
-0.735, 0.614, 1.318
-0.725, 0.614, 1.318
-0.714, 0.614, 1.318
-0.704, 0.614, 1.318
-0.693, 0.614, 1.318
-0.683, 0.614, 1.319
-0.672, 0.614, 1.319
-0.662, 0.614, 1.319
-0.651, 0.614, 1.319
-0.641, 0.615, 1.319
-0.631, 0.615, 1.319
-0.620, 0.615, 1.320
-0.610, 0.615, 1.320
-0.599, 0.615, 1.320
-0.589, 0.615, 1.320
-0.578, 0.615, 1.320
-0.568, 0.615, 1.321
-0.557, 0.615, 1.321
-0.547, 0.615, 1.321
-0.536, 0.615, 1.321
-0.526, 0.616, 1.321
-0.515, 0.616, 1.322
-0.505, 0.616, 1.322
-0.494, 0.616, 1.322
-0.484, 0.616, 1.322
-0.473, 0.616, 1.322
-0.463, 0.616, 1.323
-0.452, 0.616, 1.323
-0.442, 0.616, 1.323
-0.431, 0.616, 1.323
-0.421, 0.617, 1.323
-0.410, 0.617, 1.324
-0.400, 0.617, 1.324
-0.389, 0.617, 1.324
-0.379, 0.617, 1.324
-0.368, 0.617, 1.324
-0.358, 0.617, 1.325
-0.347, 0.617, 1.325
-0.336, 0.617, 1.325
-0.326, 0.617, 1.325
-0.315, 0.617, 1.325
-0.305, 0.618, 1.326
-0.294, 0.618, 1.326
-0.284, 0.618, 1.326
-0.273, 0.618, 1.326
-0.263, 0.618, 1.326
-0.252, 0.618, 1.326
-0.241, 0.618, 1.327
-0.231, 0.618, 1.327
-0.220, 0.618, 1.327
-0.221, 0.611, 1.333
-0.222, 0.603, 1.340
-0.213, 0.595, 1.347
-0.224, 0.595, 1.347
-0.214, 0.587, 1.354
-0.215, 0.580, 1.361
-0.205, 0.572, 1.368
-0.216, 0.572, 1.368
-0.206, 0.564, 1.375
-0.207, 0.556, 1.382
-0.197, 0.547, 1.389
-0.208, 0.547, 1.389
-0.186, 0.547, 1.390
-0.175, 0.548, 1.390
-0.164, 0.548, 1.390
-0.153, 0.548, 1.390
-0.141, 0.556, 1.383
-0.130, 0.556, 1.383
-0.142, 0.548, 1.390
-0.119, 0.556, 1.384
-0.108, 0.556, 1.384
-0.097, 0.556, 1.384
-0.086, 0.556, 1.384
-0.075, 0.557, 1.385
-0.064, 0.557, 1.385
-0.052, 0.565, 1.378
-0.041, 0.565, 1.378
-0.053, 0.557, 1.385
-0.030, 0.573, 1.371
-0.019, 0.573, 1.371
-0.030, 0.565, 1.378
-0.008, 0.573, 1.372
0.003, 0.581, 1.365
0.014, 0.581, 1.365
0.003, 0.573, 1.372
0.025, 0.581, 1.365
0.035, 0.582, 1.365
0.046, 0.590, 1.359
0.057, 0.590, 1.359
0.046, 0.582, 1.366
0.068, 0.590, 1.359
0.078, 0.598, 1.352
0.089, 0.598, 1.352
0.079, 0.590, 1.359
0.100, 0.606, 1.346
0.110, 0.606, 1.346
0.100, 0.598, 1.352
0.121, 0.606, 1.347
0.131, 0.614, 1.340
0.141, 0.621, 1.333
0.152, 0.621, 1.333
0.142, 0.614, 1.340
0.132, 0.606, 1.347
0.163, 0.622, 1.334
0.173, 0.622, 1.334
0.184, 0.622, 1.335
0.195, 0.622, 1.335
0.206, 0.622, 1.335
0.216, 0.622, 1.335
0.227, 0.622, 1.335
0.238, 0.622, 1.336
0.248, 0.622, 1.336
0.259, 0.622, 1.336
0.270, 0.622, 1.336
0.281, 0.623, 1.336
0.291, 0.623, 1.337
0.302, 0.623, 1.337
0.313, 0.623, 1.337
0.323, 0.623, 1.337
0.334, 0.623, 1.337
0.345, 0.623, 1.338
0.356, 0.623, 1.338
0.366, 0.623, 1.338
0.377, 0.623, 1.338
0.388, 0.624, 1.338
0.399, 0.624, 1.339
0.410, 0.624, 1.339
0.420, 0.624, 1.339
0.431, 0.624, 1.339
0.442, 0.624, 1.339
0.453, 0.624, 1.340
0.463, 0.624, 1.340
0.474, 0.624, 1.340
0.485, 0.624, 1.340
0.496, 0.624, 1.340
0.507, 0.625, 1.341
0.517, 0.625, 1.341
0.528, 0.625, 1.341
0.539, 0.625, 1.341
0.550, 0.625, 1.341
0.561, 0.625, 1.342
0.571, 0.625, 1.342
0.582, 0.625, 1.342
0.593, 0.625, 1.342
0.604, 0.625, 1.342
0.615, 0.626, 1.343
0.626, 0.626, 1.343
0.636, 0.626, 1.343
0.647, 0.626, 1.343
0.658, 0.626, 1.343
0.669, 0.626, 1.344
0.680, 0.626, 1.344
0.691, 0.626, 1.344
0.701, 0.626, 1.344
0.712, 0.626, 1.344
0.723, 0.627, 1.345
0.734, 0.627, 1.345
0.745, 0.627, 1.345
0.756, 0.627, 1.345
0.767, 0.627, 1.345
0.778, 0.627, 1.345
0.788, 0.627, 1.345
0.799, 0.627, 1.345
0.810, 0.627, 1.346
0.821, 0.627, 1.346
0.832, 0.627, 1.347
0.843, 0.627, 1.347
0.847, 0.620, 1.353
0.851, 0.612, 1.360
0.856, 0.604, 1.367
0.860, 0.596, 1.374
0.865, 0.588, 1.381
0.869, 0.580, 1.388
0.874, 0.572, 1.396
0.878, 0.564, 1.403
0.883, 0.556, 1.410
0.888, 0.547, 1.418
0.892, 0.539, 1.425
0.897, 0.530, 1.433
0.902, 0.522, 1.441
0.907, 0.513, 1.449
0.912, 0.504, 1.457
0.917, 0.495, 1.465
0.922, 0.486, 1.473
0.928, 0.477, 1.482
0.933, 0.468, 1.490
0.938, 0.459, 1.499
0.943, 0.449, 1.507
0.949, 0.440, 1.516
0.954, 0.430, 1.525
0.960, 0.420, 1.534
0.966, 0.410, 1.543
0.972, 0.400, 1.552
0.977, 0.390, 1.562
0.983, 0.380, 1.571
0.989, 0.370, 1.581
0.996, 0.359, 1.591
1.002, 0.349, 1.600
1.008, 0.338, 1.610
1.014, 0.327, 1.621
1.021, 0.316, 1.631
1.027, 0.305, 1.641
1.034, 0.294, 1.651
1.041, 0.283, 1.662
1.047, 0.271, 1.673
1.054, 0.259, 1.684
1.061, 0.248, 1.695
1.068, 0.236, 1.707
1.075, 0.223, 1.718
1.083, 0.211, 1.730
1.090, 0.199, 1.742
1.098, 0.186, 1.754
1.106, 0.173, 1.766
1.113, 0.160, 1.778
1.121, 0.147, 1.791
1.129, 0.133, 1.804
1.137, 0.120, 1.817
1.145, 0.106, 1.830
1.154, 0.092, 1.844
1.162, 0.078, 1.857
1.171, 0.064, 1.871
1.180, 0.049, 1.885
1.189, 0.034, 1.899
1.198, 0.019, 1.914
1.207, 0.004, 1.928
1.216, -0.012, 1.943
1.226, -0.027, 1.959
1.236, -0.043, 1.974
1.246, -0.060, 1.990
1.256, -0.076, 2.006
1.266, -0.093, 2.022
1.276, -0.110, 2.039
1.287, -0.127, 2.056
1.297, -0.145, 2.073
1.308, -0.163, 2.090
1.319, -0.181, 2.108
1.331, -0.200, 2.126
1.342, -0.219, 2.145
1.354, -0.238, 2.163
1.366, -0.258, 2.182
1.378, -0.277, 2.202
1.391, -0.298, 2.222
1.403, -0.318, 2.242
1.416, -0.339, 2.262
1.429, -0.361, 2.283
1.443, -0.383, 2.305
1.456, -0.405, 2.326
1.470, -0.427, 2.349
1.485, -0.451, 2.372
1.499, -0.474, 2.395
1.514, -0.498, 2.418
1.529, -0.523, 2.442
1.544, -0.548, 2.467
1.560, -0.573, 2.492
1.576, -0.599, 2.518
1.592, -0.626, 2.544
1.609, -0.653, 2.571
1.626, -0.681, 2.598
1.644, -0.709, 2.626
1.662, -0.738, 2.655
1.680, -0.768, 2.684
1.699, -0.798, 2.714
1.718, -0.829, 2.744
1.737, -0.860, 2.776
1.758, -0.893, 2.808
1.778, -0.926, 2.841
1.799, -0.960, 2.874
1.821, -0.995, 2.909
1.843, -1.030, 2.944
1.865, -1.067, 2.980
1.889, -1.104, 3.017
1.912, -1.143, 3.055
1.937, -1.182, 3.094
1.962, -1.222, 3.134
1.988, -1.264, 3.175
2.014, -1.306, 3.217
2.041, -1.350, 3.261
2.069, -1.395, 3.305
2.098, -1.441, 3.351
2.127, -1.489, 3.399
2.158, -1.537, 3.447
2.189, -1.588, 3.497
2.192, -1.639, 3.547
2.163, -1.638, 3.546
2.133, -1.637, 3.544
2.104, -1.637, 3.543
2.075, -1.636, 3.541
2.046, -1.635, 3.540
2.016, -1.634, 3.537
1.988, -1.634, 3.537
1.958, -1.633, 3.535
1.929, -1.633, 3.534
1.900, -1.632, 3.532
1.871, -1.631, 3.530
1.842, -1.630, 3.529
1.813, -1.630, 3.528
1.784, -1.629, 3.526
1.755, -1.628, 3.525
1.726, -1.628, 3.523
1.697, -1.627, 3.522
1.669, -1.626, 3.520
1.640, -1.626, 3.519
1.611, -1.625, 3.518
1.582, -1.624, 3.516
1.553, -1.624, 3.515
1.525, -1.623, 3.513
1.496, -1.622, 3.512
1.467, -1.622, 3.510
1.439, -1.621, 3.509
1.410, -1.620, 3.507
1.381, -1.620, 3.506
1.353, -1.619, 3.504
1.324, -1.618, 3.503
1.295, -1.618, 3.501
1.267, -1.617, 3.500
1.238, -1.616, 3.499
1.210, -1.616, 3.497
1.182, -1.615, 3.496
1.153, -1.614, 3.494
1.125, -1.614, 3.493
1.096, -1.613, 3.491
1.068, -1.612, 3.490
1.040, -1.612, 3.489
1.011, -1.611, 3.487
0.983, -1.610, 3.486
0.955, -1.610, 3.484
0.926, -1.609, 3.483
0.898, -1.608, 3.481
0.870, -1.608, 3.480
0.842, -1.607, 3.478
0.814, -1.606, 3.477
0.785, -1.606, 3.476
0.757, -1.605, 3.474
0.747, -1.555, 3.425
0.764, -1.507, 3.379
0.753, -1.459, 3.332
0.769, -1.414, 3.288
0.785, -1.369, 3.245
0.775, -1.326, 3.202
0.790, -1.283, 3.161
0.805, -1.242, 3.122
0.795, -1.202, 3.082
0.810, -1.163, 3.044
0.800, -1.124, 3.007
0.814, -1.087, 2.971
0.804, -1.051, 2.935
0.795, -1.015, 2.900
0.785, -0.980, 2.865
0.753, -0.946, 2.831
0.722, -0.912, 2.797
0.699, -0.912, 2.797
0.669, -0.879, 2.764
0.639, -0.847, 2.732
0.610, -0.816, 2.701
0.582, -0.785, 2.670
0.561, -0.785, 2.670
0.533, -0.755, 2.640
0.506, -0.726, 2.611
0.485, -0.726, 2.610
0.464, -0.725, 2.609
0.448, -0.754, 2.637
0.427, -0.754, 2.636
0.410, -0.783, 2.664
0.389, -0.783, 2.663
0.371, -0.813, 2.692
0.354, -0.843, 2.721
0.336, -0.875, 2.751
0.358, -0.875, 2.751
0.339, -0.907, 2.782
0.321, -0.940, 2.813
0.343, -0.940, 2.814
0.324, -0.973, 2.846
0.305, -1.008, 2.879
0.285, -1.043, 2.913
0.309, -1.043, 2.914
0.289, -1.079, 2.948
0.268, -1.116, 2.983
0.292, -1.116, 2.984
0.272, -1.154, 3.021
0.251, -1.192, 3.058
0.229, -1.232, 3.096
0.254, -1.232, 3.097
0.232, -1.273, 3.136
0.210, -1.315, 3.176
0.187, -1.357, 3.217
0.159, -1.314, 3.173
0.132, -1.271, 3.131
0.105, -1.230, 3.090
0.079, -1.190, 3.050
0.054, -1.150, 3.011
0.030, -1.112, 2.973
0.006, -1.111, 2.972
-0.018, -1.111, 2.971
-0.041, -1.074, 2.934
-0.065, -1.073, 2.933
-0.088, -1.073, 2.932
-0.064, -1.037, 2.898
-0.063, -1.002, 2.864
-0.062, -0.968, 2.830
-0.039, -0.935, 2.799
-0.039, -0.902, 2.767
-0.038, -0.870, 2.736
-0.016, -0.839, 2.706
-0.016, -0.808, 2.676
-0.016, -0.778, 2.647
0.005, -0.749, 2.620
0.005, -0.721, 2.592
0.005, -0.692, 2.564
0.025, -0.665, 2.539
0.025, -0.638, 2.513
0.045, -0.612, 2.488
0.044, -0.586, 2.462
0.044, -0.561, 2.438
0.043, -0.536, 2.414
0.043, -0.512, 2.390
0.043, -0.488, 2.367
0.023, -0.464, 2.344
0.005, -0.464, 2.344
-0.014, -0.441, 2.321
-0.032, -0.441, 2.320
-0.051, -0.418, 2.298
-0.069, -0.418, 2.297
-0.087, -0.418, 2.297
-0.105, -0.396, 2.275
-0.123, -0.396, 2.274
-0.141, -0.396, 2.273
-0.159, -0.395, 2.273
-0.177, -0.395, 2.272
-0.195, -0.395, 2.272
-0.215, -0.417, 2.292
-0.213, -0.395, 2.271
-0.217, -0.440, 2.313
-0.238, -0.462, 2.335
-0.220, -0.462, 2.336
-0.240, -0.486, 2.358
-0.262, -0.509, 2.380
-0.243, -0.509, 2.380
-0.264, -0.533, 2.403
-0.267, -0.558, 2.427
-0.289, -0.583, 2.450
-0.270, -0.583, 2.451
-0.292, -0.609, 2.475
-0.295, -0.635, 2.501
-0.318, -0.662, 2.526
-0.298, -0.662, 2.527
-0.322, -0.689, 2.552
-0.325, -0.717, 2.579
-0.349, -0.745, 2.606
-0.328, -0.746, 2.607
-0.353, -0.774, 2.634
-0.357, -0.804, 2.663
-0.382, -0.834, 2.692
-0.086, -0.396, 2.275
-0.032, -0.418, 2.298
0.005, -0.441, 2.322
0.042, -0.464, 2.345
0.061, -0.464, 2.345
0.079, -0.441, 2.324
0.078, -0.419, 2.302
0.078, -0.397, 2.280
0.077, -0.375, 2.260
0.094, -0.354, 2.240
0.093, -0.333, 2.220
0.092, -0.312, 2.200
0.109, -0.292, 2.181
0.108, -0.272, 2.162
0.125, -0.272, 2.162
0.142, -0.253, 2.144
0.157, -0.234, 2.126
0.174, -0.234, 2.127
0.159, -0.253, 2.145
0.143, -0.273, 2.163
0.190, -0.215, 2.109
0.205, -0.197, 2.092
0.220, -0.178, 2.075
0.235, -0.161, 2.058
0.251, -0.161, 2.059
0.237, -0.178, 2.075
0.222, -0.197, 2.093
0.207, -0.215, 2.109
0.191, -0.234, 2.127
0.265, -0.143, 2.042
0.282, -0.143, 2.043
0.268, -0.161, 2.059
0.298, -0.143, 2.043
0.315, -0.143, 2.043
0.331, -0.143, 2.044
0.348, -0.143, 2.045
0.364, -0.143, 2.045
0.384, -0.161, 2.062
0.367, -0.161, 2.062
0.400, -0.161, 2.063
0.420, -0.179, 2.081
0.404, -0.179, 2.081
0.437, -0.179, 2.082
0.458, -0.197, 2.100
0.441, -0.197, 2.099
0.475, -0.197, 2.100
0.496, -0.216, 2.119
0.479, -0.216, 2.118
0.513, -0.216, 2.119
0.534, -0.235, 2.138
0.517, -0.235, 2.137
0.552, -0.235, 2.139
0.557, -0.255, 2.157
0.561, -0.274, 2.176
0.566, -0.294, 2.195
0.554, -0.314, 2.215
0.571, -0.315, 2.215
0.559, -0.335, 2.234
0.564, -0.356, 2.255
0.569, -0.378, 2.276
0.574, -0.400, 2.297
0.561, -0.422, 2.318
0.580, -0.422, 2.319
0.566, -0.445, 2.341
0.572, -0.468, 2.363
0.577, -0.491, 2.386
0.583, -0.516, 2.409
0.569, -0.540, 2.433
0.589, -0.540, 2.433
0.575, -0.565, 2.457
0.561, -0.591, 2.481
0.546, -0.616, 2.506
0.526, -0.616, 2.505
0.511, -0.643, 2.531
0.491, -0.643, 2.530
0.470, -0.642, 2.529
0.455, -0.669, 2.555
0.434, -0.669, 2.554
0.418, -0.697, 2.580
0.397, -0.696, 2.579
0.380, -0.724, 2.606
0.359, -0.724, 2.605
0.339, -0.724, 2.604
0.318, -0.724, 2.604
0.297, -0.724, 2.603
0.276, -0.723, 2.602
0.255, -0.723, 2.601
0.232, -0.695, 2.573
0.211, -0.695, 2.572
0.188, -0.667, 2.545
0.168, -0.666, 2.544
0.147, -0.666, 2.543
0.126, -0.639, 2.516
0.106, -0.639, 2.516
0.085, -0.612, 2.489
0.065, -0.612, 2.488
0.045, -0.638, 2.513
0.064, -0.586, 2.463
0.063, -0.561, 2.439
0.063, -0.536, 2.414
0.062, -0.512, 2.391
0.062, -0.488, 2.368
0.080, -0.464, 2.346
0.105, -0.612, 2.490
0.146, -0.639, 2.517
0.209, -0.667, 2.545
0.252, -0.695, 2.574
0.376, -0.696, 2.578
0.406, -0.754, 2.635
0.414, -0.669, 2.553
0.443, -0.725, 2.608
0.450, -0.642, 2.528
0.506, -0.616, 2.505
0.541, -0.590, 2.480
0.581, -0.591, 2.482
0.110, -0.312, 2.200
0.095, -0.375, 2.260
0.026, -0.693, 2.565
0.005, -0.779, 2.648
-0.016, -0.870, 2.736
-0.040, -0.968, 2.831
-0.018, -1.074, 2.935
0.054, -1.112, 2.974
0.078, -1.151, 3.012
0.104, -1.190, 3.051
0.130, -1.230, 3.091
0.157, -1.272, 3.132
0.184, -1.314, 3.174
0.212, -1.358, 3.218
0.189, -1.402, 3.260
0.215, -1.402, 3.262
0.235, -1.315, 3.177
0.275, -1.193, 3.059
0.328, -1.008, 2.880
0.350, -0.813, 2.691
0.367, -0.783, 2.662
0.528, -0.726, 2.612
0.555, -0.755, 2.641
0.604, -0.785, 2.671
0.632, -0.816, 2.702
0.661, -0.847, 2.733
0.691, -0.879, 2.765
0.744, -0.912, 2.799
0.776, -0.946, 2.832
0.824, -1.125, 3.008
0.820, -1.202, 3.083
0.816, -1.284, 3.162
0.801, -1.326, 3.203
0.796, -1.414, 3.289
0.780, -1.460, 3.333
0.774, -1.556, 3.426
2.221, -1.639, 3.548
-0.371, -1.530, 3.369
-0.317, -1.531, 3.372
RegionID:1
Center:0.018,-0.980,2.194
Normal:0.612,0.259,-0.747
NumPatches:25
0.094, -1.034, 2.238
0.076, -1.028, 2.225
0.058, -1.022, 2.212
0.040, -1.016, 2.200
0.022, -1.011, 2.187
0.004, -1.005, 2.175
-0.013, -0.999, 2.163
-0.030, -0.994, 2.151
-0.047, -0.973, 2.144
-0.030, -0.964, 2.161
-0.030, -0.949, 2.166
-0.013, -0.939, 2.183
0.004, -0.929, 2.201
0.004, -0.913, 2.207
0.022, -0.934, 2.214
0.004, -0.944, 2.196
-0.013, -0.954, 2.178
0.022, -0.950, 2.208
0.040, -0.955, 2.221
0.058, -0.976, 2.229
0.040, -0.970, 2.216
0.058, -0.992, 2.223
0.076, -0.997, 2.236
0.076, -1.013, 2.231
-0.030, -0.979, 2.156
RegionID:2
Center:0.272,-0.753,1.837
Normal:-0.610,0.105,-0.786
NumPatches:58
0.310, -0.652, 1.822
0.297, -0.642, 1.833
0.284, -0.645, 1.843
0.270, -0.663, 1.851
0.257, -0.680, 1.859
0.270, -0.677, 1.849
0.256, -0.695, 1.857
0.243, -0.713, 1.865
0.256, -0.709, 1.856
0.242, -0.727, 1.864
0.228, -0.745, 1.872
0.214, -0.764, 1.881
0.228, -0.759, 1.870
0.214, -0.778, 1.879
0.200, -0.796, 1.887
0.214, -0.792, 1.877
0.200, -0.811, 1.886
0.186, -0.830, 1.894
0.200, -0.825, 1.884
0.185, -0.844, 1.892
0.171, -0.863, 1.901
0.185, -0.859, 1.891
0.171, -0.877, 1.899
0.185, -0.873, 1.889
0.199, -0.868, 1.879
0.213, -0.863, 1.869
0.227, -0.858, 1.858
0.240, -0.854, 1.849
0.254, -0.850, 1.839
0.267, -0.845, 1.829
0.280, -0.827, 1.821
0.294, -0.809, 1.813
0.294, -0.795, 1.815
0.307, -0.777, 1.807
0.320, -0.759, 1.799
0.321, -0.746, 1.801
0.333, -0.728, 1.793
0.346, -0.711, 1.785
0.347, -0.697, 1.787
0.359, -0.680, 1.779
0.347, -0.669, 1.790
0.335, -0.659, 1.801
0.322, -0.663, 1.810
0.323, -0.649, 1.812
0.310, -0.638, 1.823
0.297, -0.627, 1.834
0.284, -0.631, 1.844
0.270, -0.648, 1.852
0.348, -0.656, 1.792
0.360, -0.666, 1.781
0.359, -0.693, 1.778
0.346, -0.724, 1.784
0.333, -0.742, 1.791
0.320, -0.773, 1.797
0.307, -0.791, 1.805
0.293, -0.822, 1.811
0.280, -0.840, 1.819
0.242, -0.741, 1.862
RegionID:3
Center:-0.133,-0.577,1.945
Normal:-0.016,0.157,-0.988
NumPatches:65
-0.043, -0.451, 1.963
-0.059, -0.452, 1.964
-0.075, -0.452, 1.964
-0.090, -0.437, 1.966
-0.106, -0.437, 1.967
-0.122, -0.437, 1.967
-0.138, -0.452, 1.965
-0.153, -0.467, 1.963
-0.153, -0.452, 1.965
-0.138, -0.437, 1.967
-0.138, -0.421, 1.970
-0.122, -0.421, 1.969
-0.153, -0.482, 1.960
-0.168, -0.497, 1.958
-0.153, -0.497, 1.958
-0.168, -0.512, 1.956
-0.168, -0.527, 1.953
-0.183, -0.542, 1.951
-0.168, -0.542, 1.951
-0.183, -0.557, 1.949
-0.183, -0.572, 1.947
-0.198, -0.587, 1.944
-0.183, -0.587, 1.944
-0.198, -0.602, 1.942
-0.198, -0.617, 1.940
-0.213, -0.632, 1.938
-0.198, -0.632, 1.937
-0.213, -0.646, 1.935
-0.213, -0.661, 1.933
-0.228, -0.676, 1.931
-0.212, -0.676, 1.931
-0.228, -0.690, 1.929
-0.212, -0.690, 1.928
-0.196, -0.705, 1.926
-0.212, -0.705, 1.926
-0.181, -0.705, 1.925
-0.165, -0.719, 1.923
-0.181, -0.719, 1.923
-0.150, -0.719, 1.923
-0.135, -0.719, 1.922
-0.119, -0.704, 1.925
-0.119, -0.690, 1.927
-0.120, -0.675, 1.929
-0.104, -0.660, 1.931
-0.104, -0.646, 1.934
-0.105, -0.631, 1.936
-0.089, -0.616, 1.938
-0.089, -0.601, 1.940
-0.089, -0.587, 1.943
-0.074, -0.572, 1.945
-0.074, -0.557, 1.947
-0.074, -0.542, 1.950
-0.059, -0.527, 1.952
-0.059, -0.512, 1.954
-0.059, -0.497, 1.956
-0.043, -0.482, 1.959
-0.043, -0.467, 1.961
-0.043, -0.497, 1.956
-0.058, -0.542, 1.949
-0.074, -0.587, 1.942
-0.089, -0.631, 1.936
-0.104, -0.675, 1.929
-0.119, -0.719, 1.922
-0.134, -0.733, 1.920
-0.075, -0.436, 1.966
RegionID:4
Center:0.215,-0.372,1.688
Normal:-0.322,-0.801,-0.505
NumPatches:39
0.252, -0.411, 1.726
0.240, -0.414, 1.738
0.232, -0.439, 1.783
0.219, -0.442, 1.796
0.206, -0.445, 1.810
0.190, -0.426, 1.790
0.177, -0.429, 1.803
0.160, -0.410, 1.783
0.147, -0.413, 1.796
0.131, -0.394, 1.777
0.145, -0.392, 1.764
0.155, -0.368, 1.720
0.164, -0.346, 1.679
0.177, -0.343, 1.667
0.167, -0.365, 1.708
0.158, -0.389, 1.751
0.173, -0.407, 1.770
0.186, -0.322, 1.628
0.197, -0.320, 1.617
0.189, -0.341, 1.655
0.205, -0.300, 1.580
0.220, -0.316, 1.596
0.209, -0.318, 1.606
0.231, -0.314, 1.585
0.247, -0.330, 1.601
0.235, -0.332, 1.611
0.258, -0.328, 1.590
0.273, -0.344, 1.606
0.266, -0.365, 1.644
0.259, -0.387, 1.684
0.248, -0.390, 1.696
0.271, -0.385, 1.672
0.278, -0.363, 1.633
0.262, -0.346, 1.617
0.284, -0.341, 1.595
0.300, -0.358, 1.611
0.289, -0.360, 1.622
0.203, -0.423, 1.777
0.228, -0.417, 1.751
RegionID:5
Center:0.294,-0.240,1.600
Normal:0.355,0.483,-0.801
NumPatches:41
0.372, -0.221, 1.647
0.356, -0.232, 1.633
0.343, -0.219, 1.635
0.331, -0.206, 1.637
0.316, -0.205, 1.631
0.304, -0.193, 1.633
0.290, -0.192, 1.628
0.277, -0.179, 1.630
0.263, -0.179, 1.624
0.248, -0.190, 1.610
0.249, -0.178, 1.618
0.264, -0.166, 1.632
0.247, -0.202, 1.603
0.246, -0.214, 1.595
0.231, -0.225, 1.582
0.244, -0.225, 1.587
0.230, -0.236, 1.574
0.229, -0.248, 1.567
0.241, -0.260, 1.565
0.228, -0.259, 1.559
0.240, -0.271, 1.558
0.253, -0.272, 1.563
0.267, -0.273, 1.568
0.279, -0.285, 1.566
0.265, -0.284, 1.561
0.292, -0.286, 1.572
0.304, -0.298, 1.570
0.291, -0.297, 1.564
0.318, -0.299, 1.575
0.334, -0.289, 1.588
0.335, -0.278, 1.595
0.351, -0.267, 1.609
0.352, -0.255, 1.617
0.354, -0.244, 1.625
0.349, -0.279, 1.602
0.332, -0.300, 1.581
0.330, -0.312, 1.573
0.291, -0.180, 1.636
0.318, -0.193, 1.639
0.345, -0.207, 1.643
0.358, -0.220, 1.641
RegionID:6
Center:-0.243,-0.081,1.709
Normal:-0.676,-0.331,-0.658
NumPatches:51
-0.206, -0.010, 1.634
-0.220, 0.003, 1.642
-0.234, 0.016, 1.650
-0.251, 0.003, 1.674
-0.268, -0.010, 1.699
-0.267, 0.003, 1.691
-0.250, 0.017, 1.666
-0.249, 0.030, 1.659
-0.248, 0.043, 1.651
-0.233, 0.030, 1.643
-0.219, 0.016, 1.635
-0.205, 0.003, 1.627
-0.191, -0.010, 1.619
-0.176, -0.010, 1.604
-0.163, -0.022, 1.597
-0.178, -0.036, 1.619
-0.177, -0.023, 1.611
-0.179, -0.049, 1.626
-0.195, -0.063, 1.649
-0.180, -0.062, 1.634
-0.196, -0.076, 1.657
-0.196, -0.090, 1.665
-0.213, -0.105, 1.689
-0.197, -0.104, 1.673
-0.214, -0.119, 1.697
-0.215, -0.133, 1.706
-0.232, -0.149, 1.731
-0.216, -0.147, 1.714
-0.233, -0.164, 1.740
-0.234, -0.178, 1.748
-0.252, -0.195, 1.775
-0.269, -0.197, 1.794
-0.285, -0.184, 1.803
-0.301, -0.170, 1.813
-0.317, -0.157, 1.823
-0.316, -0.141, 1.813
-0.314, -0.126, 1.804
-0.312, -0.111, 1.795
-0.293, -0.095, 1.767
-0.292, -0.081, 1.759
-0.290, -0.066, 1.750
-0.289, -0.052, 1.741
-0.271, -0.038, 1.715
-0.270, -0.024, 1.707
-0.272, -0.052, 1.724
-0.295, -0.110, 1.776
-0.299, -0.155, 1.804
-0.283, -0.169, 1.794
-0.268, -0.182, 1.785
-0.253, -0.211, 1.784
-0.235, -0.193, 1.757
RegionID:7
Center:-0.143,0.063,1.664
Normal:0.308,0.743,-0.594
NumPatches:33
-0.147, 0.099, 1.708
-0.160, 0.099, 1.700
-0.173, 0.098, 1.693
-0.184, 0.083, 1.669
-0.194, 0.069, 1.646
-0.206, 0.069, 1.639
-0.221, 0.082, 1.648
-0.209, 0.083, 1.655
-0.196, 0.083, 1.662
-0.185, 0.098, 1.686
-0.182, 0.069, 1.653
-0.168, 0.056, 1.643
-0.180, 0.056, 1.636
-0.166, 0.042, 1.627
-0.154, 0.042, 1.633
-0.140, 0.029, 1.623
-0.152, 0.029, 1.618
-0.138, 0.016, 1.608
-0.126, 0.016, 1.615
-0.115, 0.029, 1.637
-0.102, 0.030, 1.644
-0.113, 0.016, 1.621
-0.090, 0.043, 1.667
-0.104, 0.057, 1.677
-0.105, 0.071, 1.694
-0.119, 0.085, 1.705
-0.134, 0.099, 1.715
-0.148, 0.114, 1.725
-0.121, 0.100, 1.722
-0.106, 0.086, 1.712
-0.091, 0.057, 1.684
-0.077, 0.044, 1.674
-0.089, 0.030, 1.651
RegionID:8
Center:-0.383,0.228,1.147
Normal:-0.147,-0.903,-0.403
NumPatches:81
-0.355, 0.150, 1.314
-0.366, 0.150, 1.317
-0.372, 0.159, 1.300
-0.383, 0.159, 1.303
-0.395, 0.159, 1.307
-0.406, 0.160, 1.310
-0.418, 0.160, 1.313
-0.422, 0.168, 1.296
-0.434, 0.169, 1.299
-0.445, 0.169, 1.303
-0.457, 0.170, 1.306
-0.461, 0.178, 1.289
-0.473, 0.178, 1.292
-0.477, 0.186, 1.276
-0.470, 0.193, 1.256
-0.463, 0.201, 1.238
-0.467, 0.208, 1.223
-0.460, 0.215, 1.205
-0.464, 0.222, 1.191
-0.458, 0.228, 1.174
-0.452, 0.234, 1.159
-0.446, 0.240, 1.143
-0.450, 0.246, 1.130
-0.444, 0.252, 1.115
-0.448, 0.258, 1.103
-0.442, 0.264, 1.089
-0.436, 0.269, 1.075
-0.440, 0.275, 1.064
-0.435, 0.280, 1.051
-0.430, 0.285, 1.039
-0.434, 0.290, 1.028
-0.429, 0.295, 1.016
-0.425, 0.289, 1.026
-0.416, 0.289, 1.025
-0.407, 0.288, 1.023
-0.398, 0.288, 1.021
-0.394, 0.282, 1.031
-0.403, 0.283, 1.033
-0.385, 0.282, 1.029
-0.376, 0.281, 1.026
-0.367, 0.281, 1.025
-0.362, 0.275, 1.035
-0.371, 0.276, 1.036
-0.353, 0.275, 1.033
-0.344, 0.274, 1.031
-0.335, 0.274, 1.029
-0.326, 0.273, 1.026
-0.321, 0.267, 1.037
-0.330, 0.268, 1.039
-0.312, 0.267, 1.035
-0.304, 0.266, 1.033
-0.295, 0.266, 1.031
-0.290, 0.260, 1.042
-0.298, 0.261, 1.044
-0.293, 0.255, 1.054
-0.297, 0.250, 1.067
-0.300, 0.244, 1.081
-0.304, 0.239, 1.095
-0.308, 0.233, 1.109
-0.312, 0.227, 1.124
-0.307, 0.220, 1.136
-0.317, 0.221, 1.138
-0.311, 0.214, 1.151
-0.315, 0.208, 1.168
-0.320, 0.201, 1.184
-0.324, 0.195, 1.201
-0.329, 0.188, 1.218
-0.334, 0.180, 1.236
-0.339, 0.173, 1.255
-0.344, 0.166, 1.274
-0.360, 0.158, 1.297
-0.349, 0.158, 1.294
-0.343, 0.149, 1.310
-0.431, 0.274, 1.062
-0.438, 0.258, 1.101
-0.440, 0.246, 1.128
-0.454, 0.221, 1.188
-0.456, 0.207, 1.220
-0.466, 0.186, 1.272
-0.450, 0.177, 1.286
-0.411, 0.168, 1.293
RegionID:9
Center:0.128,0.267,1.380
Normal:0.270,-0.963,-0.004
NumPatches:30
0.122, 0.264, 1.485
0.108, 0.261, 1.464
0.100, 0.258, 1.519
0.087, 0.254, 1.497
0.074, 0.251, 1.476
0.061, 0.247, 1.456
0.083, 0.254, 1.425
0.091, 0.256, 1.376
0.103, 0.259, 1.395
0.095, 0.257, 1.444
0.111, 0.262, 1.349
0.118, 0.264, 1.306
0.130, 0.267, 1.323
0.123, 0.265, 1.367
0.116, 0.263, 1.414
0.129, 0.267, 1.433
0.136, 0.269, 1.385
0.142, 0.270, 1.339
0.136, 0.269, 1.281
0.148, 0.272, 1.297
0.153, 0.274, 1.258
0.165, 0.277, 1.273
0.160, 0.276, 1.314
0.155, 0.274, 1.357
0.149, 0.272, 1.403
0.142, 0.270, 1.453
0.168, 0.278, 1.375
0.173, 0.279, 1.330
0.178, 0.281, 1.288
0.190, 0.284, 1.304
RegionID:10
Center:0.061,0.356,1.367
Normal:0.433,0.154,-0.888
NumPatches:20
0.080, 0.367, 1.378
0.069, 0.377, 1.375
0.058, 0.387, 1.371
0.046, 0.373, 1.363
0.035, 0.360, 1.355
0.035, 0.372, 1.357
0.046, 0.385, 1.365
0.046, 0.362, 1.361
0.046, 0.351, 1.359
0.046, 0.339, 1.357
0.057, 0.329, 1.361
0.046, 0.328, 1.355
0.057, 0.318, 1.359
0.068, 0.331, 1.366
0.080, 0.344, 1.374
0.080, 0.355, 1.376
0.091, 0.345, 1.380
0.080, 0.332, 1.372
0.069, 0.388, 1.377
0.080, 0.378, 1.380
RegionID:11
Center:0.169,0.372,1.229
Normal:0.432,0.155,-0.888
NumPatches:58
0.243, 0.314, 1.255
0.232, 0.312, 1.249
0.221, 0.311, 1.243
0.210, 0.310, 1.238
0.200, 0.308, 1.232
0.189, 0.307, 1.227
0.178, 0.295, 1.220
0.168, 0.294, 1.214
0.157, 0.293, 1.209
0.147, 0.291, 1.204
0.137, 0.290, 1.198
0.127, 0.299, 1.195
0.127, 0.309, 1.197
0.127, 0.319, 1.199
0.117, 0.328, 1.196
0.117, 0.338, 1.197
0.118, 0.348, 1.199
0.118, 0.358, 1.201
0.108, 0.367, 1.198
0.108, 0.377, 1.200
0.108, 0.387, 1.202
0.098, 0.395, 1.198
0.098, 0.406, 1.200
0.099, 0.416, 1.202
0.099, 0.426, 1.204
0.109, 0.428, 1.209
0.119, 0.430, 1.215
0.129, 0.432, 1.220
0.140, 0.444, 1.227
0.150, 0.446, 1.233
0.140, 0.434, 1.225
0.161, 0.448, 1.238
0.172, 0.450, 1.243
0.182, 0.452, 1.249
0.193, 0.454, 1.255
0.204, 0.456, 1.260
0.215, 0.447, 1.264
0.204, 0.445, 1.258
0.215, 0.437, 1.262
0.214, 0.426, 1.260
0.214, 0.415, 1.258
0.225, 0.406, 1.262
0.214, 0.404, 1.256
0.224, 0.395, 1.260
0.224, 0.385, 1.257
0.235, 0.376, 1.261
0.223, 0.374, 1.255
0.234, 0.365, 1.259
0.234, 0.354, 1.257
0.233, 0.344, 1.255
0.244, 0.335, 1.259
0.233, 0.333, 1.253
0.244, 0.324, 1.257
0.108, 0.397, 1.204
0.118, 0.368, 1.203
0.127, 0.329, 1.201
0.137, 0.300, 1.200
0.178, 0.305, 1.221
RegionID:12
Center:-0.348,0.364,1.047
Normal:0.198,0.432,-0.880
NumPatches:77
-0.268, 0.411, 1.088
-0.275, 0.400, 1.081
-0.284, 0.410, 1.084
-0.293, 0.419, 1.086
-0.301, 0.418, 1.084
-0.309, 0.417, 1.082
-0.317, 0.417, 1.079
-0.327, 0.426, 1.082
-0.335, 0.425, 1.079
-0.343, 0.425, 1.078
-0.352, 0.434, 1.080
-0.360, 0.433, 1.078
-0.368, 0.432, 1.076
-0.376, 0.432, 1.073
-0.385, 0.441, 1.076
-0.393, 0.440, 1.074
-0.401, 0.439, 1.072
-0.407, 0.428, 1.065
-0.413, 0.417, 1.058
-0.405, 0.418, 1.061
-0.411, 0.407, 1.053
-0.417, 0.396, 1.046
-0.409, 0.397, 1.049
-0.415, 0.386, 1.043
-0.420, 0.375, 1.036
-0.413, 0.376, 1.038
-0.419, 0.365, 1.032
-0.424, 0.355, 1.025
-0.417, 0.355, 1.027
-0.422, 0.345, 1.020
-0.421, 0.335, 1.016
-0.426, 0.325, 1.010
-0.419, 0.326, 1.012
-0.424, 0.316, 1.006
-0.417, 0.316, 1.007
-0.410, 0.317, 1.010
-0.403, 0.318, 1.012
-0.395, 0.318, 1.013
-0.386, 0.310, 1.012
-0.394, 0.309, 1.010
-0.379, 0.310, 1.013
-0.372, 0.311, 1.016
-0.364, 0.311, 1.017
-0.355, 0.302, 1.015
-0.362, 0.302, 1.013
-0.348, 0.303, 1.016
-0.340, 0.304, 1.019
-0.333, 0.304, 1.020
-0.324, 0.295, 1.019
-0.331, 0.295, 1.016
-0.316, 0.296, 1.020
-0.309, 0.297, 1.023
-0.301, 0.297, 1.025
-0.292, 0.288, 1.022
-0.300, 0.288, 1.020
-0.286, 0.298, 1.029
-0.287, 0.308, 1.033
-0.281, 0.318, 1.039
-0.282, 0.328, 1.044
-0.283, 0.338, 1.049
-0.276, 0.348, 1.055
-0.278, 0.358, 1.059
-0.279, 0.368, 1.065
-0.272, 0.379, 1.072
-0.273, 0.390, 1.076
-0.266, 0.401, 1.083
-0.276, 0.410, 1.086
-0.285, 0.420, 1.089
-0.271, 0.369, 1.066
-0.275, 0.338, 1.051
-0.279, 0.308, 1.035
-0.285, 0.289, 1.023
-0.409, 0.438, 1.069
-0.410, 0.449, 1.075
-0.377, 0.442, 1.079
-0.344, 0.435, 1.082
-0.319, 0.427, 1.084
RegionID:13
Center:-0.024,0.430,0.933
Normal:0.501,-0.275,-0.821
NumPatches:23
0.025, 0.446, 0.958
0.017, 0.444, 0.954
0.009, 0.442, 0.950
0.002, 0.434, 0.948
-0.006, 0.432, 0.943
-0.013, 0.430, 0.940
-0.021, 0.428, 0.936
-0.028, 0.427, 0.932
-0.035, 0.418, 0.930
-0.043, 0.417, 0.927
-0.050, 0.409, 0.925
-0.050, 0.415, 0.923
-0.050, 0.422, 0.921
-0.057, 0.426, 0.915
-0.050, 0.428, 0.919
-0.042, 0.430, 0.922
-0.035, 0.431, 0.926
-0.028, 0.433, 0.930
-0.035, 0.425, 0.928
-0.021, 0.435, 0.934
-0.013, 0.437, 0.938
-0.006, 0.439, 0.942
0.002, 0.441, 0.946
