NumRegions:13
RegionID:0
Center:0.034,-0.166,2.065
Normal:0.020,-0.690,-0.723
NumPatches:1066
-0.674, 0.510, 1.410
-0.685, 0.510, 1.409
-0.681, 0.519, 1.402
-0.678, 0.527, 1.395
-0.674, 0.535, 1.387
-0.671, 0.544, 1.380
-0.667, 0.552, 1.373
-0.653, 0.560, 1.366
-0.650, 0.568, 1.359
-0.636, 0.576, 1.352
-0.632, 0.584, 1.345
-0.619, 0.592, 1.339
-0.616, 0.600, 1.333
-0.602, 0.608, 1.327
-0.610, 0.615, 1.320
-0.620, 0.615, 1.320
-0.631, 0.615, 1.319
-0.641, 0.615, 1.319
-0.651, 0.614, 1.319
-0.662, 0.614, 1.319
-0.672, 0.614, 1.319
-0.683, 0.614, 1.319
-0.693, 0.614, 1.318
-0.704, 0.614, 1.318
-0.714, 0.614, 1.318
-0.725, 0.614, 1.318
-0.735, 0.614, 1.318
-0.745, 0.614, 1.317
-0.756, 0.613, 1.317
-0.766, 0.613, 1.317
-0.777, 0.613, 1.317
-0.787, 0.613, 1.317
-0.798, 0.613, 1.316
-0.808, 0.613, 1.316
-0.822, 0.606, 1.322
-0.818, 0.613, 1.316
-0.826, 0.598, 1.329
-0.831, 0.590, 1.335
-0.835, 0.582, 1.342
-0.839, 0.574, 1.349
-0.843, 0.567, 1.356
-0.847, 0.559, 1.363
-0.852, 0.550, 1.369
-0.856, 0.542, 1.377
-0.861, 0.534, 1.384
-0.865, 0.526, 1.391
-0.870, 0.517, 1.398
-0.874, 0.509, 1.406
-0.879, 0.500, 1.413
-0.884, 0.491, 1.421
-0.888, 0.483, 1.428
-0.893, 0.474, 1.436
-0.898, 0.465, 1.444
-0.903, 0.456, 1.452
-0.908, 0.447, 1.460
-0.913, 0.437, 1.468
-0.918, 0.428, 1.476
-0.924, 0.419, 1.485
-0.929, 0.409, 1.493
-0.934, 0.400, 1.502
-0.940, 0.390, 1.511
-0.945, 0.380, 1.519
-0.951, 0.370, 1.528
-0.956, 0.360, 1.538
-0.962, 0.350, 1.547
-0.968, 0.339, 1.556
-0.974, 0.329, 1.565
-0.979, 0.318, 1.575
-0.986, 0.307, 1.585
-0.992, 0.297, 1.595
-0.998, 0.286, 1.605
-1.004, 0.274, 1.615
-1.010, 0.263, 1.625
-1.017, 0.252, 1.635
-1.024, 0.240, 1.646
-1.030, 0.229, 1.656
-1.037, 0.217, 1.667
-1.044, 0.205, 1.678
-1.051, 0.193, 1.689
-1.057, 0.180, 1.700
-1.065, 0.168, 1.712
-1.072, 0.155, 1.723
-1.079, 0.142, 1.735
-1.087, 0.129, 1.747
-1.094, 0.116, 1.759
-1.102, 0.103, 1.772
-1.110, 0.089, 1.784
-1.118, 0.075, 1.797
-1.126, 0.062, 1.810
-1.134, 0.047, 1.823
-1.142, 0.033, 1.836
-1.150, 0.018, 1.850
-1.159, 0.004, 1.864
-1.168, -0.011, 1.878
-1.177, -0.026, 1.892
-1.185, -0.042, 1.906
-1.195, -0.058, 1.921
-1.204, -0.074, 1.936
-1.213, -0.090, 1.951
-1.223, -0.106, 1.966
-1.233, -0.123, 1.982
-1.242, -0.140, 1.998
-1.253, -0.157, 2.014
-1.263, -0.175, 2.030
-1.273, -0.192, 2.047
-1.284, -0.211, 2.064
-1.295, -0.229, 2.081
-1.305, -0.248, 2.099
-1.317, -0.267, 2.117
-1.328, -0.286, 2.135
-1.340, -0.306, 2.154
-1.351, -0.326, 2.173
-1.363, -0.346, 2.192
-1.376, -0.367, 2.212
-1.388, -0.388, 2.232
-1.401, -0.410, 2.252
-1.414, -0.432, 2.273
-1.427, -0.454, 2.294
-1.441, -0.477, 2.316
-1.454, -0.500, 2.338
-1.468, -0.524, 2.361
-1.483, -0.548, 2.384
-1.497, -0.573, 2.407
-1.512, -0.598, 2.431
-1.527, -0.624, 2.455
-1.543, -0.650, 2.480
-1.558, -0.676, 2.506
-1.575, -0.704, 2.532
-1.591, -0.732, 2.558
-1.608, -0.760, 2.585
-1.625, -0.789, 2.613
-1.643, -0.819, 2.641
-1.661, -0.849, 2.670
-1.679, -0.880, 2.700
-1.698, -0.912, 2.730
-1.717, -0.944, 2.761
-1.737, -0.978, 2.793
-1.758, -1.012, 2.826
-1.778, -1.046, 2.859
-1.799, -1.082, 2.893
-1.821, -1.119, 2.928
-1.843, -1.156, 2.964
-1.866, -1.194, 3.001
-1.890, -1.233, 3.038
-1.914, -1.274, 3.077
-1.938, -1.315, 3.117
-1.964, -1.358, 3.157
-1.990, -1.401, 3.199
-2.016, -1.446, 3.242
-2.044, -1.492, 3.286
-2.046, -1.540, 3.332
-2.072, -1.539, 3.331
-2.020, -1.540, 3.334
-1.994, -1.541, 3.335
-1.969, -1.541, 3.336
-1.943, -1.542, 3.338
-1.917, -1.543, 3.339
-1.891, -1.543, 3.341
-1.865, -1.544, 3.342
-1.839, -1.544, 3.343
-1.813, -1.545, 3.344
-1.787, -1.546, 3.346
-1.761, -1.546, 3.347
-1.734, -1.547, 3.348
-1.708, -1.548, 3.350
-1.682, -1.548, 3.351
-1.656, -1.549, 3.352
-1.630, -1.549, 3.354
-1.604, -1.550, 3.355
-1.577, -1.551, 3.356
-1.551, -1.551, 3.358
-1.525, -1.552, 3.359
-1.499, -1.552, 3.360
-1.472, -1.553, 3.362
-1.446, -1.554, 3.363
-1.420, -1.554, 3.364
-1.393, -1.555, 3.366
-1.367, -1.555, 3.367
-1.341, -1.556, 3.368
-1.314, -1.557, 3.370
-1.288, -1.557, 3.371
-1.261, -1.558, 3.372
-1.235, -1.559, 3.374
-1.208, -1.559, 3.375
-1.182, -1.560, 3.376
-1.155, -1.560, 3.378
-1.129, -1.561, 3.379
-1.102, -1.562, 3.380
-1.075, -1.562, 3.382
-1.049, -1.563, 3.383
-1.022, -1.564, 3.385
-0.995, -1.564, 3.386
-0.969, -1.565, 3.387
-0.942, -1.566, 3.388
-0.915, -1.566, 3.390
-0.888, -1.567, 3.391
-0.862, -1.567, 3.393
-0.835, -1.568, 3.394
-0.808, -1.569, 3.395
-0.781, -1.569, 3.397
-0.754, -1.570, 3.398
-0.727, -1.570, 3.399
-0.701, -1.571, 3.401
-0.674, -1.572, 3.402
-0.647, -1.572, 3.404
-0.620, -1.573, 3.405
-0.593, -1.574, 3.406
-0.566, -1.574, 3.408
-0.539, -1.575, 3.409
-0.512, -1.575, 3.410
-0.484, -1.576, 3.411
-0.451, -1.528, 3.365
-0.424, -1.529, 3.367
-0.457, -1.577, 3.413
-0.392, -1.482, 3.322
-0.366, -1.482, 3.323
-0.397, -1.529, 3.368
-0.334, -1.436, 3.279
-0.330, -1.391, 3.235
-0.326, -1.347, 3.193
-0.321, -1.304, 3.151
-0.292, -1.263, 3.112
-0.264, -1.223, 3.073
-0.285, -1.183, 3.034
-0.309, -1.183, 3.033
-0.333, -1.182, 3.032
-0.353, -1.143, 2.993
-0.377, -1.143, 2.992
-0.396, -1.105, 2.954
-0.419, -1.105, 2.954
-0.443, -1.104, 2.953
-0.461, -1.067, 2.916
-0.455, -1.031, 2.881
-0.450, -0.997, 2.847
-0.445, -0.962, 2.814
-0.440, -0.929, 2.782
-0.435, -0.897, 2.751
-0.408, -0.865, 2.721
-0.404, -0.834, 2.691
-0.399, -0.804, 2.661
-0.374, -0.774, 2.633
-0.370, -0.745, 2.605
-0.366, -0.717, 2.578
-0.342, -0.689, 2.551
-0.338, -0.662, 2.525
-0.315, -0.635, 2.500
-0.312, -0.609, 2.475
-0.309, -0.583, 2.450
-0.286, -0.558, 2.426
-0.283, -0.533, 2.402
-0.281, -0.509, 2.379
-0.259, -0.486, 2.357
-0.257, -0.462, 2.335
-0.254, -0.439, 2.312
-0.234, -0.417, 2.292
-0.232, -0.395, 2.270
-0.229, -0.373, 2.250
-0.210, -0.352, 2.230
-0.208, -0.332, 2.210
-0.190, -0.332, 2.210
-0.172, -0.332, 2.211
-0.155, -0.332, 2.211
-0.137, -0.332, 2.212
-0.119, -0.332, 2.213
-0.102, -0.332, 2.213
-0.085, -0.353, 2.234
-0.103, -0.353, 2.233
-0.067, -0.353, 2.234
-0.050, -0.374, 2.255
-0.068, -0.374, 2.255
-0.032, -0.375, 2.256
-0.014, -0.375, 2.257
0.005, -0.396, 2.278
-0.014, -0.396, 2.278
0.023, -0.397, 2.279
0.041, -0.397, 2.279
0.059, -0.397, 2.280
0.041, -0.419, 2.300
0.060, -0.419, 2.302
0.042, -0.441, 2.323
0.060, -0.441, 2.323
0.042, -0.464, 2.345
0.061, -0.464, 2.345
0.043, -0.488, 2.367
0.062, -0.488, 2.368
0.043, -0.512, 2.390
0.062, -0.512, 2.391
0.043, -0.536, 2.414
0.024, -0.561, 2.437
0.044, -0.561, 2.438
0.025, -0.586, 2.462
0.025, -0.612, 2.487
0.005, -0.638, 2.512
0.025, -0.638, 2.513
0.005, -0.665, 2.538
0.005, -0.692, 2.564
-0.016, -0.720, 2.591
0.005, -0.721, 2.592
-0.016, -0.749, 2.619
-0.016, -0.778, 2.647
-0.037, -0.808, 2.676
-0.016, -0.808, 2.676
-0.038, -0.839, 2.705
-0.038, -0.870, 2.736
-0.061, -0.902, 2.766
-0.039, -0.902, 2.767
-0.062, -0.934, 2.797
-0.062, -0.968, 2.830
-0.086, -1.002, 2.863
-0.063, -1.002, 2.864
-0.040, -1.003, 2.865
-0.017, -1.038, 2.900
-0.041, -1.038, 2.899
0.006, -1.038, 2.901
0.029, -1.039, 2.902
0.052, -1.039, 2.903
0.076, -1.076, 2.939
0.053, -1.075, 2.938
0.077, -1.113, 2.975
0.101, -1.113, 2.976
0.127, -1.151, 3.014
0.102, -1.151, 3.013
0.128, -1.190, 3.052
0.153, -1.191, 3.053
0.179, -1.231, 3.093
0.155, -1.231, 3.092
0.182, -1.272, 3.133
0.207, -1.273, 3.135
0.184, -1.314, 3.174
0.210, -1.315, 3.176
0.232, -1.273, 3.136
0.229, -1.232, 3.096
0.226, -1.192, 3.057
0.248, -1.153, 3.020
0.245, -1.115, 2.982
0.265, -1.079, 2.947
0.285, -1.043, 2.913
0.282, -1.007, 2.878
0.302, -0.973, 2.845
0.298, -0.939, 2.812
0.317, -0.907, 2.781
0.313, -0.874, 2.750
0.332, -0.843, 2.720
0.350, -0.813, 2.691
0.346, -0.782, 2.661
0.363, -0.753, 2.633
0.359, -0.724, 2.605
0.380, -0.724, 2.606
0.397, -0.696, 2.579
0.418, -0.697, 2.580
0.401, -0.725, 2.607
0.434, -0.669, 2.554
0.455, -0.669, 2.555
0.439, -0.697, 2.581
0.475, -0.669, 2.555
0.496, -0.670, 2.556
0.516, -0.670, 2.557
0.537, -0.670, 2.558
0.558, -0.670, 2.558
0.584, -0.698, 2.586
0.564, -0.698, 2.585
0.591, -0.727, 2.614
0.612, -0.727, 2.615
0.640, -0.756, 2.644
0.618, -0.756, 2.643
0.647, -0.786, 2.673
0.668, -0.786, 2.674
0.690, -0.786, 2.674
0.720, -0.817, 2.705
0.698, -0.817, 2.705
0.728, -0.848, 2.736
0.750, -0.848, 2.736
0.781, -0.880, 2.769
0.758, -0.880, 2.768
0.790, -0.913, 2.800
0.799, -0.946, 2.833
0.808, -0.980, 2.867
0.818, -1.015, 2.901
0.804, -1.051, 2.935
0.828, -1.051, 2.936
0.814, -1.087, 2.971
0.800, -1.124, 3.007
0.785, -1.162, 3.043
0.810, -1.163, 3.044
0.795, -1.202, 3.082
0.780, -1.242, 3.121
0.805, -1.242, 3.122
0.790, -1.283, 3.161
0.775, -1.326, 3.202
0.759, -1.369, 3.243
0.785, -1.369, 3.245
0.769, -1.414, 3.288
0.753, -1.459, 3.332
0.736, -1.506, 3.377
0.764, -1.507, 3.379
0.747, -1.555, 3.425
0.729, -1.605, 3.473
0.757, -1.605, 3.474
0.786, -1.606, 3.476
0.814, -1.606, 3.477
0.842, -1.607, 3.478
0.870, -1.608, 3.480
0.898, -1.608, 3.481
0.926, -1.609, 3.483
0.955, -1.610, 3.484
0.983, -1.610, 3.486
1.011, -1.611, 3.487
1.040, -1.612, 3.489
1.068, -1.612, 3.490
1.096, -1.613, 3.491
1.125, -1.614, 3.493
1.153, -1.614, 3.494
1.182, -1.615, 3.496
1.210, -1.616, 3.497
1.238, -1.616, 3.499
1.267, -1.617, 3.500
1.295, -1.618, 3.501
1.324, -1.618, 3.503
1.353, -1.619, 3.504
1.381, -1.620, 3.506
1.410, -1.620, 3.507
1.439, -1.621, 3.509
1.467, -1.622, 3.510
1.496, -1.622, 3.512
1.525, -1.623, 3.513
1.553, -1.624, 3.515
1.582, -1.624, 3.516
1.611, -1.625, 3.518
1.640, -1.626, 3.519
1.669, -1.626, 3.520
1.697, -1.627, 3.522
1.726, -1.628, 3.523
1.755, -1.628, 3.525
1.784, -1.629, 3.526
1.813, -1.630, 3.528
1.842, -1.630, 3.529
1.871, -1.631, 3.530
1.900, -1.632, 3.532
1.929, -1.633, 3.534
1.958, -1.633, 3.535
1.988, -1.634, 3.537
2.017, -1.634, 3.538
2.046, -1.635, 3.540
2.075, -1.636, 3.541
2.104, -1.637, 3.543
2.133, -1.637, 3.544
2.163, -1.638, 3.546
2.192, -1.639, 3.547
2.189, -1.588, 3.497
2.158, -1.537, 3.447
2.127, -1.489, 3.399
2.098, -1.441, 3.351
2.069, -1.395, 3.305
2.041, -1.350, 3.261
2.014, -1.306, 3.217
1.988, -1.264, 3.175
1.962, -1.222, 3.134
1.937, -1.182, 3.094
1.912, -1.143, 3.055
1.889, -1.104, 3.017
1.865, -1.067, 2.980
1.843, -1.030, 2.944
1.821, -0.995, 2.909
1.799, -0.960, 2.874
1.778, -0.926, 2.841
1.758, -0.893, 2.808
1.737, -0.860, 2.776
1.718, -0.829, 2.744
1.699, -0.798, 2.714
1.680, -0.768, 2.684
1.662, -0.738, 2.655
1.644, -0.709, 2.626
1.626, -0.681, 2.598
1.609, -0.653, 2.571
1.592, -0.626, 2.544
1.576, -0.599, 2.518
1.560, -0.573, 2.492
1.544, -0.548, 2.467
1.529, -0.523, 2.442
1.514, -0.498, 2.418
1.499, -0.474, 2.395
1.485, -0.451, 2.372
1.470, -0.427, 2.349
1.456, -0.405, 2.326
1.443, -0.383, 2.305
1.429, -0.361, 2.283
1.416, -0.339, 2.262
1.403, -0.318, 2.242
1.391, -0.298, 2.222
1.378, -0.277, 2.202
1.366, -0.258, 2.182
1.354, -0.238, 2.163
1.342, -0.219, 2.145
1.331, -0.200, 2.126
1.319, -0.181, 2.108
1.308, -0.163, 2.090
1.297, -0.145, 2.073
1.287, -0.127, 2.056
1.276, -0.110, 2.039
1.266, -0.093, 2.022
1.256, -0.076, 2.006
1.246, -0.060, 1.990
1.236, -0.043, 1.974
1.226, -0.027, 1.959
1.216, -0.012, 1.943
1.207, 0.004, 1.928
1.198, 0.019, 1.914
1.189, 0.034, 1.899
1.180, 0.049, 1.885
1.171, 0.064, 1.871
1.162, 0.078, 1.857
1.154, 0.092, 1.844
1.145, 0.106, 1.830
1.137, 0.120, 1.817
1.129, 0.133, 1.804
1.121, 0.147, 1.791
1.113, 0.160, 1.778
1.106, 0.173, 1.766
1.098, 0.186, 1.754
1.090, 0.199, 1.742
1.083, 0.211, 1.730
1.075, 0.223, 1.718
1.068, 0.236, 1.707
1.061, 0.248, 1.695
1.054, 0.259, 1.684
1.047, 0.271, 1.673
1.041, 0.283, 1.662
1.034, 0.294, 1.651
1.027, 0.305, 1.641
1.021, 0.316, 1.631
1.014, 0.327, 1.621
1.008, 0.338, 1.610
1.002, 0.349, 1.600
0.996, 0.359, 1.591
0.989, 0.370, 1.581
0.983, 0.380, 1.571
0.977, 0.390, 1.562
0.972, 0.400, 1.552
0.966, 0.410, 1.543
0.960, 0.420, 1.534
0.954, 0.430, 1.525
0.949, 0.440, 1.516
0.943, 0.449, 1.507
0.938, 0.459, 1.499
0.933, 0.468, 1.490
0.928, 0.477, 1.482
0.922, 0.486, 1.473
0.917, 0.495, 1.465
0.912, 0.504, 1.457
0.907, 0.513, 1.449
0.902, 0.522, 1.441
0.897, 0.530, 1.433
0.892, 0.539, 1.425
0.888, 0.547, 1.418
0.883, 0.556, 1.410
0.878, 0.564, 1.403
0.874, 0.572, 1.396
0.869, 0.580, 1.388
0.865, 0.588, 1.381
0.860, 0.596, 1.374
0.856, 0.604, 1.367
0.851, 0.612, 1.360
0.847, 0.620, 1.353
0.832, 0.627, 1.347
0.821, 0.627, 1.346
0.810, 0.627, 1.346
0.799, 0.627, 1.345
0.788, 0.627, 1.345
0.778, 0.627, 1.345
0.767, 0.627, 1.345
0.756, 0.627, 1.345
0.745, 0.627, 1.345
0.734, 0.627, 1.345
0.723, 0.627, 1.345
0.712, 0.626, 1.344
0.701, 0.626, 1.344
0.691, 0.626, 1.344
0.680, 0.626, 1.344
0.669, 0.626, 1.344
0.658, 0.626, 1.343
0.647, 0.626, 1.343
0.636, 0.626, 1.343
0.626, 0.626, 1.343
0.615, 0.626, 1.343
0.604, 0.625, 1.342
0.593, 0.625, 1.342
0.582, 0.625, 1.342
0.571, 0.625, 1.342
0.561, 0.625, 1.342
0.550, 0.625, 1.341
0.539, 0.625, 1.341
0.528, 0.625, 1.341
0.517, 0.625, 1.341
0.507, 0.625, 1.341
0.496, 0.624, 1.340
0.485, 0.624, 1.340
0.474, 0.624, 1.340
0.463, 0.624, 1.340
0.453, 0.624, 1.340
0.442, 0.624, 1.339
0.431, 0.624, 1.339
0.420, 0.624, 1.339
0.410, 0.624, 1.339
0.399, 0.624, 1.339
0.388, 0.624, 1.338
0.377, 0.623, 1.338
0.366, 0.623, 1.338
0.356, 0.623, 1.338
0.345, 0.623, 1.338
0.334, 0.623, 1.337
0.323, 0.623, 1.337
0.313, 0.623, 1.337
0.302, 0.623, 1.337
0.291, 0.623, 1.337
0.281, 0.623, 1.336
0.271, 0.615, 1.343
0.260, 0.615, 1.343
0.250, 0.615, 1.342
0.239, 0.615, 1.342
0.228, 0.614, 1.342
0.218, 0.607, 1.348
0.208, 0.607, 1.348
0.197, 0.606, 1.348
0.186, 0.606, 1.348
0.175, 0.606, 1.348
0.164, 0.606, 1.347
0.154, 0.606, 1.347
0.143, 0.606, 1.347
0.132, 0.606, 1.347
0.121, 0.606, 1.347
0.110, 0.606, 1.346
0.100, 0.606, 1.346
0.089, 0.605, 1.345
0.078, 0.605, 1.345
0.068, 0.598, 1.352
0.057, 0.590, 1.359
0.046, 0.582, 1.366
0.036, 0.574, 1.372
0.025, 0.565, 1.379
0.014, 0.557, 1.386
0.003, 0.549, 1.393
-0.008, 0.540, 1.400
-0.020, 0.532, 1.407
-0.031, 0.524, 1.415
-0.043, 0.515, 1.422
-0.054, 0.506, 1.430
-0.066, 0.497, 1.437
-0.078, 0.488, 1.445
-0.066, 0.488, 1.445
-0.078, 0.479, 1.453
-0.091, 0.470, 1.461
-0.079, 0.470, 1.461
-0.091, 0.461, 1.469
-0.092, 0.452, 1.477
-0.092, 0.443, 1.485
-0.093, 0.433, 1.494
-0.093, 0.424, 1.502
-0.094, 0.414, 1.511
-0.094, 0.404, 1.520
-0.083, 0.394, 1.529
-0.095, 0.394, 1.529
-0.083, 0.385, 1.538
-0.084, 0.374, 1.548
-0.084, 0.364, 1.556
-0.072, 0.354, 1.567
-0.085, 0.354, 1.566
-0.072, 0.344, 1.576
-0.073, 0.333, 1.586
-0.073, 0.322, 1.595
-0.061, 0.311, 1.606
-0.074, 0.311, 1.606
-0.061, 0.300, 1.615
-0.062, 0.289, 1.626
-0.049, 0.278, 1.637
-0.062, 0.278, 1.637
-0.036, 0.278, 1.637
-0.023, 0.278, 1.638
-0.010, 0.278, 1.638
0.003, 0.290, 1.628
0.016, 0.290, 1.628
0.003, 0.278, 1.638
0.029, 0.290, 1.628
0.042, 0.290, 1.628
0.055, 0.290, 1.628
0.068, 0.290, 1.629
0.081, 0.301, 1.619
0.094, 0.301, 1.620
0.081, 0.290, 1.630
0.107, 0.301, 1.620
0.120, 0.301, 1.620
0.133, 0.301, 1.621
0.145, 0.312, 1.611
0.158, 0.312, 1.611
0.146, 0.301, 1.621
0.170, 0.323, 1.601
0.181, 0.334, 1.592
0.194, 0.334, 1.592
0.183, 0.323, 1.602
0.171, 0.313, 1.611
0.206, 0.345, 1.582
0.218, 0.345, 1.582
0.207, 0.334, 1.592
0.230, 0.356, 1.573
0.241, 0.366, 1.564
0.253, 0.366, 1.564
0.242, 0.356, 1.574
0.231, 0.345, 1.582
0.264, 0.376, 1.555
0.275, 0.386, 1.546
0.288, 0.387, 1.547
0.277, 0.376, 1.556
0.266, 0.366, 1.565
0.298, 0.397, 1.538
0.309, 0.407, 1.529
0.321, 0.407, 1.529
0.311, 0.397, 1.538
0.300, 0.387, 1.547
0.331, 0.417, 1.520
0.342, 0.426, 1.512
0.354, 0.426, 1.512
0.344, 0.417, 1.521
0.333, 0.407, 1.529
0.364, 0.436, 1.503
0.362, 0.446, 1.495
0.360, 0.455, 1.486
0.358, 0.464, 1.478
0.344, 0.473, 1.469
0.342, 0.482, 1.461
0.340, 0.491, 1.453
0.338, 0.500, 1.445
0.325, 0.509, 1.437
0.323, 0.517, 1.429
0.321, 0.526, 1.422
0.308, 0.534, 1.414
0.307, 0.543, 1.407
0.305, 0.551, 1.399
0.303, 0.559, 1.392
0.291, 0.568, 1.384
0.289, 0.576, 1.377
0.288, 0.584, 1.370
0.275, 0.592, 1.363
0.274, 0.599, 1.356
0.273, 0.607, 1.349
0.286, 0.592, 1.363
0.302, 0.568, 1.385
0.320, 0.534, 1.414
0.336, 0.509, 1.437
0.356, 0.473, 1.470
0.366, 0.426, 1.512
-0.055, 0.497, 1.437
-0.043, 0.506, 1.430
-0.031, 0.515, 1.422
-0.020, 0.524, 1.415
-0.008, 0.532, 1.408
0.003, 0.541, 1.401
0.014, 0.549, 1.393
0.014, 0.565, 1.379
0.025, 0.573, 1.372
0.035, 0.582, 1.365
0.046, 0.590, 1.359
0.057, 0.598, 1.352
0.067, 0.605, 1.345
0.217, 0.614, 1.342
0.206, 0.622, 1.335
0.195, 0.622, 1.335
0.184, 0.622, 1.335
0.173, 0.622, 1.334
0.163, 0.622, 1.334
0.152, 0.621, 1.333
0.141, 0.621, 1.333
0.131, 0.621, 1.333
0.120, 0.621, 1.333
0.109, 0.621, 1.333
0.099, 0.621, 1.333
0.088, 0.621, 1.333
0.077, 0.621, 1.333
0.067, 0.621, 1.332
0.056, 0.621, 1.332
0.045, 0.620, 1.332
0.035, 0.620, 1.332
0.024, 0.620, 1.332
0.013, 0.620, 1.331
0.003, 0.620, 1.331
-0.008, 0.620, 1.331
-0.019, 0.620, 1.331
-0.029, 0.620, 1.331
-0.040, 0.620, 1.330
-0.051, 0.620, 1.330
-0.061, 0.620, 1.330
-0.072, 0.620, 1.330
-0.082, 0.620, 1.330
-0.093, 0.619, 1.329
-0.104, 0.619, 1.329
-0.114, 0.619, 1.329
-0.125, 0.619, 1.329
-0.136, 0.619, 1.329
-0.146, 0.619, 1.328
-0.157, 0.619, 1.328
-0.167, 0.619, 1.328
-0.178, 0.619, 1.328
-0.189, 0.619, 1.328
-0.199, 0.618, 1.327
-0.210, 0.618, 1.327
-0.220, 0.618, 1.327
-0.231, 0.618, 1.327
-0.241, 0.618, 1.327
-0.252, 0.618, 1.326
-0.263, 0.618, 1.326
-0.273, 0.618, 1.326
-0.284, 0.618, 1.326
-0.296, 0.610, 1.332
-0.294, 0.618, 1.326
-0.297, 0.602, 1.339
-0.299, 0.595, 1.345
-0.289, 0.587, 1.352
-0.300, 0.587, 1.352
-0.291, 0.579, 1.359
-0.292, 0.571, 1.366
-0.294, 0.563, 1.373
-0.295, 0.555, 1.380
-0.297, 0.547, 1.387
-0.298, 0.538, 1.395
-0.300, 0.530, 1.402
-0.302, 0.521, 1.409
-0.303, 0.513, 1.417
-0.305, 0.504, 1.425
-0.306, 0.495, 1.432
-0.308, 0.487, 1.440
-0.310, 0.478, 1.448
-0.312, 0.469, 1.456
-0.313, 0.460, 1.464
-0.315, 0.450, 1.472
-0.317, 0.441, 1.481
-0.319, 0.432, 1.489
-0.320, 0.422, 1.498
-0.322, 0.413, 1.506
-0.324, 0.403, 1.515
-0.326, 0.393, 1.524
-0.328, 0.383, 1.533
-0.330, 0.373, 1.542
-0.332, 0.363, 1.551
-0.334, 0.353, 1.561
-0.336, 0.342, 1.570
-0.351, 0.332, 1.580
-0.338, 0.332, 1.580
-0.353, 0.321, 1.589
-0.355, 0.310, 1.599
-0.370, 0.299, 1.609
-0.357, 0.299, 1.609
-0.372, 0.288, 1.618
-0.375, 0.277, 1.629
-0.377, 0.266, 1.640
-0.393, 0.254, 1.650
-0.380, 0.254, 1.650
-0.395, 0.242, 1.661
-0.398, 0.231, 1.671
-0.414, 0.219, 1.682
-0.430, 0.207, 1.693
-0.443, 0.206, 1.693
-0.457, 0.206, 1.692
-0.470, 0.206, 1.692
-0.481, 0.218, 1.680
-0.494, 0.218, 1.680
-0.507, 0.218, 1.680
-0.517, 0.230, 1.669
-0.530, 0.230, 1.668
-0.544, 0.230, 1.668
-0.557, 0.230, 1.668
-0.570, 0.230, 1.667
-0.583, 0.230, 1.667
-0.593, 0.242, 1.656
-0.606, 0.242, 1.656
-0.619, 0.242, 1.655
-0.628, 0.253, 1.644
-0.641, 0.253, 1.644
-0.654, 0.253, 1.644
-0.667, 0.253, 1.643
-0.676, 0.264, 1.633
-0.672, 0.276, 1.622
-0.680, 0.287, 1.612
-0.676, 0.298, 1.602
-0.672, 0.309, 1.592
-0.680, 0.319, 1.582
-0.676, 0.330, 1.572
-0.672, 0.341, 1.562
-0.680, 0.351, 1.553
-0.676, 0.361, 1.544
-0.672, 0.371, 1.535
-0.680, 0.381, 1.525
-0.676, 0.391, 1.516
-0.672, 0.401, 1.508
-0.680, 0.411, 1.499
-0.676, 0.420, 1.490
-0.673, 0.430, 1.482
-0.681, 0.439, 1.473
-0.677, 0.448, 1.465
-0.673, 0.457, 1.457
-0.681, 0.466, 1.448
-0.677, 0.475, 1.440
-0.673, 0.484, 1.433
-0.681, 0.493, 1.425
-0.677, 0.502, 1.417
-0.670, 0.493, 1.425
-0.669, 0.466, 1.449
-0.669, 0.439, 1.473
-0.669, 0.411, 1.499
-0.668, 0.381, 1.526
-0.668, 0.351, 1.553
-0.667, 0.319, 1.582
-0.667, 0.287, 1.612
-0.663, 0.264, 1.633
-0.615, 0.253, 1.645
-0.580, 0.242, 1.656
-0.504, 0.230, 1.669
-0.467, 0.218, 1.681
-0.416, 0.207, 1.693
-0.400, 0.219, 1.682
0.216, 0.622, 1.335
0.227, 0.622, 1.335
0.238, 0.622, 1.336
0.248, 0.622, 1.336
0.259, 0.622, 1.336
0.270, 0.622, 1.336
0.843, 0.627, 1.347
2.221, -1.639, 3.548
0.780, -1.460, 3.333
0.801, -1.326, 3.203
0.824, -1.125, 3.008
0.367, -0.783, 2.662
0.354, -0.843, 2.721
0.336, -0.875, 2.751
0.321, -0.940, 2.813
0.305, -1.008, 2.879
0.289, -1.079, 2.948
0.268, -1.116, 2.983
0.251, -1.192, 3.058
0.063, -0.536, 2.414
0.082, -0.536, 2.415
0.101, -0.536, 2.416
0.122, -0.561, 2.441
0.102, -0.561, 2.440
0.142, -0.562, 2.441
0.163, -0.587, 2.467
0.143, -0.587, 2.466
0.183, -0.587, 2.468
0.202, -0.587, 2.468
0.224, -0.614, 2.494
0.204, -0.613, 2.494
0.244, -0.614, 2.495
0.267, -0.640, 2.522
0.247, -0.640, 2.521
0.288, -0.641, 2.522
0.308, -0.641, 2.523
0.328, -0.641, 2.524
0.348, -0.641, 2.525
0.369, -0.641, 2.525
0.385, -0.615, 2.500
0.405, -0.615, 2.501
0.389, -0.641, 2.526
0.421, -0.589, 2.476
0.441, -0.589, 2.477
0.425, -0.615, 2.502
0.456, -0.564, 2.453
0.476, -0.564, 2.453
0.461, -0.590, 2.478
0.491, -0.539, 2.430
0.510, -0.540, 2.431
0.496, -0.564, 2.454
0.525, -0.515, 2.407
0.544, -0.515, 2.408
0.530, -0.540, 2.431
0.558, -0.491, 2.385
0.572, -0.468, 2.363
0.585, -0.445, 2.341
0.580, -0.422, 2.319
0.574, -0.400, 2.297
0.569, -0.378, 2.276
0.564, -0.356, 2.255
0.577, -0.335, 2.235
0.571, -0.315, 2.215
0.566, -0.294, 2.195
0.561, -0.274, 2.176
0.557, -0.255, 2.157
0.569, -0.235, 2.139
0.564, -0.216, 2.121
0.559, -0.198, 2.102
0.555, -0.179, 2.085
0.533, -0.161, 2.067
0.517, -0.161, 2.067
0.496, -0.143, 2.049
0.479, -0.143, 2.049
0.459, -0.126, 2.031
0.443, -0.126, 2.031
0.423, -0.109, 2.014
0.407, -0.109, 2.013
0.387, -0.092, 1.997
0.371, -0.092, 1.996
0.352, -0.075, 1.980
0.337, -0.075, 1.980
0.321, -0.075, 1.979
0.305, -0.075, 1.979
0.289, -0.075, 1.978
0.275, -0.092, 1.994
0.259, -0.092, 1.993
0.245, -0.108, 2.009
0.231, -0.126, 2.024
0.216, -0.143, 2.041
0.202, -0.160, 2.057
0.185, -0.160, 2.056
0.170, -0.178, 2.073
0.155, -0.197, 2.091
0.139, -0.215, 2.108
0.122, -0.215, 2.107
0.106, -0.234, 2.125
0.105, -0.215, 2.107
0.107, -0.253, 2.143
0.091, -0.272, 2.161
0.108, -0.272, 2.162
0.092, -0.292, 2.180
0.092, -0.312, 2.200
0.075, -0.333, 2.219
0.093, -0.333, 2.220
0.076, -0.354, 2.239
0.077, -0.375, 2.260
0.078, -0.397, 2.280
0.138, -0.196, 2.089
0.153, -0.178, 2.073
0.169, -0.160, 2.056
0.200, -0.143, 2.040
0.215, -0.125, 2.024
0.229, -0.108, 2.008
0.243, -0.092, 1.993
0.273, -0.075, 1.978
0.368, -0.075, 1.980
0.403, -0.092, 1.997
0.439, -0.109, 2.014
0.475, -0.126, 2.032
0.512, -0.143, 2.049
0.550, -0.161, 2.068
0.574, -0.255, 2.158
0.582, -0.356, 2.256
0.591, -0.468, 2.364
0.577, -0.491, 2.386
0.564, -0.515, 2.408
-0.212, -0.374, 2.250
-0.236, -0.439, 2.313
-0.262, -0.509, 2.380
-0.289, -0.583, 2.450
-0.318, -0.662, 2.526
-0.345, -0.717, 2.578
-0.378, -0.804, 2.662
-0.413, -0.897, 2.751
-0.438, -1.068, 2.917
-0.372, -1.105, 2.956
-0.329, -1.144, 2.994
-0.261, -1.183, 3.035
-0.268, -1.264, 3.113
-0.296, -1.305, 3.152
-0.313, -1.483, 3.326
-0.339, -1.483, 3.324
-0.599, 0.615, 1.320
-0.589, 0.615, 1.320
-0.605, 0.600, 1.333
-0.622, 0.584, 1.346
-0.639, 0.568, 1.359
-0.656, 0.552, 1.373
RegionID:1
Center:0.030,-0.945,2.144
Normal:0.612,0.259,-0.747
NumPatches:32
0.128, -1.016, 2.198
0.109, -1.010, 2.186
0.091, -1.004, 2.173
0.073, -0.998, 2.161
0.056, -0.992, 2.148
0.038, -0.987, 2.136
0.021, -0.981, 2.124
0.004, -0.976, 2.112
-0.013, -0.970, 2.099
-0.013, -0.955, 2.105
-0.029, -0.936, 2.098
-0.046, -0.916, 2.091
-0.030, -0.906, 2.108
-0.013, -0.897, 2.125
-0.013, -0.882, 2.130
0.004, -0.872, 2.148
0.022, -0.877, 2.160
0.004, -0.887, 2.142
0.022, -0.892, 2.155
0.039, -0.897, 2.167
0.057, -0.918, 2.174
0.039, -0.912, 2.162
0.056, -0.933, 2.169
0.074, -0.938, 2.182
0.074, -0.953, 2.176
0.092, -0.974, 2.184
0.074, -0.968, 2.171
0.091, -0.989, 2.178
0.110, -0.995, 2.191
-0.013, -0.911, 2.120
-0.029, -0.921, 2.103
-0.013, -0.941, 2.110
RegionID:2
Center:0.272,-0.710,1.785
Normal:-0.610,0.106,-0.785
NumPatches:64
0.290, -0.583, 1.788
0.277, -0.600, 1.796
0.263, -0.617, 1.804
0.276, -0.614, 1.795
0.263, -0.631, 1.802
0.250, -0.648, 1.810
0.236, -0.666, 1.819
0.250, -0.662, 1.809
0.236, -0.680, 1.817
0.223, -0.697, 1.825
0.236, -0.693, 1.815
0.222, -0.711, 1.823
0.209, -0.729, 1.832
0.222, -0.725, 1.822
0.209, -0.743, 1.830
0.195, -0.761, 1.838
0.181, -0.779, 1.846
0.195, -0.775, 1.836
0.181, -0.793, 1.845
0.167, -0.812, 1.853
0.181, -0.807, 1.843
0.194, -0.817, 1.831
0.180, -0.821, 1.841
0.194, -0.831, 1.830
0.207, -0.826, 1.820
0.221, -0.835, 1.808
0.207, -0.840, 1.818
0.234, -0.831, 1.798
0.247, -0.827, 1.789
0.260, -0.822, 1.779
0.273, -0.804, 1.771
0.286, -0.787, 1.764
0.286, -0.773, 1.766
0.299, -0.756, 1.758
0.299, -0.743, 1.760
0.312, -0.725, 1.752
0.324, -0.708, 1.745
0.325, -0.695, 1.746
0.337, -0.678, 1.738
0.338, -0.665, 1.740
0.350, -0.648, 1.733
0.362, -0.632, 1.726
0.351, -0.621, 1.736
0.339, -0.611, 1.747
0.327, -0.601, 1.757
0.315, -0.591, 1.768
0.302, -0.594, 1.777
0.302, -0.580, 1.779
0.290, -0.569, 1.790
0.277, -0.586, 1.798
0.327, -0.587, 1.759
0.339, -0.598, 1.748
0.351, -0.608, 1.738
0.363, -0.618, 1.727
0.362, -0.645, 1.724
0.350, -0.661, 1.731
0.337, -0.691, 1.737
0.324, -0.721, 1.743
0.312, -0.739, 1.750
0.299, -0.769, 1.756
0.285, -0.800, 1.762
0.273, -0.818, 1.770
0.208, -0.757, 1.828
0.263, -0.645, 1.801
RegionID:3
Center:-0.131,-0.523,1.892
Normal:-0.016,0.157,-0.987
NumPatches:68
-0.116, -0.655, 1.871
-0.131, -0.669, 1.868
-0.146, -0.669, 1.869
-0.161, -0.669, 1.870
-0.176, -0.655, 1.872
-0.191, -0.655, 1.872
-0.206, -0.655, 1.873
-0.221, -0.641, 1.875
-0.236, -0.641, 1.875
-0.222, -0.627, 1.877
-0.222, -0.613, 1.880
-0.222, -0.598, 1.882
-0.207, -0.584, 1.884
-0.207, -0.570, 1.886
-0.193, -0.555, 1.888
-0.193, -0.541, 1.891
-0.193, -0.526, 1.893
-0.178, -0.512, 1.895
-0.178, -0.497, 1.897
-0.179, -0.482, 1.900
-0.164, -0.468, 1.902
-0.164, -0.453, 1.904
-0.164, -0.438, 1.906
-0.149, -0.424, 1.909
-0.149, -0.409, 1.911
-0.149, -0.394, 1.913
-0.134, -0.379, 1.915
-0.134, -0.364, 1.918
-0.119, -0.364, 1.917
-0.103, -0.379, 1.914
-0.119, -0.379, 1.914
-0.134, -0.394, 1.913
-0.088, -0.379, 1.914
-0.073, -0.394, 1.912
-0.088, -0.394, 1.912
-0.057, -0.394, 1.912
-0.042, -0.394, 1.912
-0.027, -0.408, 1.909
-0.042, -0.423, 1.907
-0.042, -0.408, 1.909
-0.042, -0.438, 1.905
-0.057, -0.453, 1.902
-0.042, -0.453, 1.902
-0.057, -0.467, 1.900
-0.057, -0.482, 1.898
-0.072, -0.497, 1.896
-0.057, -0.497, 1.896
-0.072, -0.511, 1.893
-0.087, -0.526, 1.891
-0.072, -0.526, 1.891
-0.087, -0.540, 1.889
-0.087, -0.555, 1.887
-0.087, -0.569, 1.884
-0.102, -0.583, 1.882
-0.087, -0.583, 1.882
-0.101, -0.598, 1.880
-0.101, -0.612, 1.878
-0.116, -0.626, 1.876
-0.101, -0.626, 1.876
-0.116, -0.641, 1.874
-0.131, -0.655, 1.871
-0.149, -0.438, 1.906
-0.163, -0.482, 1.900
-0.178, -0.526, 1.893
-0.192, -0.569, 1.886
-0.207, -0.598, 1.882
-0.206, -0.641, 1.875
-0.161, -0.655, 1.872
RegionID:4
Center:0.219,-0.318,1.635
Normal:-0.322,-0.800,-0.505
NumPatches:43
0.276, -0.335, 1.625
0.265, -0.337, 1.636
0.258, -0.358, 1.674
0.246, -0.361, 1.686
0.234, -0.363, 1.697
0.226, -0.386, 1.739
0.214, -0.389, 1.751
0.201, -0.391, 1.763
0.185, -0.373, 1.745
0.172, -0.376, 1.757
0.156, -0.358, 1.739
0.144, -0.361, 1.751
0.128, -0.343, 1.733
0.141, -0.341, 1.720
0.151, -0.319, 1.680
0.161, -0.299, 1.642
0.173, -0.297, 1.631
0.164, -0.317, 1.669
0.154, -0.338, 1.709
0.169, -0.356, 1.727
0.182, -0.277, 1.595
0.190, -0.259, 1.560
0.202, -0.257, 1.550
0.193, -0.276, 1.585
0.185, -0.295, 1.620
0.213, -0.256, 1.541
0.224, -0.254, 1.531
0.238, -0.269, 1.546
0.227, -0.271, 1.555
0.249, -0.267, 1.536
0.263, -0.282, 1.550
0.253, -0.284, 1.560
0.274, -0.280, 1.541
0.285, -0.279, 1.531
0.300, -0.294, 1.545
0.294, -0.313, 1.579
0.283, -0.315, 1.589
0.272, -0.317, 1.599
0.289, -0.295, 1.555
0.310, -0.292, 1.536
0.197, -0.371, 1.733
0.222, -0.366, 1.709
0.254, -0.339, 1.647
RegionID:5
Center:0.298,-0.186,1.549
Normal:0.355,0.483,-0.801
NumPatches:43
0.351, -0.220, 1.552
0.352, -0.209, 1.559
0.354, -0.197, 1.567
0.356, -0.186, 1.575
0.372, -0.175, 1.589
0.359, -0.162, 1.591
0.345, -0.162, 1.585
0.331, -0.161, 1.579
0.319, -0.149, 1.581
0.307, -0.136, 1.583
0.293, -0.136, 1.577
0.281, -0.123, 1.579
0.267, -0.123, 1.574
0.253, -0.134, 1.560
0.254, -0.122, 1.568
0.252, -0.146, 1.553
0.237, -0.157, 1.539
0.250, -0.158, 1.545
0.236, -0.168, 1.532
0.235, -0.180, 1.525
0.234, -0.191, 1.517
0.220, -0.202, 1.505
0.233, -0.202, 1.510
0.245, -0.203, 1.515
0.257, -0.215, 1.513
0.244, -0.214, 1.508
0.270, -0.216, 1.519
0.282, -0.227, 1.517
0.269, -0.227, 1.511
0.295, -0.228, 1.522
0.307, -0.240, 1.520
0.294, -0.239, 1.515
0.320, -0.241, 1.526
0.334, -0.242, 1.531
0.319, -0.252, 1.518
0.332, -0.253, 1.524
0.347, -0.243, 1.536
0.349, -0.232, 1.544
0.295, -0.124, 1.585
0.321, -0.137, 1.589
0.333, -0.149, 1.587
0.374, -0.163, 1.597
0.370, -0.186, 1.581
RegionID:6
Center:-0.241,-0.026,1.657
Normal:-0.676,-0.330,-0.659
NumPatches:54
-0.208, -0.076, 1.647
-0.224, -0.090, 1.671
-0.223, -0.077, 1.663
-0.207, -0.062, 1.639
-0.206, -0.049, 1.631
-0.205, -0.036, 1.624
-0.189, -0.022, 1.601
-0.188, -0.010, 1.594
-0.187, 0.003, 1.587
-0.172, 0.016, 1.565
-0.171, 0.028, 1.558
-0.185, 0.041, 1.565
-0.198, 0.053, 1.573
-0.212, 0.066, 1.580
-0.225, 0.079, 1.588
-0.240, 0.080, 1.603
-0.257, 0.068, 1.625
-0.256, 0.081, 1.618
-0.239, 0.093, 1.595
-0.258, 0.056, 1.633
-0.259, 0.043, 1.641
-0.276, 0.030, 1.664
-0.260, 0.030, 1.648
-0.278, 0.017, 1.672
-0.279, 0.003, 1.680
-0.280, -0.010, 1.689
-0.298, -0.024, 1.714
-0.282, -0.024, 1.697
-0.300, -0.038, 1.722
-0.301, -0.052, 1.731
-0.303, -0.066, 1.740
-0.322, -0.081, 1.767
-0.304, -0.080, 1.748
-0.323, -0.096, 1.776
-0.306, -0.095, 1.758
-0.290, -0.108, 1.748
-0.307, -0.110, 1.766
-0.292, -0.123, 1.757
-0.275, -0.122, 1.739
-0.260, -0.135, 1.730
-0.276, -0.136, 1.748
-0.261, -0.150, 1.739
-0.243, -0.134, 1.713
-0.242, -0.119, 1.704
-0.225, -0.104, 1.679
-0.226, -0.118, 1.687
-0.244, -0.148, 1.721
-0.246, -0.163, 1.730
-0.211, 0.079, 1.573
-0.197, 0.066, 1.566
-0.184, 0.053, 1.558
-0.171, 0.040, 1.551
-0.173, 0.003, 1.572
-0.190, -0.035, 1.608
RegionID:7
Center:-0.138,0.117,1.613
Normal:0.306,0.743,-0.595
NumPatches:34
-0.121, 0.065, 1.557
-0.133, 0.065, 1.551
-0.147, 0.078, 1.560
-0.160, 0.091, 1.569
-0.174, 0.104, 1.579
-0.187, 0.118, 1.588
-0.201, 0.131, 1.598
-0.203, 0.145, 1.615
-0.191, 0.146, 1.622
-0.179, 0.147, 1.629
-0.189, 0.132, 1.605
-0.175, 0.118, 1.595
-0.162, 0.105, 1.586
-0.148, 0.091, 1.576
-0.135, 0.078, 1.567
-0.123, 0.079, 1.573
-0.111, 0.079, 1.580
-0.099, 0.093, 1.603
-0.088, 0.107, 1.627
-0.101, 0.121, 1.637
-0.115, 0.135, 1.647
-0.129, 0.149, 1.658
-0.143, 0.163, 1.668
-0.156, 0.163, 1.661
-0.167, 0.147, 1.636
-0.169, 0.162, 1.654
-0.131, 0.164, 1.676
-0.117, 0.150, 1.665
-0.103, 0.136, 1.655
-0.089, 0.122, 1.644
-0.075, 0.108, 1.634
-0.087, 0.093, 1.610
-0.098, 0.079, 1.587
-0.074, 0.094, 1.617
RegionID:8
Center:-0.383,0.285,1.097
Normal:-0.147,-0.901,-0.409
NumPatches:91
-0.291, 0.319, 0.990
-0.296, 0.324, 0.981
-0.305, 0.324, 0.983
-0.313, 0.325, 0.984
-0.321, 0.325, 0.986
-0.330, 0.326, 0.988
-0.335, 0.331, 0.979
-0.343, 0.332, 0.981
-0.352, 0.332, 0.983
-0.356, 0.337, 0.974
-0.365, 0.338, 0.976
-0.373, 0.338, 0.977
-0.382, 0.339, 0.979
-0.390, 0.339, 0.981
-0.395, 0.344, 0.972
-0.403, 0.345, 0.974
-0.412, 0.345, 0.975
-0.416, 0.350, 0.967
-0.429, 0.347, 0.979
-0.433, 0.351, 0.970
-0.424, 0.351, 0.969
-0.433, 0.342, 0.989
-0.429, 0.337, 0.998
-0.438, 0.338, 1.000
-0.434, 0.333, 1.010
-0.439, 0.329, 1.021
-0.435, 0.324, 1.031
-0.444, 0.324, 1.032
-0.440, 0.319, 1.042
-0.445, 0.314, 1.054
-0.441, 0.309, 1.065
-0.450, 0.309, 1.067
-0.446, 0.304, 1.077
-0.442, 0.298, 1.088
-0.451, 0.299, 1.090
-0.447, 0.293, 1.101
-0.453, 0.288, 1.115
-0.458, 0.282, 1.129
-0.454, 0.276, 1.141
-0.464, 0.277, 1.143
-0.460, 0.270, 1.156
-0.466, 0.265, 1.171
-0.462, 0.258, 1.184
-0.472, 0.259, 1.187
-0.468, 0.252, 1.200
-0.464, 0.245, 1.214
-0.474, 0.246, 1.216
-0.470, 0.239, 1.230
-0.466, 0.232, 1.245
-0.477, 0.232, 1.248
-0.455, 0.231, 1.242
-0.450, 0.224, 1.257
-0.461, 0.224, 1.260
-0.439, 0.223, 1.254
-0.428, 0.223, 1.251
-0.417, 0.222, 1.248
-0.412, 0.215, 1.263
-0.423, 0.215, 1.266
-0.401, 0.214, 1.260
-0.390, 0.214, 1.258
-0.379, 0.213, 1.255
-0.373, 0.206, 1.270
-0.384, 0.206, 1.273
-0.362, 0.205, 1.267
-0.346, 0.212, 1.246
-0.342, 0.219, 1.229
-0.337, 0.225, 1.212
-0.332, 0.232, 1.196
-0.328, 0.238, 1.180
-0.324, 0.244, 1.164
-0.319, 0.250, 1.149
-0.325, 0.257, 1.137
-0.321, 0.263, 1.123
-0.317, 0.268, 1.109
-0.313, 0.274, 1.095
-0.309, 0.279, 1.082
-0.306, 0.284, 1.070
-0.302, 0.289, 1.057
-0.299, 0.295, 1.044
-0.295, 0.299, 1.033
-0.301, 0.305, 1.023
-0.297, 0.310, 1.012
-0.294, 0.314, 1.001
-0.292, 0.304, 1.021
-0.315, 0.256, 1.135
-0.351, 0.205, 1.264
-0.407, 0.349, 0.965
-0.386, 0.343, 0.970
-0.348, 0.336, 0.972
-0.326, 0.330, 0.977
-0.288, 0.323, 0.979
RegionID:9
Center:0.124,0.321,1.329
Normal:0.271,-0.963,-0.005
NumPatches:48
0.120, 0.319, 1.463
0.107, 0.315, 1.447
0.098, 0.313, 1.489
0.085, 0.309, 1.472
0.073, 0.306, 1.456
0.060, 0.302, 1.440
0.048, 0.299, 1.424
0.038, 0.296, 1.465
0.026, 0.293, 1.449
0.058, 0.302, 1.385
0.067, 0.305, 1.348
0.079, 0.308, 1.362
0.070, 0.305, 1.400
0.088, 0.310, 1.327
0.096, 0.313, 1.293
0.103, 0.315, 1.262
0.115, 0.318, 1.274
0.107, 0.316, 1.306
0.099, 0.314, 1.341
0.091, 0.311, 1.377
0.094, 0.312, 1.431
0.115, 0.318, 1.407
0.123, 0.320, 1.369
0.136, 0.324, 1.384
0.128, 0.321, 1.422
0.143, 0.326, 1.347
0.126, 0.322, 1.286
0.122, 0.321, 1.243
0.129, 0.323, 1.213
0.135, 0.325, 1.186
0.146, 0.328, 1.196
0.140, 0.326, 1.225
0.133, 0.324, 1.255
0.150, 0.328, 1.312
0.162, 0.331, 1.326
0.155, 0.329, 1.361
0.148, 0.327, 1.398
0.168, 0.333, 1.292
0.174, 0.335, 1.260
0.157, 0.331, 1.207
0.168, 0.334, 1.219
0.180, 0.337, 1.230
0.191, 0.340, 1.242
0.186, 0.338, 1.272
0.180, 0.337, 1.305
0.174, 0.335, 1.339
0.196, 0.342, 1.212
0.208, 0.345, 1.224
RegionID:10
Center:0.064,0.412,1.317
Normal:0.432,0.156,-0.888
NumPatches:21
0.066, 0.380, 1.312
0.055, 0.368, 1.305
0.055, 0.379, 1.307
0.044, 0.388, 1.303
0.044, 0.399, 1.305
0.044, 0.410, 1.307
0.045, 0.421, 1.309
0.034, 0.431, 1.306
0.045, 0.433, 1.311
0.055, 0.434, 1.316
0.066, 0.436, 1.322
0.077, 0.450, 1.330
0.088, 0.440, 1.333
0.077, 0.438, 1.328
0.088, 0.429, 1.331
0.088, 0.417, 1.329
0.077, 0.405, 1.322
0.066, 0.392, 1.314
0.055, 0.390, 1.309
0.077, 0.393, 1.320
0.088, 0.406, 1.327
RegionID:11
Center:0.171,0.429,1.178
Normal:0.430,0.156,-0.889
NumPatches:61
0.160, 0.345, 1.158
0.150, 0.343, 1.152
0.140, 0.342, 1.148
0.130, 0.340, 1.143
0.130, 0.350, 1.145
0.131, 0.360, 1.146
0.131, 0.370, 1.148
0.121, 0.378, 1.145
0.122, 0.388, 1.147
0.122, 0.397, 1.149
0.122, 0.407, 1.151
0.112, 0.415, 1.147
0.113, 0.425, 1.149
0.113, 0.435, 1.151
0.103, 0.443, 1.148
0.103, 0.453, 1.150
0.104, 0.463, 1.151
0.104, 0.473, 1.154
0.094, 0.481, 1.150
0.104, 0.483, 1.155
0.114, 0.485, 1.160
0.124, 0.487, 1.165
0.134, 0.499, 1.172
0.144, 0.502, 1.178
0.133, 0.489, 1.171
0.154, 0.504, 1.183
0.164, 0.506, 1.188
0.174, 0.508, 1.194
0.185, 0.511, 1.199
0.195, 0.513, 1.204
0.206, 0.515, 1.210
0.216, 0.518, 1.215
0.216, 0.507, 1.213
0.216, 0.497, 1.211
0.215, 0.486, 1.209
0.226, 0.478, 1.213
0.215, 0.476, 1.207
0.225, 0.467, 1.211
0.225, 0.457, 1.209
0.225, 0.447, 1.207
0.235, 0.438, 1.211
0.224, 0.436, 1.205
0.234, 0.428, 1.209
0.234, 0.417, 1.207
0.234, 0.407, 1.204
0.244, 0.399, 1.208
0.233, 0.397, 1.203
0.244, 0.388, 1.206
0.233, 0.376, 1.198
0.222, 0.364, 1.191
0.211, 0.363, 1.186
0.201, 0.361, 1.181
0.190, 0.360, 1.175
0.180, 0.358, 1.170
0.170, 0.356, 1.165
0.160, 0.355, 1.160
0.232, 0.366, 1.197
0.243, 0.378, 1.204
0.113, 0.445, 1.153
0.122, 0.417, 1.152
0.131, 0.380, 1.150
RegionID:12
Center:-0.344,0.416,0.995
Normal:0.197,0.430,-0.881
NumPatches:75
-0.271, 0.466, 1.036
-0.280, 0.476, 1.039
-0.288, 0.475, 1.036
-0.296, 0.474, 1.034
-0.303, 0.473, 1.032
-0.312, 0.482, 1.035
-0.320, 0.481, 1.032
-0.328, 0.480, 1.030
-0.335, 0.479, 1.028
-0.343, 0.478, 1.026
-0.350, 0.477, 1.023
-0.358, 0.476, 1.022
-0.365, 0.475, 1.020
-0.372, 0.474, 1.017
-0.380, 0.473, 1.015
-0.387, 0.472, 1.013
-0.394, 0.471, 1.010
-0.401, 0.470, 1.009
-0.409, 0.469, 1.007
-0.414, 0.458, 1.000
-0.419, 0.447, 0.994
-0.412, 0.448, 0.996
-0.418, 0.437, 0.990
-0.422, 0.426, 0.983
-0.415, 0.427, 0.985
-0.421, 0.417, 0.979
-0.426, 0.407, 0.973
-0.419, 0.407, 0.975
-0.424, 0.397, 0.968
-0.429, 0.387, 0.962
-0.422, 0.387, 0.964
-0.427, 0.377, 0.958
-0.420, 0.378, 0.960
-0.413, 0.379, 0.962
-0.405, 0.370, 0.960
-0.412, 0.370, 0.958
-0.398, 0.371, 0.962
-0.391, 0.372, 0.963
-0.384, 0.372, 0.965
-0.375, 0.364, 0.963
-0.382, 0.363, 0.961
-0.368, 0.365, 0.965
-0.361, 0.365, 0.967
-0.354, 0.366, 0.969
-0.346, 0.358, 0.967
-0.353, 0.357, 0.965
-0.339, 0.358, 0.968
-0.332, 0.359, 0.970
-0.324, 0.359, 0.972
-0.316, 0.351, 0.970
-0.323, 0.350, 0.968
-0.309, 0.352, 0.972
-0.302, 0.352, 0.974
-0.295, 0.353, 0.976
-0.286, 0.345, 0.973
-0.293, 0.344, 0.972
-0.280, 0.355, 0.980
-0.281, 0.364, 0.984
-0.283, 0.374, 0.989
-0.276, 0.384, 0.995
-0.278, 0.394, 0.999
-0.279, 0.403, 1.003
-0.273, 0.414, 1.010
-0.274, 0.424, 1.015
-0.275, 0.434, 1.020
-0.269, 0.446, 1.026
-0.270, 0.456, 1.031
-0.264, 0.467, 1.038
-0.273, 0.477, 1.040
-0.268, 0.435, 1.022
-0.271, 0.404, 1.006
-0.275, 0.374, 0.991
-0.279, 0.345, 0.975
-0.416, 0.468, 1.005
-0.305, 0.483, 1.036
