NumRegions:12
RegionID:0
Center:-0.020,-0.133,2.033
Normal:0.020,-0.690,-0.723
NumPatches:969
-0.380, 0.422, 1.496
-0.394, 0.412, 1.505
-0.392, 0.422, 1.496
-0.378, 0.432, 1.488
-0.376, 0.441, 1.479
-0.374, 0.450, 1.471
-0.372, 0.459, 1.463
-0.370, 0.469, 1.455
-0.368, 0.478, 1.447
-0.354, 0.486, 1.439
-0.352, 0.495, 1.431
-0.350, 0.504, 1.424
-0.348, 0.513, 1.416
-0.346, 0.521, 1.409
-0.345, 0.530, 1.401
-0.332, 0.538, 1.394
-0.330, 0.546, 1.387
-0.328, 0.555, 1.380
-0.327, 0.563, 1.373
-0.325, 0.571, 1.366
-0.323, 0.579, 1.359
-0.322, 0.587, 1.352
-0.309, 0.594, 1.345
-0.308, 0.602, 1.339
-0.306, 0.610, 1.332
-0.315, 0.617, 1.325
-0.326, 0.617, 1.325
-0.336, 0.617, 1.325
-0.347, 0.617, 1.325
-0.358, 0.617, 1.325
-0.368, 0.617, 1.324
-0.379, 0.617, 1.324
-0.389, 0.617, 1.324
-0.400, 0.617, 1.324
-0.410, 0.617, 1.324
-0.421, 0.617, 1.323
-0.431, 0.616, 1.323
-0.442, 0.616, 1.323
-0.452, 0.616, 1.323
-0.463, 0.616, 1.323
-0.473, 0.616, 1.322
-0.484, 0.616, 1.322
-0.494, 0.616, 1.322
-0.505, 0.616, 1.322
-0.515, 0.616, 1.322
-0.526, 0.616, 1.321
-0.536, 0.615, 1.321
-0.547, 0.615, 1.321
-0.557, 0.615, 1.321
-0.568, 0.615, 1.321
-0.578, 0.615, 1.320
-0.589, 0.615, 1.320
-0.599, 0.615, 1.320
-0.610, 0.615, 1.320
-0.620, 0.615, 1.320
-0.631, 0.615, 1.320
-0.641, 0.615, 1.319
-0.651, 0.614, 1.319
-0.662, 0.614, 1.319
-0.672, 0.614, 1.319
-0.683, 0.614, 1.319
-0.693, 0.614, 1.318
-0.704, 0.614, 1.318
-0.714, 0.614, 1.318
-0.725, 0.614, 1.318
-0.735, 0.614, 1.318
-0.745, 0.614, 1.317
-0.756, 0.613, 1.317
-0.766, 0.613, 1.317
-0.777, 0.613, 1.317
-0.787, 0.613, 1.317
-0.798, 0.613, 1.316
-0.808, 0.613, 1.316
-0.822, 0.606, 1.322
-0.818, 0.613, 1.316
-0.826, 0.598, 1.329
-0.831, 0.590, 1.335
-0.835, 0.582, 1.342
-0.839, 0.574, 1.349
-0.843, 0.567, 1.356
-0.847, 0.559, 1.363
-0.852, 0.550, 1.369
-0.856, 0.542, 1.377
-0.861, 0.534, 1.384
-0.865, 0.526, 1.391
-0.870, 0.517, 1.398
-0.874, 0.509, 1.406
-0.879, 0.500, 1.413
-0.884, 0.491, 1.421
-0.888, 0.483, 1.428
-0.893, 0.474, 1.436
-0.898, 0.465, 1.444
-0.903, 0.456, 1.452
-0.908, 0.447, 1.460
-0.913, 0.437, 1.468
-0.918, 0.428, 1.476
-0.924, 0.419, 1.485
-0.929, 0.409, 1.493
-0.934, 0.400, 1.502
-0.940, 0.390, 1.511
-0.945, 0.380, 1.519
-0.951, 0.370, 1.528
-0.956, 0.360, 1.538
-0.962, 0.350, 1.547
-0.968, 0.339, 1.556
-0.974, 0.329, 1.565
-0.979, 0.318, 1.575
-0.986, 0.307, 1.585
-0.992, 0.297, 1.595
-0.998, 0.286, 1.605
-1.004, 0.274, 1.615
-1.010, 0.263, 1.625
-1.017, 0.252, 1.635
-1.024, 0.240, 1.646
-1.030, 0.229, 1.656
-1.037, 0.217, 1.667
-1.044, 0.205, 1.678
-1.051, 0.193, 1.689
-1.057, 0.180, 1.700
-1.065, 0.168, 1.712
-1.072, 0.155, 1.723
-1.079, 0.142, 1.735
-1.087, 0.129, 1.747
-1.094, 0.116, 1.759
-1.102, 0.103, 1.772
-1.110, 0.089, 1.784
-1.118, 0.075, 1.797
-1.126, 0.062, 1.810
-1.134, 0.047, 1.823
-1.142, 0.033, 1.836
-1.150, 0.018, 1.850
-1.159, 0.004, 1.864
-1.168, -0.011, 1.878
-1.177, -0.026, 1.892
-1.185, -0.042, 1.906
-1.195, -0.058, 1.921
-1.204, -0.074, 1.936
-1.213, -0.090, 1.951
-1.223, -0.106, 1.966
-1.233, -0.123, 1.982
-1.242, -0.140, 1.998
-1.253, -0.157, 2.014
-1.263, -0.175, 2.030
-1.273, -0.192, 2.047
-1.284, -0.211, 2.064
-1.295, -0.229, 2.082
-1.305, -0.248, 2.099
-1.317, -0.267, 2.117
-1.328, -0.286, 2.135
-1.340, -0.306, 2.154
-1.351, -0.326, 2.173
-1.363, -0.346, 2.192
-1.376, -0.367, 2.212
-1.388, -0.388, 2.232
-1.401, -0.410, 2.252
-1.414, -0.432, 2.273
-1.427, -0.454, 2.295
-1.441, -0.477, 2.316
-1.454, -0.500, 2.338
-1.468, -0.524, 2.361
-1.483, -0.548, 2.384
-1.497, -0.573, 2.407
-1.512, -0.598, 2.431
-1.527, -0.624, 2.455
-1.543, -0.650, 2.480
-1.558, -0.676, 2.506
-1.575, -0.704, 2.532
-1.591, -0.732, 2.558
-1.608, -0.760, 2.585
-1.625, -0.789, 2.613
-1.643, -0.819, 2.641
-1.661, -0.849, 2.670
-1.679, -0.880, 2.700
-1.698, -0.912, 2.730
-1.717, -0.944, 2.761
-1.737, -0.978, 2.793
-1.758, -1.012, 2.826
-1.778, -1.046, 2.859
-1.799, -1.082, 2.893
-1.821, -1.119, 2.928
-1.843, -1.156, 2.964
-1.866, -1.194, 3.001
-1.890, -1.233, 3.038
-1.914, -1.274, 3.077
-1.938, -1.315, 3.117
-1.964, -1.358, 3.157
-1.990, -1.401, 3.199
-2.016, -1.446, 3.242
-2.044, -1.492, 3.286
-2.046, -1.540, 3.332
-2.072, -1.539, 3.331
-2.020, -1.540, 3.334
-1.994, -1.541, 3.335
-1.969, -1.541, 3.336
-1.943, -1.542, 3.338
-1.917, -1.543, 3.339
-1.891, -1.543, 3.341
-1.865, -1.544, 3.342
-1.839, -1.544, 3.343
-1.813, -1.545, 3.344
-1.787, -1.546, 3.346
-1.761, -1.546, 3.347
-1.734, -1.547, 3.348
-1.708, -1.548, 3.350
-1.682, -1.548, 3.351
-1.656, -1.549, 3.352
-1.630, -1.549, 3.354
-1.604, -1.550, 3.355
-1.577, -1.551, 3.356
-1.551, -1.551, 3.358
-1.525, -1.552, 3.359
-1.499, -1.552, 3.360
-1.472, -1.553, 3.362
-1.446, -1.554, 3.363
-1.420, -1.554, 3.364
-1.393, -1.555, 3.366
-1.367, -1.555, 3.367
-1.341, -1.556, 3.368
-1.314, -1.557, 3.370
-1.288, -1.557, 3.371
-1.261, -1.558, 3.372
-1.235, -1.559, 3.374
-1.208, -1.559, 3.375
-1.182, -1.560, 3.376
-1.155, -1.560, 3.378
-1.129, -1.561, 3.379
-1.102, -1.562, 3.380
-1.075, -1.562, 3.382
-1.049, -1.563, 3.383
-1.022, -1.564, 3.385
-0.995, -1.564, 3.386
-0.969, -1.565, 3.387
-0.942, -1.566, 3.388
-0.915, -1.566, 3.390
-0.888, -1.567, 3.391
-0.862, -1.567, 3.393
-0.835, -1.568, 3.394
-0.808, -1.569, 3.395
-0.781, -1.569, 3.397
-0.754, -1.570, 3.398
-0.727, -1.571, 3.400
-0.701, -1.571, 3.401
-0.674, -1.572, 3.402
-0.647, -1.572, 3.404
-0.620, -1.573, 3.405
-0.584, -1.525, 3.359
-0.576, -1.478, 3.313
-0.569, -1.431, 3.268
-0.561, -1.386, 3.224
-0.554, -1.343, 3.182
-0.546, -1.300, 3.141
-0.539, -1.259, 3.100
-0.533, -1.218, 3.061
-0.526, -1.179, 3.023
-0.519, -1.140, 2.986
-0.513, -1.103, 2.949
-0.507, -1.066, 2.914
-0.484, -1.067, 2.915
-0.461, -1.067, 2.916
-0.432, -1.032, 2.882
-0.409, -1.032, 2.883
-0.438, -1.068, 2.917
-0.382, -0.998, 2.850
-0.359, -0.998, 2.851
-0.386, -1.032, 2.884
-0.333, -0.964, 2.819
-0.310, -0.964, 2.820
-0.337, -0.998, 2.852
-0.288, -0.965, 2.821
-0.265, -0.965, 2.822
-0.240, -0.932, 2.790
-0.259, -0.899, 2.758
-0.278, -0.867, 2.726
-0.296, -0.835, 2.695
-0.293, -0.805, 2.665
-0.290, -0.775, 2.637
-0.287, -0.746, 2.608
-0.284, -0.717, 2.581
-0.281, -0.690, 2.554
-0.258, -0.662, 2.528
-0.235, -0.636, 2.503
-0.213, -0.610, 2.478
-0.211, -0.584, 2.453
-0.190, -0.559, 2.430
-0.168, -0.534, 2.407
-0.186, -0.510, 2.382
-0.203, -0.486, 2.359
-0.222, -0.486, 2.358
-0.240, -0.486, 2.358
-0.257, -0.462, 2.335
-0.275, -0.462, 2.334
-0.294, -0.462, 2.333
-0.310, -0.439, 2.311
-0.328, -0.439, 2.310
-0.346, -0.439, 2.310
-0.361, -0.416, 2.287
-0.380, -0.416, 2.286
-0.394, -0.394, 2.265
-0.412, -0.394, 2.264
-0.430, -0.394, 2.264
-0.426, -0.372, 2.243
-0.422, -0.351, 2.223
-0.419, -0.330, 2.203
-0.415, -0.310, 2.183
-0.411, -0.290, 2.164
-0.391, -0.270, 2.146
-0.387, -0.251, 2.128
-0.384, -0.232, 2.109
-0.364, -0.213, 2.092
-0.361, -0.195, 2.075
-0.342, -0.177, 2.058
-0.339, -0.159, 2.041
-0.336, -0.142, 2.024
-0.317, -0.125, 2.008
-0.315, -0.108, 1.992
-0.312, -0.091, 1.977
-0.294, -0.075, 1.961
-0.292, -0.058, 1.946
-0.274, -0.043, 1.932
-0.272, -0.027, 1.917
-0.270, -0.011, 1.902
-0.253, 0.004, 1.889
-0.251, 0.019, 1.874
-0.249, 0.033, 1.861
-0.233, 0.048, 1.847
-0.231, 0.062, 1.834
-0.229, 0.076, 1.820
-0.213, 0.090, 1.808
-0.212, 0.104, 1.795
-0.196, 0.118, 1.782
-0.195, 0.131, 1.770
-0.193, 0.144, 1.758
-0.179, 0.144, 1.758
-0.165, 0.144, 1.758
-0.151, 0.144, 1.759
-0.137, 0.144, 1.759
-0.123, 0.144, 1.759
-0.109, 0.144, 1.760
-0.095, 0.144, 1.760
-0.082, 0.131, 1.773
-0.096, 0.131, 1.772
-0.067, 0.131, 1.773
-0.053, 0.131, 1.774
-0.039, 0.118, 1.786
-0.054, 0.118, 1.786
-0.025, 0.118, 1.787
-0.011, 0.118, 1.787
0.004, 0.104, 1.800
-0.011, 0.104, 1.800
0.018, 0.104, 1.801
0.032, 0.104, 1.801
0.047, 0.091, 1.815
0.033, 0.091, 1.814
0.062, 0.091, 1.815
0.062, 0.077, 1.828
0.063, 0.063, 1.842
0.063, 0.048, 1.855
0.064, 0.034, 1.869
0.064, 0.019, 1.883
0.064, 0.004, 1.897
0.050, -0.011, 1.911
0.065, -0.011, 1.912
0.050, -0.027, 1.926
0.035, -0.043, 1.940
0.050, -0.043, 1.941
0.035, -0.059, 1.955
0.035, -0.075, 1.971
0.020, -0.091, 1.986
0.036, -0.091, 1.987
0.020, -0.108, 2.002
0.020, -0.125, 2.018
0.004, -0.142, 2.034
0.020, -0.142, 2.035
0.004, -0.160, 2.051
0.004, -0.178, 2.068
-0.013, -0.196, 2.085
0.004, -0.196, 2.086
-0.013, -0.214, 2.103
-0.013, -0.233, 2.121
-0.030, -0.252, 2.139
-0.013, -0.252, 2.139
-0.030, -0.272, 2.158
-0.048, -0.292, 2.176
-0.030, -0.292, 2.176
-0.048, -0.312, 2.195
-0.049, -0.332, 2.215
-0.067, -0.353, 2.234
-0.049, -0.353, 2.235
-0.068, -0.374, 2.255
-0.068, -0.396, 2.276
-0.087, -0.418, 2.297
-0.069, -0.418, 2.297
-0.088, -0.440, 2.318
-0.089, -0.463, 2.340
-0.109, -0.487, 2.362
-0.090, -0.487, 2.363
-0.071, -0.487, 2.363
-0.052, -0.487, 2.364
-0.033, -0.464, 2.342
-0.014, -0.464, 2.343
-0.033, -0.487, 2.365
0.005, -0.464, 2.344
0.023, -0.464, 2.344
0.042, -0.464, 2.345
0.061, -0.464, 2.345
0.081, -0.488, 2.369
0.062, -0.488, 2.368
0.081, -0.512, 2.392
0.100, -0.512, 2.392
0.121, -0.537, 2.417
0.101, -0.536, 2.416
0.122, -0.561, 2.441
0.142, -0.562, 2.441
0.163, -0.587, 2.467
0.143, -0.587, 2.466
0.164, -0.613, 2.492
0.186, -0.640, 2.519
0.166, -0.639, 2.518
0.188, -0.667, 2.545
0.209, -0.667, 2.545
0.227, -0.640, 2.520
0.224, -0.614, 2.494
0.242, -0.588, 2.470
0.240, -0.562, 2.445
0.257, -0.538, 2.422
0.273, -0.513, 2.398
0.271, -0.489, 2.375
0.287, -0.466, 2.353
0.284, -0.443, 2.331
0.300, -0.420, 2.310
0.316, -0.398, 2.289
0.313, -0.376, 2.267
0.328, -0.355, 2.247
0.325, -0.334, 2.227
0.340, -0.314, 2.208
0.337, -0.293, 2.188
0.351, -0.273, 2.169
0.348, -0.254, 2.151
0.363, -0.235, 2.133
0.359, -0.216, 2.115
0.373, -0.197, 2.097
0.387, -0.179, 2.080
0.384, -0.161, 2.062
0.397, -0.143, 2.046
0.394, -0.126, 2.029
0.407, -0.109, 2.013
0.423, -0.109, 2.014
0.410, -0.126, 2.030
0.439, -0.109, 2.014
0.455, -0.109, 2.015
0.472, -0.109, 2.015
0.488, -0.109, 2.016
0.504, -0.109, 2.016
0.520, -0.109, 2.017
0.537, -0.109, 2.017
0.553, -0.109, 2.018
0.569, -0.109, 2.018
0.590, -0.126, 2.035
0.574, -0.126, 2.035
0.595, -0.144, 2.052
0.612, -0.144, 2.052
0.628, -0.144, 2.053
0.650, -0.162, 2.070
0.633, -0.161, 2.070
0.667, -0.162, 2.071
0.689, -0.180, 2.089
0.672, -0.180, 2.089
0.695, -0.198, 2.107
0.712, -0.198, 2.108
0.729, -0.198, 2.108
0.753, -0.217, 2.127
0.735, -0.217, 2.126
0.770, -0.217, 2.127
0.794, -0.236, 2.146
0.777, -0.236, 2.145
0.801, -0.255, 2.165
0.818, -0.256, 2.165
0.826, -0.275, 2.184
0.833, -0.295, 2.204
0.841, -0.316, 2.224
0.830, -0.336, 2.243
0.848, -0.337, 2.244
0.838, -0.358, 2.264
0.827, -0.379, 2.285
0.816, -0.401, 2.305
0.835, -0.401, 2.306
0.824, -0.424, 2.327
0.813, -0.446, 2.349
0.832, -0.446, 2.349
0.820, -0.470, 2.371
0.809, -0.493, 2.394
0.798, -0.517, 2.417
0.817, -0.517, 2.418
0.806, -0.542, 2.441
0.794, -0.567, 2.465
0.782, -0.592, 2.489
0.802, -0.593, 2.490
0.790, -0.619, 2.515
0.777, -0.645, 2.540
0.798, -0.645, 2.541
0.785, -0.673, 2.567
0.773, -0.700, 2.593
0.760, -0.728, 2.620
0.781, -0.729, 2.621
0.768, -0.758, 2.649
0.755, -0.787, 2.677
0.777, -0.787, 2.678
0.763, -0.818, 2.707
0.750, -0.848, 2.736
0.736, -0.880, 2.767
0.758, -0.880, 2.768
0.744, -0.912, 2.799
0.730, -0.945, 2.830
0.716, -0.979, 2.863
0.701, -1.014, 2.896
0.686, -1.049, 2.930
0.670, -1.085, 2.965
0.646, -1.085, 2.964
0.622, -1.084, 2.963
0.598, -1.084, 2.961
0.574, -1.084, 2.961
0.550, -1.083, 2.960
0.533, -1.120, 2.995
0.509, -1.120, 2.994
0.503, -1.082, 2.958
0.497, -1.046, 2.922
0.520, -1.046, 2.923
0.527, -1.083, 2.959
0.540, -1.158, 3.033
0.547, -1.198, 3.071
0.554, -1.238, 3.111
0.535, -1.279, 3.150
0.561, -1.279, 3.151
0.542, -1.321, 3.191
0.550, -1.365, 3.234
0.557, -1.409, 3.278
0.565, -1.455, 3.323
0.573, -1.503, 3.369
0.581, -1.551, 3.417
0.617, -1.602, 3.467
0.589, -1.601, 3.466
0.645, -1.602, 3.469
0.673, -1.603, 3.470
0.701, -1.604, 3.471
0.729, -1.605, 3.473
0.757, -1.605, 3.474
0.786, -1.606, 3.476
0.814, -1.606, 3.477
0.842, -1.607, 3.478
0.870, -1.608, 3.480
0.898, -1.608, 3.481
0.926, -1.609, 3.483
0.955, -1.610, 3.484
0.983, -1.610, 3.486
1.011, -1.611, 3.487
1.040, -1.612, 3.489
1.068, -1.612, 3.490
1.096, -1.613, 3.491
1.125, -1.614, 3.493
1.153, -1.614, 3.494
1.182, -1.615, 3.496
1.210, -1.616, 3.497
1.238, -1.616, 3.499
1.267, -1.617, 3.500
1.295, -1.618, 3.501
1.324, -1.618, 3.503
1.353, -1.619, 3.504
1.381, -1.620, 3.506
1.410, -1.620, 3.507
1.439, -1.621, 3.509
1.467, -1.622, 3.510
1.496, -1.622, 3.512
1.525, -1.623, 3.513
1.553, -1.624, 3.515
1.582, -1.624, 3.516
1.611, -1.625, 3.518
1.640, -1.626, 3.519
1.669, -1.626, 3.520
1.697, -1.627, 3.522
1.726, -1.628, 3.523
1.755, -1.628, 3.525
1.784, -1.629, 3.526
1.813, -1.630, 3.528
1.842, -1.630, 3.529
1.871, -1.631, 3.530
1.900, -1.632, 3.532
1.929, -1.633, 3.534
1.958, -1.633, 3.535
1.988, -1.634, 3.537
2.017, -1.634, 3.538
2.046, -1.635, 3.540
2.075, -1.636, 3.541
2.104, -1.637, 3.543
2.133, -1.637, 3.544
2.163, -1.638, 3.546
2.192, -1.639, 3.547
2.189, -1.588, 3.497
2.158, -1.537, 3.447
2.127, -1.489, 3.399
2.098, -1.441, 3.351
2.069, -1.395, 3.305
2.041, -1.350, 3.261
2.014, -1.306, 3.217
1.988, -1.264, 3.175
1.962, -1.222, 3.134
1.937, -1.182, 3.094
1.912, -1.143, 3.055
1.889, -1.104, 3.017
1.865, -1.067, 2.980
1.843, -1.030, 2.944
1.821, -0.995, 2.909
1.799, -0.960, 2.874
1.778, -0.926, 2.841
1.758, -0.893, 2.808
1.737, -0.860, 2.776
1.718, -0.829, 2.744
1.699, -0.798, 2.714
1.680, -0.768, 2.684
1.662, -0.738, 2.655
1.644, -0.709, 2.626
1.626, -0.681, 2.598
1.609, -0.653, 2.571
1.592, -0.626, 2.544
1.576, -0.599, 2.518
1.560, -0.573, 2.492
1.544, -0.548, 2.467
1.529, -0.523, 2.442
1.514, -0.498, 2.418
1.499, -0.474, 2.395
1.485, -0.451, 2.372
1.470, -0.427, 2.349
1.456, -0.405, 2.326
1.443, -0.383, 2.305
1.429, -0.361, 2.283
1.416, -0.339, 2.262
1.403, -0.318, 2.242
1.391, -0.298, 2.222
1.378, -0.277, 2.202
1.366, -0.258, 2.182
1.354, -0.238, 2.163
1.342, -0.219, 2.145
1.331, -0.200, 2.126
1.319, -0.181, 2.108
1.308, -0.163, 2.090
1.297, -0.145, 2.073
1.287, -0.127, 2.056
1.276, -0.110, 2.039
1.266, -0.093, 2.022
1.256, -0.076, 2.006
1.246, -0.060, 1.990
1.236, -0.043, 1.974
1.226, -0.027, 1.959
1.216, -0.012, 1.943
1.207, 0.004, 1.928
1.198, 0.019, 1.914
1.189, 0.034, 1.899
1.180, 0.049, 1.885
1.171, 0.064, 1.871
1.162, 0.078, 1.857
1.154, 0.092, 1.844
1.145, 0.106, 1.830
1.137, 0.120, 1.817
1.129, 0.133, 1.804
1.121, 0.147, 1.791
1.113, 0.160, 1.778
1.106, 0.173, 1.766
1.098, 0.186, 1.754
1.090, 0.199, 1.742
1.083, 0.211, 1.730
1.075, 0.223, 1.718
1.068, 0.236, 1.707
1.061, 0.248, 1.695
1.054, 0.259, 1.684
1.047, 0.271, 1.673
1.041, 0.283, 1.662
1.034, 0.294, 1.651
1.027, 0.305, 1.641
1.021, 0.316, 1.631
1.014, 0.327, 1.621
1.008, 0.338, 1.610
1.002, 0.349, 1.600
0.996, 0.359, 1.591
0.989, 0.370, 1.581
0.983, 0.380, 1.571
0.977, 0.390, 1.562
0.972, 0.400, 1.552
0.966, 0.410, 1.543
0.960, 0.420, 1.534
0.954, 0.430, 1.525
0.949, 0.440, 1.516
0.943, 0.449, 1.507
0.938, 0.459, 1.499
0.933, 0.468, 1.490
0.928, 0.477, 1.482
0.922, 0.486, 1.473
0.917, 0.495, 1.465
0.912, 0.504, 1.457
0.907, 0.513, 1.449
0.902, 0.522, 1.441
0.897, 0.530, 1.433
0.892, 0.539, 1.425
0.888, 0.547, 1.418
0.883, 0.556, 1.410
0.878, 0.564, 1.403
0.874, 0.572, 1.396
0.869, 0.580, 1.388
0.865, 0.588, 1.381
0.860, 0.596, 1.374
0.856, 0.604, 1.367
0.851, 0.612, 1.360
0.847, 0.620, 1.353
0.832, 0.627, 1.347
0.821, 0.627, 1.346
0.810, 0.627, 1.346
0.799, 0.627, 1.345
0.788, 0.627, 1.345
0.778, 0.627, 1.345
0.767, 0.627, 1.345
0.756, 0.627, 1.345
0.745, 0.627, 1.345
0.734, 0.627, 1.345
0.723, 0.627, 1.345
0.712, 0.626, 1.344
0.701, 0.626, 1.344
0.691, 0.626, 1.344
0.680, 0.626, 1.344
0.669, 0.626, 1.344
0.658, 0.626, 1.343
0.647, 0.626, 1.343
0.636, 0.626, 1.343
0.626, 0.626, 1.343
0.615, 0.626, 1.343
0.604, 0.625, 1.342
0.593, 0.625, 1.342
0.582, 0.625, 1.342
0.571, 0.625, 1.342
0.561, 0.625, 1.342
0.550, 0.625, 1.341
0.539, 0.625, 1.341
0.528, 0.625, 1.341
0.517, 0.625, 1.341
0.507, 0.625, 1.341
0.496, 0.624, 1.340
0.485, 0.624, 1.340
0.474, 0.624, 1.340
0.463, 0.624, 1.340
0.453, 0.624, 1.340
0.442, 0.624, 1.339
0.431, 0.624, 1.339
0.420, 0.624, 1.339
0.410, 0.624, 1.339
0.399, 0.624, 1.339
0.388, 0.624, 1.338
0.377, 0.623, 1.338
0.366, 0.623, 1.338
0.356, 0.623, 1.338
0.345, 0.623, 1.338
0.334, 0.623, 1.337
0.323, 0.623, 1.337
0.313, 0.623, 1.337
0.302, 0.623, 1.337
0.291, 0.623, 1.337
0.281, 0.623, 1.336
0.270, 0.622, 1.336
0.259, 0.622, 1.336
0.248, 0.622, 1.336
0.238, 0.622, 1.336
0.227, 0.622, 1.335
0.216, 0.622, 1.335
0.206, 0.622, 1.335
0.195, 0.622, 1.335
0.184, 0.622, 1.335
0.173, 0.622, 1.334
0.163, 0.622, 1.334
0.152, 0.621, 1.333
0.141, 0.621, 1.333
0.131, 0.621, 1.333
0.120, 0.621, 1.333
0.109, 0.621, 1.333
0.099, 0.621, 1.333
0.088, 0.621, 1.333
0.077, 0.621, 1.333
0.067, 0.621, 1.332
0.056, 0.621, 1.332
0.045, 0.620, 1.332
0.035, 0.620, 1.332
0.024, 0.620, 1.332
0.013, 0.613, 1.338
0.003, 0.613, 1.338
-0.008, 0.613, 1.338
-0.019, 0.620, 1.331
-0.008, 0.620, 1.331
0.003, 0.620, 1.331
0.013, 0.620, 1.331
0.013, 0.605, 1.345
0.014, 0.597, 1.351
0.014, 0.589, 1.358
0.014, 0.581, 1.365
0.014, 0.573, 1.372
0.003, 0.565, 1.379
0.014, 0.565, 1.379
0.003, 0.557, 1.386
0.003, 0.549, 1.393
0.003, 0.541, 1.401
-0.008, 0.532, 1.408
0.003, 0.532, 1.408
-0.008, 0.524, 1.415
-0.009, 0.515, 1.423
-0.020, 0.506, 1.430
-0.009, 0.506, 1.430
-0.020, 0.498, 1.438
-0.020, 0.489, 1.446
-0.032, 0.480, 1.454
-0.020, 0.480, 1.454
-0.032, 0.471, 1.462
-0.032, 0.462, 1.470
-0.044, 0.452, 1.478
-0.033, 0.452, 1.478
-0.045, 0.443, 1.486
-0.045, 0.434, 1.495
-0.045, 0.424, 1.503
-0.057, 0.414, 1.512
-0.045, 0.414, 1.512
-0.058, 0.405, 1.521
-0.058, 0.395, 1.530
-0.071, 0.385, 1.539
-0.058, 0.385, 1.539
-0.071, 0.374, 1.548
-0.072, 0.364, 1.557
-0.072, 0.354, 1.567
-0.085, 0.343, 1.576
-0.072, 0.344, 1.576
-0.086, 0.333, 1.586
-0.086, 0.322, 1.595
-0.087, 0.311, 1.605
-0.100, 0.300, 1.615
-0.087, 0.300, 1.615
-0.101, 0.289, 1.625
-0.114, 0.278, 1.635
-0.127, 0.278, 1.635
-0.141, 0.278, 1.635
-0.155, 0.266, 1.645
-0.168, 0.266, 1.645
-0.181, 0.266, 1.644
-0.194, 0.266, 1.644
-0.208, 0.255, 1.654
-0.222, 0.255, 1.654
-0.235, 0.255, 1.654
-0.248, 0.255, 1.653
-0.261, 0.255, 1.653
-0.274, 0.254, 1.653
-0.287, 0.254, 1.652
-0.301, 0.254, 1.652
-0.314, 0.254, 1.651
-0.325, 0.266, 1.641
-0.336, 0.277, 1.630
-0.349, 0.277, 1.630
-0.359, 0.288, 1.619
-0.370, 0.299, 1.609
-0.380, 0.310, 1.599
-0.391, 0.321, 1.589
-0.401, 0.331, 1.579
-0.411, 0.342, 1.569
-0.408, 0.352, 1.559
-0.406, 0.363, 1.549
-0.404, 0.373, 1.541
-0.401, 0.383, 1.531
-0.399, 0.393, 1.522
-0.397, 0.403, 1.514
-0.398, 0.342, 1.569
-0.388, 0.331, 1.579
-0.378, 0.321, 1.589
-0.368, 0.310, 1.599
-0.357, 0.299, 1.609
-0.347, 0.288, 1.620
-0.323, 0.277, 1.631
-0.312, 0.266, 1.641
-0.207, 0.266, 1.644
-0.154, 0.278, 1.635
-0.101, 0.278, 1.636
0.843, 0.627, 1.347
2.221, -1.639, 3.548
0.662, -1.049, 2.929
0.677, -1.013, 2.895
0.724, -1.014, 2.897
0.739, -0.979, 2.864
0.753, -0.946, 2.831
0.772, -0.849, 2.737
0.794, -0.700, 2.594
0.814, -0.567, 2.465
0.828, -0.493, 2.394
0.845, -0.379, 2.285
0.400, -0.161, 2.063
0.390, -0.197, 2.098
0.376, -0.216, 2.115
0.366, -0.254, 2.151
0.355, -0.293, 2.189
0.343, -0.334, 2.227
0.331, -0.376, 2.268
0.319, -0.420, 2.310
0.303, -0.443, 2.332
0.290, -0.489, 2.376
0.276, -0.538, 2.422
0.259, -0.563, 2.446
0.244, -0.614, 2.495
0.229, -0.667, 2.546
0.211, -0.695, 2.572
0.232, -0.695, 2.573
0.234, -0.723, 2.600
-0.197, 0.104, 1.795
-0.215, 0.076, 1.821
-0.234, 0.033, 1.861
-0.255, -0.011, 1.903
-0.276, -0.058, 1.947
-0.297, -0.091, 1.977
-0.320, -0.142, 2.025
-0.344, -0.195, 2.075
-0.367, -0.232, 2.110
-0.394, -0.290, 2.165
-0.376, -0.394, 2.266
-0.343, -0.416, 2.288
-0.291, -0.439, 2.311
-0.238, -0.462, 2.335
-0.184, -0.486, 2.359
-0.167, -0.510, 2.383
-0.148, -0.510, 2.384
-0.149, -0.534, 2.407
-0.170, -0.559, 2.430
-0.191, -0.584, 2.454
-0.215, -0.636, 2.504
-0.238, -0.662, 2.529
-0.261, -0.690, 2.555
-0.275, -0.836, 2.695
-0.256, -0.867, 2.727
-0.237, -0.899, 2.759
-0.218, -0.932, 2.791
-0.243, -0.965, 2.823
-0.220, -0.966, 2.824
-0.198, -0.966, 2.825
-0.223, -1.000, 2.857
-0.200, -1.000, 2.858
-0.177, -1.001, 2.859
-0.202, -1.035, 2.892
-0.179, -1.036, 2.893
-0.156, -1.036, 2.894
-0.182, -1.072, 2.928
-0.158, -1.072, 2.929
-0.135, -1.072, 2.930
-0.160, -1.109, 2.965
-0.136, -1.109, 2.966
-0.162, -1.146, 3.001
-0.138, -1.147, 3.002
-0.114, -1.147, 3.003
-0.140, -1.186, 3.040
-0.116, -1.186, 3.041
-0.091, -1.186, 3.042
-0.117, -1.226, 3.080
-0.092, -1.226, 3.081
-0.068, -1.227, 3.082
-0.094, -1.267, 3.121
-0.069, -1.267, 3.122
-0.070, -1.309, 3.163
-0.070, -1.352, 3.205
-0.566, -1.574, 3.408
-0.593, -1.574, 3.406
-0.305, 0.618, 1.326
-0.311, 0.587, 1.352
-0.333, 0.530, 1.401
-0.356, 0.478, 1.447
RegionID:1
Center:-0.230,-1.027,2.261
Normal:0.185,-0.492,-0.851
NumPatches:20
-0.179, -1.058, 2.290
-0.197, -1.056, 2.285
-0.214, -1.053, 2.280
-0.232, -1.051, 2.274
-0.250, -1.048, 2.269
-0.267, -1.046, 2.264
-0.285, -1.044, 2.259
-0.300, -1.017, 2.240
-0.283, -1.019, 2.245
-0.264, -0.997, 2.237
-0.247, -1.000, 2.242
-0.265, -1.022, 2.250
-0.228, -0.978, 2.233
-0.210, -0.980, 2.238
-0.229, -1.002, 2.247
-0.212, -1.004, 2.252
-0.194, -1.007, 2.257
-0.178, -1.033, 2.276
-0.195, -1.031, 2.271
-0.161, -1.061, 2.296
RegionID:2
Center:-0.280,-0.922,2.295
Normal:-0.412,0.794,-0.448
NumPatches:22
-0.247, -0.931, 2.249
-0.267, -0.935, 2.260
-0.283, -0.949, 2.250
-0.303, -0.954, 2.260
-0.320, -0.968, 2.251
-0.322, -0.958, 2.271
-0.325, -0.948, 2.291
-0.328, -0.938, 2.311
-0.331, -0.928, 2.332
-0.314, -0.913, 2.342
-0.294, -0.909, 2.331
-0.311, -0.924, 2.321
-0.276, -0.894, 2.341
-0.256, -0.890, 2.330
-0.274, -0.905, 2.320
-0.239, -0.875, 2.340
-0.237, -0.886, 2.319
-0.234, -0.896, 2.299
-0.232, -0.907, 2.279
-0.250, -0.921, 2.269
-0.230, -0.917, 2.259
-0.286, -0.940, 2.270
RegionID:3
Center:0.080,-0.560,1.732
Normal:0.610,0.262,-0.748
NumPatches:69
0.190, -0.655, 1.789
0.174, -0.663, 1.773
0.158, -0.671, 1.758
0.143, -0.679, 1.742
0.128, -0.687, 1.727
0.114, -0.671, 1.721
0.099, -0.655, 1.715
0.085, -0.639, 1.710
0.072, -0.623, 1.704
0.072, -0.611, 1.708
0.058, -0.596, 1.702
0.044, -0.580, 1.697
0.030, -0.565, 1.691
0.017, -0.549, 1.685
0.003, -0.534, 1.680
-0.010, -0.519, 1.674
-0.023, -0.504, 1.668
-0.023, -0.492, 1.673
-0.023, -0.479, 1.677
-0.024, -0.467, 1.681
-0.010, -0.458, 1.695
0.003, -0.448, 1.710
0.003, -0.435, 1.714
0.017, -0.425, 1.729
0.031, -0.428, 1.739
0.017, -0.438, 1.725
0.031, -0.441, 1.735
0.045, -0.443, 1.745
0.045, -0.456, 1.741
0.059, -0.472, 1.747
0.045, -0.469, 1.736
0.074, -0.475, 1.758
0.074, -0.487, 1.753
0.088, -0.503, 1.759
0.073, -0.500, 1.748
0.088, -0.516, 1.755
0.102, -0.519, 1.765
0.117, -0.535, 1.772
0.102, -0.532, 1.761
0.117, -0.548, 1.767
0.132, -0.551, 1.778
0.146, -0.567, 1.784
0.131, -0.564, 1.773
0.146, -0.580, 1.779
0.161, -0.596, 1.786
0.146, -0.593, 1.775
0.160, -0.609, 1.781
0.176, -0.613, 1.792
0.191, -0.630, 1.799
0.175, -0.626, 1.787
0.190, -0.642, 1.794
0.174, -0.651, 1.778
0.003, -0.460, 1.705
-0.010, -0.470, 1.691
-0.010, -0.507, 1.678
0.003, -0.522, 1.684
0.017, -0.537, 1.690
0.031, -0.552, 1.695
0.044, -0.568, 1.701
0.058, -0.584, 1.707
0.072, -0.599, 1.713
0.086, -0.627, 1.714
0.100, -0.643, 1.720
0.114, -0.659, 1.726
0.128, -0.675, 1.732
0.142, -0.692, 1.738
0.158, -0.684, 1.753
0.173, -0.675, 1.768
0.142, -0.703, 1.733
RegionID:4
Center:0.288,-0.286,1.368
Normal:-0.606,0.115,-0.787
NumPatches:101
0.323, -0.328, 1.335
0.314, -0.340, 1.340
0.304, -0.353, 1.346
0.313, -0.351, 1.339
0.304, -0.363, 1.344
0.294, -0.375, 1.350
0.304, -0.373, 1.343
0.294, -0.386, 1.349
0.284, -0.398, 1.354
0.275, -0.411, 1.360
0.284, -0.409, 1.353
0.274, -0.421, 1.359
0.265, -0.434, 1.364
0.255, -0.447, 1.370
0.245, -0.438, 1.379
0.236, -0.430, 1.388
0.226, -0.432, 1.395
0.216, -0.424, 1.403
0.206, -0.415, 1.413
0.196, -0.407, 1.422
0.186, -0.398, 1.431
0.176, -0.389, 1.440
0.186, -0.376, 1.434
0.187, -0.364, 1.435
0.197, -0.351, 1.429
0.197, -0.340, 1.430
0.208, -0.327, 1.424
0.218, -0.315, 1.418
0.219, -0.304, 1.419
0.229, -0.291, 1.413
0.229, -0.280, 1.414
0.239, -0.268, 1.408
0.250, -0.255, 1.402
0.250, -0.244, 1.403
0.250, -0.233, 1.405
0.260, -0.221, 1.399
0.270, -0.209, 1.393
0.270, -0.198, 1.394
0.280, -0.186, 1.388
0.281, -0.175, 1.390
0.291, -0.163, 1.384
0.291, -0.152, 1.385
0.301, -0.141, 1.379
0.310, -0.129, 1.374
0.319, -0.139, 1.365
0.310, -0.140, 1.372
0.300, -0.152, 1.378
0.329, -0.139, 1.358
0.338, -0.149, 1.350
0.328, -0.149, 1.357
0.347, -0.148, 1.343
0.355, -0.158, 1.335
0.346, -0.158, 1.342
0.364, -0.157, 1.329
0.372, -0.166, 1.321
0.364, -0.167, 1.327
0.372, -0.177, 1.320
0.381, -0.176, 1.313
0.389, -0.185, 1.305
0.380, -0.186, 1.312
0.389, -0.196, 1.304
0.380, -0.207, 1.309
0.371, -0.218, 1.315
0.379, -0.217, 1.308
0.370, -0.228, 1.313
0.361, -0.240, 1.318
0.370, -0.239, 1.312
0.361, -0.250, 1.317
0.352, -0.262, 1.322
0.343, -0.274, 1.328
0.351, -0.272, 1.321
0.342, -0.284, 1.327
0.333, -0.296, 1.332
0.324, -0.308, 1.337
0.333, -0.306, 1.331
0.323, -0.318, 1.336
0.314, -0.330, 1.342
0.342, -0.294, 1.325
0.361, -0.261, 1.316
0.388, -0.206, 1.303
0.397, -0.184, 1.299
0.290, -0.174, 1.383
0.280, -0.197, 1.387
0.270, -0.220, 1.391
0.260, -0.232, 1.398
0.249, -0.266, 1.401
0.239, -0.278, 1.407
0.229, -0.302, 1.411
0.218, -0.326, 1.416
0.208, -0.339, 1.423
0.197, -0.363, 1.427
0.186, -0.387, 1.432
0.196, -0.396, 1.423
0.206, -0.404, 1.414
0.216, -0.413, 1.405
0.226, -0.422, 1.396
0.246, -0.428, 1.380
0.255, -0.436, 1.372
0.264, -0.444, 1.363
0.274, -0.432, 1.357
0.294, -0.396, 1.347
RegionID:5
Center:-0.114,-0.090,1.476
Normal:-0.016,0.163,-0.987
NumPatches:92
-0.009, 0.039, 1.495
-0.021, 0.039, 1.496
-0.033, 0.039, 1.496
-0.045, 0.051, 1.498
-0.057, 0.051, 1.498
-0.069, 0.051, 1.498
-0.081, 0.063, 1.501
-0.093, 0.063, 1.501
-0.105, 0.063, 1.501
-0.117, 0.051, 1.499
-0.129, 0.039, 1.497
-0.141, 0.027, 1.496
-0.141, 0.039, 1.498
-0.129, 0.051, 1.499
-0.117, 0.063, 1.501
-0.117, 0.075, 1.503
-0.105, 0.075, 1.503
-0.140, 0.015, 1.493
-0.152, 0.003, 1.492
-0.140, 0.003, 1.492
-0.152, -0.009, 1.490
-0.152, -0.021, 1.488
-0.163, -0.033, 1.486
-0.152, -0.033, 1.486
-0.163, -0.045, 1.484
-0.163, -0.056, 1.482
-0.175, -0.068, 1.480
-0.163, -0.068, 1.480
-0.174, -0.080, 1.479
-0.174, -0.092, 1.477
-0.186, -0.103, 1.475
-0.174, -0.103, 1.475
-0.186, -0.115, 1.473
-0.185, -0.126, 1.471
-0.197, -0.138, 1.469
-0.185, -0.138, 1.469
-0.197, -0.150, 1.467
-0.208, -0.161, 1.466
-0.196, -0.161, 1.466
-0.208, -0.173, 1.464
-0.208, -0.184, 1.462
-0.219, -0.196, 1.460
-0.207, -0.196, 1.460
-0.219, -0.207, 1.457
-0.207, -0.207, 1.457
-0.195, -0.218, 1.456
-0.207, -0.218, 1.456
-0.183, -0.218, 1.456
-0.172, -0.218, 1.456
-0.160, -0.230, 1.454
-0.172, -0.230, 1.454
-0.160, -0.241, 1.452
-0.148, -0.241, 1.451
-0.136, -0.241, 1.451
-0.125, -0.241, 1.451
-0.113, -0.241, 1.451
-0.102, -0.229, 1.453
-0.102, -0.218, 1.455
-0.090, -0.207, 1.456
-0.090, -0.195, 1.457
-0.090, -0.184, 1.460
-0.079, -0.172, 1.462
-0.079, -0.161, 1.464
-0.079, -0.149, 1.466
-0.067, -0.138, 1.467
-0.068, -0.126, 1.469
-0.068, -0.115, 1.471
-0.056, -0.103, 1.473
-0.056, -0.091, 1.475
-0.056, -0.080, 1.477
-0.044, -0.068, 1.478
-0.044, -0.056, 1.480
-0.044, -0.044, 1.482
-0.033, -0.033, 1.484
-0.033, -0.021, 1.486
-0.021, -0.009, 1.488
-0.021, 0.003, 1.490
-0.021, 0.015, 1.492
-0.009, 0.027, 1.493
-0.009, 0.015, 1.492
-0.021, -0.021, 1.486
-0.033, -0.044, 1.482
-0.044, -0.080, 1.477
-0.056, -0.115, 1.471
-0.067, -0.149, 1.465
-0.079, -0.184, 1.460
-0.090, -0.218, 1.454
-0.102, -0.241, 1.451
-0.113, -0.252, 1.449
-0.101, -0.252, 1.449
-0.069, 0.063, 1.500
-0.033, 0.051, 1.498
RegionID:6
Center:0.239,0.121,1.222
Normal:-0.325,-0.790,-0.521
NumPatches:94
0.322, 0.115, 1.177
0.314, 0.116, 1.182
0.309, 0.108, 1.197
0.303, 0.099, 1.213
0.298, 0.091, 1.230
0.292, 0.082, 1.247
0.286, 0.073, 1.264
0.279, 0.064, 1.282
0.270, 0.064, 1.287
0.264, 0.055, 1.306
0.257, 0.045, 1.325
0.250, 0.035, 1.345
0.243, 0.025, 1.366
0.233, 0.025, 1.372
0.223, 0.025, 1.378
0.211, 0.036, 1.369
0.201, 0.036, 1.375
0.189, 0.046, 1.366
0.178, 0.047, 1.372
0.168, 0.047, 1.379
0.156, 0.058, 1.370
0.144, 0.068, 1.361
0.134, 0.068, 1.367
0.132, 0.078, 1.352
0.131, 0.088, 1.338
0.140, 0.098, 1.318
0.148, 0.107, 1.299
0.156, 0.115, 1.281
0.164, 0.124, 1.263
0.172, 0.132, 1.246
0.170, 0.141, 1.234
0.178, 0.148, 1.217
0.185, 0.156, 1.201
0.192, 0.164, 1.186
0.199, 0.171, 1.170
0.206, 0.178, 1.156
0.204, 0.186, 1.146
0.210, 0.192, 1.132
0.217, 0.199, 1.118
0.223, 0.205, 1.104
0.231, 0.205, 1.100
0.225, 0.198, 1.113
0.219, 0.192, 1.127
0.212, 0.185, 1.141
0.239, 0.204, 1.097
0.249, 0.196, 1.102
0.241, 0.197, 1.105
0.257, 0.195, 1.098
0.267, 0.188, 1.104
0.259, 0.188, 1.107
0.269, 0.180, 1.113
0.277, 0.180, 1.109
0.285, 0.179, 1.105
0.295, 0.171, 1.110
0.288, 0.172, 1.115
0.303, 0.170, 1.107
0.314, 0.162, 1.112
0.306, 0.163, 1.116
0.321, 0.162, 1.108
0.332, 0.154, 1.113
0.324, 0.154, 1.118
0.335, 0.146, 1.123
0.330, 0.139, 1.138
0.325, 0.131, 1.151
0.320, 0.124, 1.167
0.328, 0.123, 1.162
0.333, 0.131, 1.148
0.338, 0.138, 1.134
0.343, 0.146, 1.120
0.340, 0.153, 1.110
0.208, 0.170, 1.166
0.201, 0.163, 1.181
0.194, 0.156, 1.196
0.187, 0.148, 1.212
0.179, 0.140, 1.229
0.174, 0.123, 1.258
0.166, 0.115, 1.276
0.158, 0.106, 1.294
0.150, 0.097, 1.313
0.141, 0.088, 1.332
0.154, 0.068, 1.355
0.166, 0.057, 1.364
0.199, 0.046, 1.360
0.221, 0.035, 1.363
0.240, 0.035, 1.351
0.248, 0.045, 1.331
0.254, 0.055, 1.311
0.261, 0.065, 1.293
0.277, 0.074, 1.269
0.283, 0.083, 1.252
0.289, 0.091, 1.235
0.295, 0.100, 1.218
0.300, 0.108, 1.202
0.306, 0.116, 1.186
RegionID:7
Center:0.318,0.252,1.137
Normal:0.349,0.476,-0.807
NumPatches:60
0.281, 0.318, 1.160
0.268, 0.305, 1.147
0.256, 0.293, 1.134
0.267, 0.294, 1.140
0.255, 0.282, 1.127
0.253, 0.271, 1.120
0.252, 0.261, 1.113
0.240, 0.249, 1.102
0.250, 0.250, 1.106
0.239, 0.239, 1.095
0.249, 0.240, 1.100
0.257, 0.231, 1.098
0.247, 0.229, 1.093
0.267, 0.232, 1.103
0.275, 0.222, 1.101
0.265, 0.221, 1.096
0.285, 0.223, 1.106
0.294, 0.214, 1.104
0.284, 0.213, 1.099
0.304, 0.215, 1.109
0.312, 0.206, 1.107
0.302, 0.205, 1.102
0.310, 0.196, 1.100
0.321, 0.197, 1.105
0.331, 0.198, 1.110
0.339, 0.188, 1.108
0.329, 0.188, 1.103
0.350, 0.189, 1.113
0.358, 0.180, 1.112
0.348, 0.179, 1.107
0.371, 0.191, 1.124
0.373, 0.201, 1.131
0.375, 0.212, 1.138
0.378, 0.222, 1.145
0.380, 0.233, 1.153
0.383, 0.244, 1.160
0.396, 0.256, 1.173
0.388, 0.266, 1.175
0.379, 0.275, 1.177
0.368, 0.274, 1.172
0.359, 0.284, 1.174
0.348, 0.283, 1.168
0.339, 0.292, 1.170
0.330, 0.302, 1.172
0.320, 0.301, 1.167
0.311, 0.311, 1.169
0.300, 0.309, 1.163
0.291, 0.319, 1.165
0.282, 0.329, 1.167
0.270, 0.316, 1.154
0.272, 0.328, 1.162
0.302, 0.321, 1.171
0.322, 0.312, 1.174
0.341, 0.304, 1.178
0.350, 0.294, 1.176
0.370, 0.285, 1.179
0.390, 0.277, 1.183
0.399, 0.267, 1.181
0.394, 0.245, 1.166
0.369, 0.181, 1.117
RegionID:8
Center:-0.227,0.419,1.248
Normal:-0.669,-0.316,-0.673
NumPatches:93
-0.157, 0.433, 1.172
-0.168, 0.429, 1.185
-0.168, 0.437, 1.181
-0.156, 0.441, 1.167
-0.156, 0.449, 1.163
-0.155, 0.457, 1.159
-0.155, 0.464, 1.155
-0.154, 0.472, 1.151
-0.144, 0.476, 1.139
-0.143, 0.484, 1.135
-0.153, 0.494, 1.139
-0.163, 0.498, 1.148
-0.173, 0.509, 1.152
-0.183, 0.521, 1.157
-0.193, 0.524, 1.166
-0.204, 0.536, 1.170
-0.214, 0.548, 1.175
-0.225, 0.552, 1.184
-0.237, 0.548, 1.197
-0.236, 0.556, 1.193
-0.238, 0.541, 1.202
-0.239, 0.533, 1.206
-0.251, 0.530, 1.220
-0.240, 0.525, 1.211
-0.252, 0.522, 1.225
-0.253, 0.514, 1.229
-0.254, 0.506, 1.234
-0.255, 0.498, 1.239
-0.256, 0.490, 1.243
-0.269, 0.486, 1.258
-0.257, 0.482, 1.248
-0.270, 0.477, 1.263
-0.271, 0.469, 1.268
-0.272, 0.461, 1.273
-0.273, 0.452, 1.278
-0.275, 0.444, 1.283
-0.276, 0.435, 1.288
-0.290, 0.430, 1.304
-0.277, 0.427, 1.293
-0.291, 0.422, 1.310
-0.292, 0.413, 1.315
-0.293, 0.404, 1.321
-0.294, 0.395, 1.326
-0.296, 0.386, 1.332
-0.297, 0.377, 1.337
-0.312, 0.371, 1.355
-0.298, 0.368, 1.343
-0.313, 0.362, 1.361
-0.314, 0.353, 1.367
-0.316, 0.343, 1.373
-0.303, 0.330, 1.366
-0.317, 0.334, 1.379
-0.304, 0.321, 1.372
-0.291, 0.318, 1.360
-0.279, 0.306, 1.354
-0.292, 0.309, 1.366
-0.280, 0.296, 1.359
-0.267, 0.294, 1.347
-0.255, 0.282, 1.340
-0.268, 0.284, 1.353
-0.256, 0.272, 1.347
-0.243, 0.270, 1.335
-0.229, 0.277, 1.317
-0.228, 0.286, 1.312
-0.227, 0.295, 1.307
-0.214, 0.302, 1.290
-0.213, 0.311, 1.285
-0.212, 0.320, 1.280
-0.212, 0.329, 1.275
-0.211, 0.338, 1.270
-0.198, 0.344, 1.254
-0.197, 0.352, 1.249
-0.197, 0.361, 1.245
-0.196, 0.369, 1.240
-0.184, 0.375, 1.225
-0.183, 0.383, 1.220
-0.182, 0.391, 1.216
-0.182, 0.400, 1.212
-0.181, 0.408, 1.207
-0.169, 0.413, 1.193
-0.169, 0.421, 1.189
-0.170, 0.405, 1.197
-0.184, 0.366, 1.230
-0.199, 0.335, 1.259
-0.215, 0.293, 1.295
-0.230, 0.267, 1.322
-0.231, 0.258, 1.329
-0.203, 0.543, 1.166
-0.193, 0.532, 1.162
-0.172, 0.517, 1.148
-0.162, 0.506, 1.144
-0.143, 0.491, 1.131
-0.144, 0.468, 1.143
RegionID:9
Center:-0.142,0.357,1.422
Normal:-0.671,-0.317,-0.670
NumPatches:17
-0.134, 0.334, 1.425
-0.147, 0.336, 1.437
-0.159, 0.349, 1.443
-0.171, 0.362, 1.449
-0.170, 0.372, 1.443
-0.157, 0.379, 1.427
-0.144, 0.376, 1.415
-0.157, 0.369, 1.432
-0.158, 0.359, 1.437
-0.146, 0.346, 1.431
-0.133, 0.344, 1.420
-0.121, 0.351, 1.404
-0.120, 0.361, 1.399
-0.132, 0.374, 1.404
-0.120, 0.371, 1.393
-0.121, 0.341, 1.409
-0.134, 0.323, 1.431
RegionID:10
Center:-0.091,0.492,1.308
Normal:-0.668,-0.312,-0.675
NumPatches:27
-0.070, 0.478, 1.293
-0.070, 0.487, 1.289
-0.069, 0.496, 1.285
-0.058, 0.501, 1.272
-0.069, 0.513, 1.276
-0.080, 0.517, 1.285
-0.091, 0.520, 1.294
-0.102, 0.524, 1.304
-0.113, 0.519, 1.318
-0.113, 0.528, 1.313
-0.114, 0.510, 1.322
-0.114, 0.501, 1.327
-0.126, 0.496, 1.340
-0.114, 0.492, 1.331
-0.126, 0.487, 1.345
-0.115, 0.483, 1.336
-0.104, 0.471, 1.330
-0.115, 0.474, 1.340
-0.092, 0.467, 1.321
-0.081, 0.464, 1.311
-0.093, 0.459, 1.325
-0.082, 0.455, 1.316
-0.070, 0.461, 1.302
-0.070, 0.470, 1.298
-0.082, 0.446, 1.320
-0.058, 0.510, 1.268
-0.059, 0.492, 1.276
RegionID:11
Center:-0.100,0.547,1.193
Normal:0.307,0.735,-0.604
NumPatches:21
-0.147, 0.542, 1.163
-0.138, 0.547, 1.173
-0.130, 0.551, 1.183
-0.122, 0.556, 1.193
-0.128, 0.531, 1.159
-0.119, 0.535, 1.169
-0.113, 0.560, 1.202
-0.104, 0.565, 1.213
-0.095, 0.570, 1.223
-0.086, 0.575, 1.234
-0.077, 0.580, 1.245
-0.066, 0.563, 1.230
-0.074, 0.538, 1.195
-0.083, 0.533, 1.184
-0.092, 0.529, 1.175
-0.100, 0.524, 1.165
-0.109, 0.520, 1.156
-0.117, 0.516, 1.147
-0.076, 0.558, 1.219
-0.065, 0.542, 1.205
-0.056, 0.547, 1.215
