NumRegions:14
RegionID:0
Center:-0.115,-0.378,0.858
Normal:0.112,0.045,-0.993
NumPatches:200
-0.277, -0.422, 0.838
-0.285, -0.423, 0.839
-0.291, -0.428, 0.836
-0.293, -0.423, 0.839
-0.293, -0.416, 0.840
-0.292, -0.408, 0.839
-0.293, -0.401, 0.839
-0.285, -0.394, 0.840
-0.285, -0.386, 0.839
-0.285, -0.379, 0.839
-0.286, -0.372, 0.840
-0.286, -0.365, 0.840
-0.286, -0.358, 0.840
-0.286, -0.351, 0.841
-0.286, -0.343, 0.841
-0.286, -0.336, 0.841
-0.286, -0.329, 0.841
-0.286, -0.321, 0.841
-0.279, -0.314, 0.841
-0.279, -0.307, 0.841
-0.272, -0.300, 0.844
-0.273, -0.294, 0.847
-0.266, -0.294, 0.847
-0.259, -0.294, 0.847
-0.265, -0.301, 0.846
-0.258, -0.301, 0.847
-0.265, -0.308, 0.845
-0.272, -0.315, 0.843
-0.279, -0.321, 0.841
-0.265, -0.315, 0.845
-0.251, -0.301, 0.846
-0.244, -0.301, 0.847
-0.237, -0.302, 0.848
-0.229, -0.302, 0.848
-0.222, -0.302, 0.850
-0.215, -0.303, 0.852
-0.208, -0.303, 0.851
-0.201, -0.303, 0.852
-0.194, -0.304, 0.854
-0.186, -0.304, 0.854
-0.179, -0.304, 0.854
-0.172, -0.304, 0.855
-0.164, -0.305, 0.855
-0.157, -0.304, 0.855
-0.150, -0.305, 0.857
-0.142, -0.306, 0.859
-0.135, -0.306, 0.858
-0.128, -0.306, 0.859
-0.127, -0.313, 0.858
-0.128, -0.321, 0.860
-0.128, -0.329, 0.860
-0.128, -0.336, 0.860
-0.128, -0.344, 0.860
-0.128, -0.351, 0.859
-0.127, -0.358, 0.858
-0.127, -0.365, 0.857
-0.127, -0.372, 0.857
-0.120, -0.380, 0.858
-0.127, -0.380, 0.857
-0.113, -0.381, 0.860
-0.106, -0.374, 0.862
-0.098, -0.367, 0.862
-0.098, -0.360, 0.863
-0.098, -0.352, 0.863
-0.098, -0.345, 0.863
-0.098, -0.337, 0.864
-0.098, -0.330, 0.864
-0.098, -0.323, 0.864
-0.091, -0.323, 0.865
-0.084, -0.316, 0.867
-0.091, -0.308, 0.866
-0.084, -0.308, 0.866
-0.076, -0.316, 0.867
-0.084, -0.324, 0.866
-0.069, -0.316, 0.867
-0.061, -0.317, 0.868
-0.054, -0.317, 0.869
-0.046, -0.317, 0.870
-0.038, -0.317, 0.871
-0.031, -0.318, 0.871
-0.023, -0.318, 0.872
-0.016, -0.319, 0.873
-0.008, -0.319, 0.875
-0.001, -0.319, 0.875
0.007, -0.319, 0.876
0.015, -0.320, 0.877
0.022, -0.320, 0.877
0.030, -0.320, 0.877
0.038, -0.320, 0.879
0.045, -0.321, 0.880
0.053, -0.321, 0.880
0.061, -0.321, 0.881
0.068, -0.329, 0.880
0.061, -0.328, 0.880
0.068, -0.336, 0.880
0.068, -0.344, 0.880
0.068, -0.352, 0.881
0.068, -0.359, 0.880
0.068, -0.366, 0.879
0.068, -0.374, 0.879
0.060, -0.381, 0.878
0.068, -0.382, 0.880
0.060, -0.389, 0.878
0.060, -0.396, 0.877
0.060, -0.404, 0.877
0.060, -0.411, 0.876
0.060, -0.418, 0.875
0.060, -0.426, 0.875
0.060, -0.434, 0.876
0.060, -0.441, 0.875
0.060, -0.449, 0.876
0.053, -0.456, 0.874
0.045, -0.455, 0.873
0.037, -0.454, 0.872
0.030, -0.454, 0.871
0.022, -0.454, 0.870
0.014, -0.452, 0.868
0.007, -0.451, 0.866
-0.001, -0.451, 0.865
-0.008, -0.451, 0.864
-0.016, -0.450, 0.864
-0.023, -0.450, 0.863
-0.031, -0.449, 0.862
-0.038, -0.449, 0.862
-0.046, -0.450, 0.864
-0.053, -0.450, 0.863
-0.061, -0.449, 0.862
-0.068, -0.449, 0.861
-0.076, -0.449, 0.861
-0.083, -0.449, 0.861
-0.090, -0.448, 0.859
-0.098, -0.447, 0.858
-0.105, -0.446, 0.856
-0.112, -0.446, 0.855
-0.119, -0.445, 0.854
-0.105, -0.439, 0.857
-0.105, -0.432, 0.857
-0.098, -0.425, 0.857
-0.105, -0.418, 0.860
-0.105, -0.411, 0.860
-0.113, -0.403, 0.859
-0.120, -0.410, 0.858
-0.127, -0.408, 0.854
-0.134, -0.415, 0.852
-0.134, -0.407, 0.852
-0.134, -0.423, 0.853
-0.134, -0.431, 0.854
-0.134, -0.438, 0.854
-0.141, -0.444, 0.852
-0.149, -0.444, 0.852
-0.156, -0.444, 0.851
-0.163, -0.443, 0.850
-0.171, -0.443, 0.850
-0.178, -0.443, 0.849
-0.185, -0.441, 0.847
-0.192, -0.441, 0.846
-0.199, -0.441, 0.846
-0.206, -0.440, 0.845
-0.214, -0.440, 0.844
-0.221, -0.440, 0.844
-0.228, -0.439, 0.843
-0.235, -0.439, 0.843
-0.242, -0.439, 0.842
-0.249, -0.438, 0.840
-0.256, -0.437, 0.839
-0.263, -0.437, 0.839
-0.263, -0.430, 0.839
-0.270, -0.422, 0.838
-0.277, -0.429, 0.836
-0.263, -0.423, 0.839
-0.214, -0.433, 0.845
-0.214, -0.426, 0.846
-0.214, -0.419, 0.847
-0.207, -0.412, 0.847
-0.199, -0.412, 0.847
-0.207, -0.420, 0.848
-0.192, -0.412, 0.847
-0.185, -0.420, 0.848
-0.192, -0.419, 0.846
-0.185, -0.427, 0.848
-0.192, -0.434, 0.846
-0.199, -0.433, 0.845
-0.206, -0.433, 0.844
-0.185, -0.434, 0.847
-0.134, -0.445, 0.853
-0.120, -0.402, 0.857
-0.105, -0.403, 0.859
-0.098, -0.418, 0.859
-0.090, -0.425, 0.858
-0.090, -0.433, 0.859
-0.098, -0.440, 0.858
-0.090, -0.441, 0.860
0.060, -0.456, 0.876
-0.098, -0.374, 0.861
-0.098, -0.381, 0.860
-0.105, -0.389, 0.860
-0.113, -0.389, 0.861
-0.098, -0.388, 0.860
-0.285, -0.401, 0.839
-0.290, -0.434, 0.833
RegionID:1
Center:0.322,-0.519,1.101
Normal:0.180,-0.172,-0.969
NumPatches:26
0.326, -0.548, 1.107
0.316, -0.546, 1.103
0.306, -0.545, 1.101
0.296, -0.546, 1.102
0.296, -0.536, 1.102
0.306, -0.536, 1.102
0.314, -0.525, 1.099
0.325, -0.516, 1.100
0.314, -0.505, 1.098
0.324, -0.496, 1.099
0.312, -0.483, 1.090
0.312, -0.473, 1.089
0.322, -0.474, 1.092
0.333, -0.486, 1.096
0.323, -0.485, 1.094
0.334, -0.497, 1.100
0.325, -0.507, 1.100
0.335, -0.508, 1.103
0.335, -0.518, 1.104
0.325, -0.526, 1.101
0.315, -0.535, 1.101
0.325, -0.537, 1.104
0.336, -0.528, 1.105
0.346, -0.539, 1.109
0.336, -0.549, 1.108
0.327, -0.558, 1.107
RegionID:2
Center:0.540,-0.465,1.078
Normal:0.046,-0.126,-0.991
NumPatches:55
0.584, -0.480, 1.085
0.584, -0.471, 1.085
0.574, -0.461, 1.083
0.563, -0.450, 1.080
0.553, -0.450, 1.080
0.541, -0.439, 1.075
0.532, -0.439, 1.075
0.523, -0.439, 1.075
0.510, -0.426, 1.068
0.499, -0.416, 1.064
0.491, -0.426, 1.067
0.481, -0.426, 1.066
0.472, -0.435, 1.065
0.463, -0.445, 1.068
0.475, -0.457, 1.073
0.482, -0.445, 1.068
0.492, -0.436, 1.069
0.493, -0.446, 1.071
0.485, -0.457, 1.074
0.494, -0.457, 1.074
0.506, -0.469, 1.080
0.497, -0.469, 1.079
0.508, -0.480, 1.083
0.517, -0.479, 1.082
0.527, -0.480, 1.083
0.536, -0.480, 1.084
0.547, -0.490, 1.086
0.537, -0.490, 1.084
0.557, -0.491, 1.087
0.566, -0.500, 1.086
0.557, -0.501, 1.088
0.565, -0.509, 1.085
0.573, -0.507, 1.082
0.582, -0.497, 1.081
0.583, -0.489, 1.083
0.581, -0.506, 1.078
0.571, -0.515, 1.078
0.579, -0.513, 1.075
0.570, -0.523, 1.075
0.568, -0.531, 1.072
0.471, -0.425, 1.065
0.490, -0.416, 1.064
0.489, -0.406, 1.062
0.508, -0.416, 1.064
0.520, -0.427, 1.069
0.551, -0.439, 1.076
0.573, -0.451, 1.082
0.583, -0.461, 1.084
0.593, -0.461, 1.084
0.602, -0.470, 1.082
0.607, -0.477, 1.076
0.599, -0.487, 1.078
0.605, -0.484, 1.073
0.616, -0.476, 1.075
0.613, -0.483, 1.070
RegionID:3
Center:0.108,0.046,0.958
Normal:0.108,-0.195,-0.975
NumPatches:3381
-0.285, -0.209, 0.963
-0.294, -0.217, 0.963
-0.304, -0.227, 0.968
-0.303, -0.218, 0.965
-0.296, -0.236, 0.970
-0.305, -0.244, 0.972
-0.297, -0.245, 0.972
-0.288, -0.236, 0.970
-0.286, -0.226, 0.966
-0.280, -0.236, 0.972
-0.272, -0.237, 0.975
-0.264, -0.228, 0.975
-0.254, -0.219, 0.970
-0.245, -0.210, 0.969
-0.237, -0.210, 0.971
-0.246, -0.219, 0.972
-0.255, -0.228, 0.976
-0.264, -0.237, 0.978
-0.238, -0.219, 0.973
-0.229, -0.211, 0.973
-0.221, -0.211, 0.973
-0.214, -0.221, 0.979
-0.222, -0.220, 0.978
-0.230, -0.229, 0.978
-0.238, -0.229, 0.976
-0.230, -0.238, 0.978
-0.222, -0.246, 0.977
-0.231, -0.255, 0.981
-0.240, -0.265, 0.984
-0.248, -0.255, 0.979
-0.256, -0.263, 0.980
-0.264, -0.263, 0.978
-0.273, -0.263, 0.977
-0.281, -0.263, 0.976
-0.289, -0.262, 0.976
-0.298, -0.271, 0.976
-0.297, -0.262, 0.974
-0.297, -0.253, 0.973
-0.256, -0.255, 0.978
-0.240, -0.256, 0.982
-0.230, -0.246, 0.978
-0.222, -0.255, 0.980
-0.214, -0.255, 0.982
-0.223, -0.264, 0.983
-0.215, -0.265, 0.985
-0.206, -0.256, 0.984
-0.198, -0.257, 0.986
-0.206, -0.265, 0.985
-0.198, -0.274, 0.987
-0.207, -0.274, 0.987
-0.199, -0.283, 0.990
-0.190, -0.274, 0.988
-0.190, -0.265, 0.987
-0.190, -0.257, 0.988
-0.181, -0.248, 0.986
-0.189, -0.239, 0.982
-0.189, -0.230, 0.982
-0.196, -0.220, 0.977
-0.204, -0.211, 0.975
-0.188, -0.221, 0.979
-0.180, -0.221, 0.980
-0.172, -0.221, 0.982
-0.180, -0.230, 0.982
-0.172, -0.230, 0.984
-0.163, -0.222, 0.984
-0.155, -0.222, 0.984
-0.146, -0.222, 0.984
-0.137, -0.222, 0.983
-0.147, -0.231, 0.987
-0.138, -0.232, 0.989
-0.146, -0.239, 0.986
-0.155, -0.248, 0.986
-0.163, -0.248, 0.984
-0.172, -0.239, 0.984
-0.163, -0.239, 0.984
-0.147, -0.248, 0.986
-0.138, -0.249, 0.989
-0.147, -0.258, 0.990
-0.139, -0.267, 0.992
-0.148, -0.267, 0.993
-0.157, -0.277, 0.996
-0.165, -0.284, 0.993
-0.173, -0.283, 0.989
-0.181, -0.274, 0.988
-0.190, -0.284, 0.991
-0.139, -0.276, 0.993
-0.130, -0.285, 0.994
-0.139, -0.285, 0.995
-0.122, -0.285, 0.995
-0.114, -0.286, 0.998
-0.105, -0.286, 1.000
-0.097, -0.287, 1.001
-0.088, -0.278, 1.001
-0.079, -0.269, 0.999
-0.079, -0.260, 0.999
-0.079, -0.251, 0.997
-0.087, -0.241, 0.994
-0.096, -0.241, 0.991
-0.104, -0.241, 0.991
-0.113, -0.250, 0.994
-0.121, -0.249, 0.991
-0.130, -0.249, 0.989
-0.113, -0.241, 0.992
-0.113, -0.232, 0.991
-0.095, -0.232, 0.990
-0.087, -0.223, 0.988
-0.095, -0.214, 0.987
-0.103, -0.204, 0.983
-0.095, -0.196, 0.982
-0.095, -0.187, 0.981
-0.095, -0.178, 0.980
-0.095, -0.205, 0.984
-0.086, -0.214, 0.986
-0.078, -0.214, 0.987
-0.070, -0.215, 0.991
-0.070, -0.224, 0.993
-0.079, -0.233, 0.994
-0.079, -0.242, 0.995
-0.070, -0.251, 0.998
-0.062, -0.261, 1.004
-0.070, -0.269, 1.001
-0.079, -0.278, 1.002
-0.088, -0.287, 1.003
-0.096, -0.295, 1.001
-0.088, -0.296, 1.003
-0.071, -0.279, 1.005
-0.062, -0.271, 1.006
-0.053, -0.262, 1.006
-0.053, -0.252, 1.003
-0.053, -0.243, 1.000
-0.044, -0.234, 0.997
-0.044, -0.224, 0.995
-0.035, -0.225, 0.997
-0.027, -0.225, 0.997
-0.035, -0.234, 0.998
-0.044, -0.243, 1.000
-0.044, -0.253, 1.004
-0.036, -0.262, 1.005
-0.044, -0.262, 1.006
-0.053, -0.271, 1.007
-0.062, -0.280, 1.007
-0.053, -0.280, 1.007
-0.045, -0.289, 1.008
-0.053, -0.289, 1.008
-0.045, -0.297, 1.008
-0.036, -0.289, 1.009
-0.027, -0.280, 1.010
-0.036, -0.270, 1.005
-0.027, -0.261, 1.003
-0.018, -0.261, 1.002
-0.009, -0.262, 1.006
-0.018, -0.270, 1.005
-0.010, -0.271, 1.009
-0.018, -0.280, 1.008
-0.027, -0.290, 1.012
-0.036, -0.298, 1.009
-0.027, -0.298, 1.011
-0.018, -0.290, 1.011
-0.001, -0.262, 1.007
0.008, -0.254, 1.009
0.017, -0.245, 1.008
0.017, -0.235, 1.004
0.008, -0.226, 1.001
-0.001, -0.225, 1.000
0.017, -0.226, 1.002
0.025, -0.226, 1.002
0.034, -0.226, 1.002
0.043, -0.226, 1.003
0.052, -0.226, 1.003
0.043, -0.235, 1.004
0.034, -0.245, 1.010
0.043, -0.245, 1.008
0.034, -0.254, 1.012
0.026, -0.263, 1.012
0.017, -0.263, 1.011
0.008, -0.272, 1.010
0.017, -0.254, 1.011
0.026, -0.273, 1.014
0.034, -0.263, 1.011
0.043, -0.263, 1.009
0.052, -0.273, 1.013
0.043, -0.272, 1.012
0.035, -0.281, 1.014
0.026, -0.282, 1.016
0.052, -0.282, 1.017
0.061, -0.272, 1.013
0.070, -0.273, 1.016
0.061, -0.282, 1.016
0.070, -0.283, 1.018
0.061, -0.291, 1.018
0.070, -0.292, 1.018
0.079, -0.283, 1.019
0.088, -0.292, 1.020
0.079, -0.301, 1.020
0.070, -0.301, 1.019
0.079, -0.292, 1.019
0.088, -0.301, 1.022
0.097, -0.302, 1.024
0.106, -0.303, 1.026
0.097, -0.312, 1.027
0.107, -0.322, 1.030
0.098, -0.322, 1.030
0.115, -0.321, 1.028
0.125, -0.322, 1.030
0.134, -0.323, 1.034
0.143, -0.324, 1.036
0.153, -0.324, 1.037
0.162, -0.334, 1.040
0.153, -0.333, 1.038
0.162, -0.344, 1.042
0.154, -0.353, 1.044
0.145, -0.363, 1.045
0.135, -0.371, 1.042
0.126, -0.381, 1.044
0.117, -0.380, 1.041
0.126, -0.371, 1.042
0.135, -0.362, 1.042
0.144, -0.353, 1.042
0.145, -0.372, 1.044
0.154, -0.372, 1.046
0.145, -0.381, 1.046
0.145, -0.392, 1.051
0.146, -0.403, 1.054
0.146, -0.412, 1.055
0.137, -0.422, 1.056
0.128, -0.431, 1.055
0.127, -0.420, 1.052
0.127, -0.410, 1.049
0.117, -0.400, 1.046
0.127, -0.391, 1.047
0.127, -0.400, 1.046
0.146, -0.422, 1.057
0.163, -0.363, 1.047
0.163, -0.354, 1.045
0.172, -0.345, 1.046
0.181, -0.345, 1.047
0.172, -0.354, 1.047
0.190, -0.345, 1.047
0.199, -0.335, 1.044
0.199, -0.326, 1.042
0.198, -0.316, 1.040
0.189, -0.306, 1.039
0.180, -0.306, 1.036
0.170, -0.295, 1.031
0.160, -0.295, 1.030
0.152, -0.295, 1.031
0.143, -0.295, 1.031
0.134, -0.295, 1.031
0.124, -0.303, 1.028
0.115, -0.303, 1.027
0.125, -0.295, 1.029
0.115, -0.285, 1.027
0.115, -0.275, 1.023
0.105, -0.265, 1.018
0.097, -0.274, 1.018
0.097, -0.256, 1.017
0.088, -0.246, 1.015
0.078, -0.236, 1.008
0.069, -0.236, 1.007
0.061, -0.236, 1.007
0.052, -0.235, 1.005
0.060, -0.226, 1.004
0.069, -0.227, 1.005
0.078, -0.227, 1.005
0.087, -0.236, 1.009
0.096, -0.237, 1.011
0.105, -0.237, 1.012
0.096, -0.247, 1.015
0.105, -0.256, 1.017
0.115, -0.265, 1.020
0.123, -0.256, 1.018
0.123, -0.247, 1.016
0.114, -0.237, 1.012
0.123, -0.238, 1.015
0.133, -0.267, 1.024
0.124, -0.266, 1.023
0.133, -0.276, 1.026
0.124, -0.286, 1.028
0.133, -0.286, 1.029
0.142, -0.257, 1.023
0.151, -0.258, 1.026
0.159, -0.248, 1.022
0.159, -0.239, 1.019
0.150, -0.229, 1.016
0.141, -0.238, 1.017
0.159, -0.221, 1.018
0.158, -0.211, 1.015
0.157, -0.201, 1.010
0.157, -0.192, 1.006
0.156, -0.183, 1.004
0.165, -0.174, 1.004
0.165, -0.165, 1.002
0.165, -0.156, 1.001
0.165, -0.147, 1.000
0.164, -0.138, 0.999
0.164, -0.129, 0.996
0.173, -0.121, 0.997
0.172, -0.112, 0.995
0.172, -0.103, 0.992
0.172, -0.094, 0.992
0.172, -0.085, 0.991
0.171, -0.077, 0.988
0.171, -0.068, 0.985
0.170, -0.059, 0.984
0.170, -0.051, 0.984
0.170, -0.042, 0.981
0.178, -0.033, 0.978
0.178, -0.025, 0.976
0.177, -0.016, 0.975
0.177, -0.008, 0.972
0.177, 0.001, 0.971
0.176, 0.009, 0.970
0.185, 0.018, 0.969
0.193, 0.026, 0.968
0.185, 0.034, 0.968
0.184, 0.043, 0.966
0.184, 0.051, 0.964
0.192, 0.059, 0.963
0.191, 0.068, 0.961
0.191, 0.076, 0.959
0.191, 0.084, 0.959
0.191, 0.092, 0.958
0.191, 0.101, 0.956
0.190, 0.109, 0.955
0.190, 0.117, 0.953
0.189, 0.125, 0.950
0.198, 0.125, 0.951
0.205, 0.133, 0.948
0.215, 0.125, 0.954
0.207, 0.117, 0.956
0.199, 0.117, 0.955
0.216, 0.117, 0.957
0.224, 0.125, 0.956
0.223, 0.133, 0.951
0.222, 0.141, 0.947
0.222, 0.149, 0.947
0.231, 0.149, 0.950
0.239, 0.150, 0.952
0.247, 0.150, 0.951
0.240, 0.142, 0.953
0.240, 0.134, 0.954
0.240, 0.125, 0.956
0.249, 0.117, 0.958
0.241, 0.117, 0.958
0.250, 0.109, 0.961
0.258, 0.109, 0.961
0.267, 0.110, 0.962
0.275, 0.118, 0.962
0.274, 0.126, 0.958
0.283, 0.134, 0.960
0.274, 0.142, 0.957
0.265, 0.150, 0.954
0.256, 0.150, 0.952
0.256, 0.158, 0.952
0.256, 0.166, 0.951
0.263, 0.174, 0.949
0.255, 0.182, 0.947
0.254, 0.190, 0.945
0.254, 0.198, 0.944
0.261, 0.205, 0.941
0.260, 0.213, 0.938
0.253, 0.221, 0.940
0.244, 0.229, 0.937
0.235, 0.221, 0.936
0.228, 0.213, 0.938
0.220, 0.213, 0.939
0.212, 0.205, 0.940
0.203, 0.197, 0.939
0.195, 0.204, 0.936
0.194, 0.212, 0.934
0.194, 0.219, 0.932
0.185, 0.227, 0.929
0.177, 0.227, 0.930
0.169, 0.227, 0.929
0.160, 0.226, 0.925
0.152, 0.233, 0.922
0.144, 0.233, 0.923
0.136, 0.241, 0.921
0.128, 0.233, 0.923
0.119, 0.233, 0.921
0.112, 0.233, 0.922
0.104, 0.233, 0.923
0.096, 0.233, 0.922
0.087, 0.240, 0.916
0.079, 0.240, 0.916
0.071, 0.247, 0.912
0.071, 0.255, 0.913
0.063, 0.263, 0.913
0.055, 0.254, 0.911
0.055, 0.262, 0.912
0.063, 0.270, 0.911
0.071, 0.270, 0.910
0.079, 0.270, 0.911
0.079, 0.262, 0.912
0.087, 0.255, 0.914
0.079, 0.247, 0.914
0.079, 0.255, 0.913
0.095, 0.256, 0.916
0.103, 0.248, 0.917
0.095, 0.248, 0.916
0.103, 0.241, 0.920
0.055, 0.246, 0.912
0.047, 0.239, 0.914
0.039, 0.239, 0.912
0.031, 0.238, 0.910
0.023, 0.238, 0.910
0.015, 0.238, 0.910
0.007, 0.237, 0.907
-0.001, 0.237, 0.906
-0.009, 0.245, 0.905
-0.016, 0.245, 0.905
-0.024, 0.245, 0.905
-0.032, 0.245, 0.905
-0.040, 0.237, 0.904
-0.048, 0.244, 0.902
-0.056, 0.237, 0.904
-0.064, 0.229, 0.905
-0.071, 0.236, 0.901
-0.079, 0.236, 0.900
-0.087, 0.236, 0.901
-0.095, 0.235, 0.900
-0.102, 0.235, 0.898
-0.110, 0.242, 0.897
-0.118, 0.242, 0.897
-0.125, 0.242, 0.896
-0.133, 0.242, 0.895
-0.140, 0.241, 0.893
-0.148, 0.241, 0.892
-0.156, 0.241, 0.891
-0.163, 0.241, 0.890
-0.170, 0.248, 0.888
-0.178, 0.247, 0.887
-0.186, 0.247, 0.886
-0.193, 0.247, 0.885
-0.200, 0.247, 0.884
-0.208, 0.247, 0.884
-0.215, 0.254, 0.881
-0.223, 0.246, 0.881
-0.231, 0.246, 0.882
-0.238, 0.254, 0.881
-0.246, 0.253, 0.880
-0.253, 0.253, 0.878
-0.252, 0.260, 0.877
-0.259, 0.267, 0.874
-0.267, 0.260, 0.876
-0.275, 0.252, 0.876
-0.282, 0.251, 0.874
-0.289, 0.251, 0.872
-0.297, 0.244, 0.874
-0.306, 0.237, 0.877
-0.313, 0.229, 0.875
-0.320, 0.229, 0.873
-0.327, 0.228, 0.873
-0.336, 0.222, 0.876
-0.342, 0.228, 0.872
-0.350, 0.221, 0.874
-0.358, 0.214, 0.874
-0.364, 0.220, 0.872
-0.371, 0.212, 0.869
-0.379, 0.205, 0.870
-0.388, 0.198, 0.873
-0.396, 0.191, 0.874
-0.405, 0.184, 0.876
-0.412, 0.184, 0.877
-0.419, 0.176, 0.876
-0.427, 0.176, 0.875
-0.420, 0.184, 0.877
-0.411, 0.191, 0.875
-0.411, 0.198, 0.873
-0.403, 0.198, 0.872
-0.394, 0.205, 0.869
-0.386, 0.212, 0.869
-0.394, 0.220, 0.870
-0.399, 0.226, 0.865
-0.406, 0.226, 0.864
-0.413, 0.233, 0.862
-0.421, 0.226, 0.864
-0.429, 0.219, 0.865
-0.437, 0.219, 0.865
-0.443, 0.226, 0.863
-0.442, 0.232, 0.860
-0.449, 0.240, 0.859
-0.457, 0.240, 0.860
-0.464, 0.232, 0.859
-0.471, 0.225, 0.859
-0.471, 0.232, 0.858
-0.471, 0.239, 0.858
-0.463, 0.247, 0.858
-0.455, 0.247, 0.857
-0.464, 0.240, 0.859
-0.446, 0.253, 0.854
-0.446, 0.260, 0.854
-0.439, 0.261, 0.854
-0.432, 0.268, 0.855
-0.425, 0.269, 0.855
-0.416, 0.275, 0.854
-0.411, 0.269, 0.859
-0.418, 0.262, 0.858
-0.411, 0.254, 0.858
-0.419, 0.247, 0.859
-0.427, 0.240, 0.859
-0.433, 0.247, 0.858
-0.439, 0.253, 0.855
-0.448, 0.247, 0.857
-0.426, 0.247, 0.858
-0.419, 0.255, 0.859
-0.411, 0.247, 0.858
-0.404, 0.240, 0.859
-0.412, 0.240, 0.860
-0.421, 0.233, 0.862
-0.428, 0.226, 0.863
-0.436, 0.226, 0.863
-0.428, 0.233, 0.861
-0.423, 0.219, 0.867
-0.431, 0.212, 0.868
-0.405, 0.233, 0.862
-0.397, 0.240, 0.860
-0.396, 0.247, 0.859
-0.389, 0.240, 0.860
-0.398, 0.233, 0.862
-0.385, 0.234, 0.867
-0.378, 0.235, 0.868
-0.369, 0.241, 0.865
-0.375, 0.248, 0.861
-0.382, 0.255, 0.860
-0.382, 0.262, 0.859
-0.375, 0.270, 0.861
-0.375, 0.277, 0.860
-0.380, 0.284, 0.856
-0.387, 0.291, 0.855
-0.394, 0.290, 0.854
-0.387, 0.298, 0.854
-0.379, 0.305, 0.854
-0.379, 0.312, 0.853
-0.378, 0.319, 0.850
-0.370, 0.319, 0.850
-0.363, 0.326, 0.851
-0.356, 0.319, 0.851
-0.364, 0.312, 0.853
-0.372, 0.305, 0.854
-0.380, 0.298, 0.855
-0.373, 0.299, 0.857
-0.380, 0.291, 0.856
-0.374, 0.284, 0.858
-0.366, 0.292, 0.858
-0.366, 0.299, 0.857
-0.358, 0.306, 0.856
-0.357, 0.313, 0.854
-0.363, 0.319, 0.851
-0.371, 0.312, 0.852
-0.349, 0.320, 0.853
-0.349, 0.326, 0.851
-0.340, 0.333, 0.849
-0.334, 0.341, 0.852
-0.341, 0.348, 0.850
-0.332, 0.354, 0.846
-0.324, 0.361, 0.845
-0.331, 0.368, 0.844
-0.324, 0.376, 0.846
-0.331, 0.382, 0.844
-0.317, 0.375, 0.845
-0.309, 0.383, 0.846
-0.316, 0.389, 0.843
-0.316, 0.396, 0.842
-0.323, 0.404, 0.843
-0.331, 0.397, 0.843
-0.330, 0.403, 0.841
-0.330, 0.411, 0.842
-0.309, 0.390, 0.845
-0.303, 0.377, 0.849
-0.297, 0.371, 0.851
-0.304, 0.370, 0.850
-0.310, 0.362, 0.848
-0.318, 0.355, 0.849
-0.326, 0.348, 0.850
-0.319, 0.349, 0.852
-0.314, 0.343, 0.857
-0.320, 0.335, 0.855
-0.327, 0.327, 0.852
-0.319, 0.320, 0.853
-0.312, 0.327, 0.853
-0.313, 0.335, 0.855
-0.320, 0.343, 0.855
-0.306, 0.336, 0.857
-0.298, 0.343, 0.855
-0.306, 0.351, 0.856
-0.297, 0.357, 0.853
-0.297, 0.364, 0.852
-0.290, 0.371, 0.853
-0.282, 0.364, 0.853
-0.290, 0.356, 0.852
-0.290, 0.364, 0.853
-0.282, 0.348, 0.850
-0.290, 0.342, 0.854
-0.299, 0.336, 0.858
-0.306, 0.328, 0.856
-0.299, 0.321, 0.858
-0.306, 0.321, 0.856
-0.299, 0.314, 0.859
-0.292, 0.322, 0.859
-0.285, 0.330, 0.860
-0.277, 0.336, 0.858
-0.276, 0.343, 0.855
-0.269, 0.343, 0.856
-0.260, 0.350, 0.854
-0.260, 0.357, 0.853
-0.268, 0.364, 0.853
-0.275, 0.357, 0.853
-0.275, 0.364, 0.853
-0.275, 0.371, 0.851
-0.274, 0.378, 0.851
-0.267, 0.378, 0.851
-0.260, 0.379, 0.853
-0.253, 0.386, 0.852
-0.245, 0.393, 0.850
-0.244, 0.399, 0.847
-0.236, 0.406, 0.846
-0.236, 0.412, 0.844
-0.229, 0.413, 0.846
-0.230, 0.401, 0.851
-0.254, 0.373, 0.855
-0.261, 0.365, 0.854
-0.261, 0.372, 0.854
-0.253, 0.365, 0.855
-0.246, 0.365, 0.855
-0.253, 0.357, 0.853
-0.246, 0.358, 0.855
-0.253, 0.350, 0.854
-0.261, 0.343, 0.856
-0.254, 0.344, 0.857
-0.262, 0.337, 0.859
-0.270, 0.330, 0.859
-0.277, 0.329, 0.859
-0.285, 0.323, 0.861
-0.279, 0.316, 0.864
-0.286, 0.308, 0.863
-0.279, 0.302, 0.865
-0.286, 0.294, 0.865
-0.295, 0.287, 0.867
-0.303, 0.280, 0.869
-0.310, 0.280, 0.867
-0.317, 0.272, 0.865
-0.325, 0.265, 0.868
-0.333, 0.258, 0.869
-0.340, 0.257, 0.867
-0.333, 0.265, 0.868
-0.332, 0.272, 0.867
-0.338, 0.278, 0.863
-0.347, 0.272, 0.865
-0.354, 0.264, 0.864
-0.361, 0.256, 0.864
-0.369, 0.249, 0.864
-0.375, 0.255, 0.860
-0.375, 0.263, 0.861
-0.362, 0.249, 0.865
-0.362, 0.241, 0.865
-0.370, 0.235, 0.868
-0.378, 0.227, 0.868
-0.371, 0.228, 0.870
-0.378, 0.220, 0.868
-0.378, 0.212, 0.868
-0.362, 0.234, 0.867
-0.355, 0.234, 0.867
-0.349, 0.228, 0.871
-0.357, 0.221, 0.873
-0.356, 0.228, 0.870
-0.361, 0.263, 0.863
-0.354, 0.271, 0.863
-0.346, 0.278, 0.863
-0.352, 0.285, 0.859
-0.359, 0.291, 0.857
-0.351, 0.291, 0.857
-0.345, 0.285, 0.862
-0.338, 0.293, 0.862
-0.337, 0.300, 0.860
-0.343, 0.306, 0.857
-0.351, 0.306, 0.856
-0.350, 0.313, 0.854
-0.342, 0.313, 0.854
-0.337, 0.307, 0.859
-0.330, 0.300, 0.860
-0.323, 0.308, 0.862
-0.323, 0.293, 0.862
-0.331, 0.286, 0.863
-0.330, 0.293, 0.862
-0.323, 0.278, 0.863
-0.331, 0.279, 0.863
-0.316, 0.286, 0.863
-0.309, 0.294, 0.866
-0.326, 0.258, 0.870
-0.333, 0.250, 0.869
-0.318, 0.258, 0.870
-0.310, 0.265, 0.868
-0.303, 0.273, 0.869
-0.295, 0.280, 0.868
-0.287, 0.287, 0.868
-0.288, 0.281, 0.870
-0.281, 0.273, 0.871
-0.288, 0.273, 0.870
-0.273, 0.273, 0.871
-0.266, 0.274, 0.872
-0.267, 0.267, 0.874
-0.303, 0.265, 0.870
-0.311, 0.258, 0.871
-0.319, 0.251, 0.871
-0.312, 0.251, 0.873
-0.305, 0.244, 0.875
-0.313, 0.237, 0.875
-0.319, 0.236, 0.873
-0.312, 0.244, 0.874
-0.306, 0.229, 0.877
-0.313, 0.222, 0.877
-0.321, 0.214, 0.877
-0.329, 0.207, 0.877
-0.336, 0.214, 0.877
-0.328, 0.214, 0.876
-0.314, 0.215, 0.879
-0.306, 0.215, 0.879
-0.306, 0.207, 0.879
-0.306, 0.199, 0.879
-0.296, 0.251, 0.872
-0.272, 0.310, 0.867
-0.272, 0.302, 0.867
-0.264, 0.295, 0.867
-0.257, 0.302, 0.867
-0.257, 0.310, 0.866
-0.249, 0.317, 0.867
-0.256, 0.324, 0.864
-0.263, 0.331, 0.862
-0.270, 0.323, 0.861
-0.256, 0.331, 0.864
-0.249, 0.324, 0.864
-0.241, 0.324, 0.865
-0.233, 0.331, 0.862
-0.225, 0.330, 0.861
-0.234, 0.324, 0.864
-0.242, 0.317, 0.867
-0.242, 0.310, 0.867
-0.250, 0.303, 0.868
-0.242, 0.303, 0.869
-0.251, 0.296, 0.871
-0.251, 0.289, 0.874
-0.244, 0.282, 0.875
-0.251, 0.274, 0.872
-0.245, 0.268, 0.878
-0.237, 0.276, 0.878
-0.230, 0.268, 0.878
-0.238, 0.268, 0.879
-0.245, 0.261, 0.879
-0.230, 0.261, 0.880
-0.222, 0.267, 0.876
-0.215, 0.261, 0.881
-0.222, 0.261, 0.880
-0.231, 0.254, 0.881
-0.207, 0.269, 0.880
-0.207, 0.276, 0.879
-0.207, 0.283, 0.879
-0.214, 0.290, 0.876
-0.221, 0.290, 0.875
-0.228, 0.297, 0.873
-0.236, 0.296, 0.872
-0.235, 0.303, 0.869
-0.221, 0.297, 0.874
-0.206, 0.297, 0.874
-0.205, 0.304, 0.872
-0.198, 0.304, 0.871
-0.190, 0.304, 0.872
-0.183, 0.298, 0.875
-0.191, 0.298, 0.877
-0.199, 0.291, 0.878
-0.206, 0.290, 0.877
-0.192, 0.283, 0.878
-0.199, 0.276, 0.879
-0.192, 0.269, 0.882
-0.200, 0.269, 0.881
-0.208, 0.261, 0.882
-0.208, 0.254, 0.883
-0.185, 0.277, 0.883
-0.177, 0.269, 0.883
-0.185, 0.269, 0.883
-0.169, 0.277, 0.881
-0.162, 0.284, 0.882
-0.169, 0.292, 0.880
-0.176, 0.298, 0.876
-0.184, 0.291, 0.878
-0.169, 0.299, 0.878
-0.162, 0.292, 0.881
-0.154, 0.299, 0.880
-0.153, 0.306, 0.878
-0.153, 0.313, 0.876
-0.146, 0.313, 0.877
-0.138, 0.314, 0.878
-0.131, 0.307, 0.881
-0.138, 0.306, 0.879
-0.131, 0.300, 0.883
-0.139, 0.293, 0.883
-0.146, 0.292, 0.882
-0.154, 0.292, 0.882
-0.132, 0.293, 0.885
-0.162, 0.277, 0.882
-0.170, 0.270, 0.884
-0.218, 0.338, 0.862
-0.210, 0.345, 0.860
-0.217, 0.351, 0.858
-0.225, 0.359, 0.859
-0.233, 0.360, 0.860
-0.240, 0.352, 0.859
-0.239, 0.366, 0.857
-0.232, 0.366, 0.858
-0.217, 0.359, 0.858
-0.210, 0.352, 0.859
-0.203, 0.353, 0.861
-0.195, 0.360, 0.860
-0.195, 0.367, 0.860
-0.188, 0.376, 0.862
-0.188, 0.383, 0.861
-0.181, 0.376, 0.862
-0.188, 0.368, 0.861
-0.181, 0.361, 0.863
-0.188, 0.360, 0.861
-0.196, 0.353, 0.863
-0.181, 0.354, 0.864
-0.174, 0.362, 0.865
-0.174, 0.369, 0.865
-0.166, 0.369, 0.864
-0.158, 0.361, 0.864
-0.166, 0.362, 0.865
-0.173, 0.354, 0.864
-0.181, 0.347, 0.866
-0.175, 0.341, 0.870
-0.182, 0.333, 0.868
-0.182, 0.340, 0.868
-0.174, 0.325, 0.868
-0.182, 0.325, 0.867
-0.167, 0.327, 0.871
-0.160, 0.334, 0.872
-0.160, 0.341, 0.871
-0.166, 0.347, 0.865
-0.159, 0.355, 0.866
-0.152, 0.355, 0.868
-0.159, 0.347, 0.867
-0.152, 0.349, 0.870
-0.144, 0.356, 0.869
-0.144, 0.363, 0.867
-0.151, 0.368, 0.863
-0.151, 0.377, 0.864
-0.151, 0.384, 0.864
-0.151, 0.391, 0.862
-0.150, 0.397, 0.861
-0.143, 0.397, 0.860
-0.136, 0.398, 0.862
-0.128, 0.398, 0.862
-0.136, 0.391, 0.864
-0.144, 0.384, 0.865
-0.136, 0.377, 0.865
-0.128, 0.377, 0.864
-0.121, 0.384, 0.863
-0.128, 0.391, 0.863
-0.121, 0.398, 0.862
-0.121, 0.405, 0.862
-0.113, 0.405, 0.861
-0.105, 0.397, 0.860
-0.113, 0.391, 0.863
-0.121, 0.391, 0.863
-0.106, 0.386, 0.868
-0.099, 0.392, 0.866
-0.099, 0.379, 0.871
-0.092, 0.372, 0.872
-0.099, 0.371, 0.870
-0.098, 0.405, 0.860
-0.091, 0.413, 0.863
-0.091, 0.422, 0.864
-0.083, 0.422, 0.864
-0.083, 0.414, 0.864
-0.091, 0.406, 0.863
-0.083, 0.407, 0.865
-0.137, 0.349, 0.871
-0.145, 0.342, 0.873
-0.152, 0.342, 0.872
-0.137, 0.342, 0.873
-0.130, 0.350, 0.872
-0.130, 0.357, 0.872
-0.121, 0.363, 0.869
-0.130, 0.342, 0.873
-0.123, 0.336, 0.876
-0.130, 0.336, 0.876
-0.115, 0.343, 0.875
-0.107, 0.336, 0.877
-0.115, 0.336, 0.877
-0.107, 0.329, 0.877
-0.100, 0.337, 0.878
-0.100, 0.344, 0.878
-0.092, 0.351, 0.875
-0.092, 0.357, 0.873
-0.084, 0.358, 0.873
-0.076, 0.365, 0.872
-0.069, 0.359, 0.877
-0.077, 0.351, 0.876
-0.084, 0.351, 0.876
-0.092, 0.344, 0.877
-0.085, 0.337, 0.879
-0.092, 0.337, 0.878
-0.077, 0.337, 0.880
-0.077, 0.330, 0.881
-0.085, 0.322, 0.880
-0.093, 0.316, 0.883
-0.101, 0.309, 0.886
-0.108, 0.309, 0.885
-0.108, 0.315, 0.882
-0.108, 0.321, 0.878
-0.100, 0.321, 0.878
-0.101, 0.302, 0.887
-0.093, 0.294, 0.887
-0.101, 0.294, 0.887
-0.093, 0.286, 0.888
-0.086, 0.287, 0.889
-0.078, 0.287, 0.890
-0.070, 0.294, 0.889
-0.070, 0.302, 0.887
-0.070, 0.309, 0.886
-0.078, 0.316, 0.884
-0.085, 0.316, 0.884
-0.077, 0.323, 0.882
-0.070, 0.324, 0.885
-0.062, 0.325, 0.887
-0.062, 0.317, 0.888
-0.062, 0.310, 0.888
-0.070, 0.287, 0.890
-0.069, 0.352, 0.878
-0.062, 0.360, 0.879
-0.062, 0.367, 0.877
-0.062, 0.374, 0.875
-0.054, 0.382, 0.876
-0.061, 0.387, 0.871
-0.061, 0.394, 0.870
-0.061, 0.400, 0.867
-0.054, 0.394, 0.871
-0.046, 0.402, 0.870
-0.054, 0.388, 0.873
-0.046, 0.374, 0.876
-0.054, 0.367, 0.877
-0.046, 0.367, 0.877
-0.054, 0.360, 0.879
-0.062, 0.352, 0.879
-0.054, 0.346, 0.882
-0.062, 0.345, 0.881
-0.047, 0.353, 0.881
-0.039, 0.360, 0.879
-0.039, 0.367, 0.877
-0.039, 0.375, 0.878
-0.031, 0.376, 0.880
-0.024, 0.376, 0.880
-0.016, 0.383, 0.878
-0.024, 0.390, 0.878
-0.031, 0.396, 0.874
-0.031, 0.402, 0.872
-0.023, 0.396, 0.875
-0.016, 0.404, 0.874
-0.016, 0.410, 0.872
-0.016, 0.417, 0.871
-0.008, 0.417, 0.871
-0.001, 0.411, 0.874
-0.008, 0.410, 0.872
-0.001, 0.404, 0.876
0.007, 0.413, 0.877
0.007, 0.419, 0.874
0.015, 0.419, 0.874
0.022, 0.426, 0.873
0.030, 0.425, 0.872
0.022, 0.419, 0.874
0.022, 0.412, 0.875
0.015, 0.406, 0.879
0.007, 0.398, 0.878
-0.001, 0.390, 0.878
-0.001, 0.397, 0.877
-0.001, 0.383, 0.879
-0.008, 0.376, 0.882
-0.016, 0.369, 0.881
-0.016, 0.376, 0.881
-0.008, 0.369, 0.882
-0.016, 0.361, 0.881
-0.016, 0.354, 0.884
-0.024, 0.347, 0.885
-0.016, 0.348, 0.886
-0.024, 0.339, 0.885
-0.031, 0.332, 0.886
-0.039, 0.325, 0.887
-0.039, 0.331, 0.884
-0.032, 0.318, 0.890
-0.039, 0.317, 0.888
-0.032, 0.310, 0.890
-0.024, 0.310, 0.890
-0.016, 0.304, 0.894
-0.024, 0.303, 0.893
-0.016, 0.297, 0.897
-0.008, 0.305, 0.897
-0.001, 0.312, 0.894
-0.008, 0.318, 0.891
-0.016, 0.326, 0.890
-0.024, 0.326, 0.890
-0.024, 0.332, 0.886
-0.016, 0.333, 0.887
-0.008, 0.340, 0.887
-0.001, 0.340, 0.886
-0.008, 0.333, 0.888
-0.008, 0.326, 0.890
-0.001, 0.319, 0.892
0.007, 0.348, 0.886
0.015, 0.355, 0.885
0.015, 0.361, 0.882
0.007, 0.368, 0.880
-0.001, 0.376, 0.881
0.015, 0.369, 0.882
0.022, 0.370, 0.883
0.022, 0.362, 0.884
0.022, 0.355, 0.886
0.015, 0.348, 0.888
0.007, 0.340, 0.887
0.015, 0.341, 0.890
0.023, 0.335, 0.895
0.015, 0.326, 0.892
0.015, 0.334, 0.891
0.023, 0.320, 0.895
0.015, 0.319, 0.893
0.030, 0.328, 0.895
0.038, 0.334, 0.891
0.038, 0.342, 0.892
0.030, 0.350, 0.893
0.046, 0.342, 0.893
0.038, 0.320, 0.896
0.030, 0.320, 0.896
0.046, 0.320, 0.896
0.054, 0.321, 0.898
0.062, 0.329, 0.899
0.070, 0.336, 0.897
0.069, 0.342, 0.893
0.077, 0.350, 0.893
0.085, 0.359, 0.896
0.077, 0.366, 0.893
0.093, 0.367, 0.895
0.093, 0.374, 0.895
0.100, 0.381, 0.892
0.092, 0.387, 0.889
0.100, 0.395, 0.889
0.107, 0.395, 0.888
0.115, 0.388, 0.890
0.123, 0.388, 0.891
0.124, 0.382, 0.895
0.093, 0.351, 0.896
0.085, 0.351, 0.895
0.077, 0.343, 0.894
0.093, 0.344, 0.898
0.101, 0.344, 0.897
0.093, 0.337, 0.900
0.101, 0.330, 0.902
0.093, 0.330, 0.901
0.101, 0.322, 0.902
0.109, 0.323, 0.904
0.117, 0.331, 0.904
0.117, 0.338, 0.901
0.125, 0.323, 0.903
0.117, 0.315, 0.903
0.110, 0.308, 0.906
0.102, 0.301, 0.907
0.094, 0.292, 0.906
0.086, 0.292, 0.905
0.078, 0.292, 0.905
0.070, 0.299, 0.903
0.070, 0.307, 0.902
0.070, 0.314, 0.902
0.062, 0.322, 0.900
0.070, 0.329, 0.899
0.078, 0.314, 0.901
0.085, 0.314, 0.900
0.094, 0.307, 0.903
0.085, 0.306, 0.900
0.078, 0.299, 0.901
0.094, 0.300, 0.905
0.102, 0.308, 0.905
0.109, 0.315, 0.903
0.102, 0.292, 0.906
0.110, 0.285, 0.909
0.102, 0.285, 0.908
0.110, 0.278, 0.912
0.118, 0.286, 0.912
0.126, 0.294, 0.912
0.134, 0.301, 0.909
0.125, 0.308, 0.905
0.125, 0.315, 0.904
0.133, 0.323, 0.905
0.141, 0.324, 0.906
0.149, 0.317, 0.908
0.141, 0.316, 0.907
0.133, 0.308, 0.907
0.158, 0.317, 0.910
0.158, 0.310, 0.912
0.150, 0.302, 0.912
0.142, 0.295, 0.914
0.134, 0.295, 0.914
0.143, 0.288, 0.917
0.150, 0.295, 0.914
0.158, 0.303, 0.914
0.167, 0.303, 0.915
0.151, 0.288, 0.917
0.143, 0.280, 0.918
0.151, 0.281, 0.919
0.143, 0.272, 0.918
0.151, 0.273, 0.920
0.143, 0.264, 0.919
0.135, 0.257, 0.920
0.127, 0.256, 0.918
0.119, 0.256, 0.917
0.111, 0.264, 0.917
0.111, 0.271, 0.914
0.118, 0.279, 0.913
0.119, 0.264, 0.917
0.143, 0.257, 0.921
0.152, 0.249, 0.922
0.144, 0.241, 0.922
0.143, 0.249, 0.921
0.160, 0.250, 0.923
0.168, 0.257, 0.922
0.168, 0.265, 0.921
0.168, 0.274, 0.923
0.175, 0.281, 0.920
0.183, 0.288, 0.919
0.183, 0.296, 0.917
0.183, 0.304, 0.918
0.191, 0.311, 0.916
0.198, 0.319, 0.916
0.207, 0.320, 0.918
0.199, 0.312, 0.917
0.191, 0.304, 0.918
0.215, 0.320, 0.918
0.223, 0.320, 0.919
0.230, 0.327, 0.916
0.238, 0.335, 0.914
0.246, 0.343, 0.916
0.246, 0.351, 0.916
0.237, 0.358, 0.913
0.229, 0.358, 0.912
0.222, 0.350, 0.913
0.213, 0.349, 0.910
0.205, 0.356, 0.908
0.197, 0.348, 0.908
0.189, 0.348, 0.909
0.181, 0.340, 0.908
0.173, 0.348, 0.908
0.165, 0.340, 0.907
0.157, 0.331, 0.904
0.157, 0.347, 0.904
0.156, 0.354, 0.902
0.148, 0.361, 0.900
0.140, 0.360, 0.898
0.132, 0.360, 0.897
0.124, 0.360, 0.897
0.124, 0.368, 0.898
0.156, 0.361, 0.901
0.164, 0.369, 0.902
0.172, 0.369, 0.901
0.164, 0.361, 0.901
0.179, 0.368, 0.900
0.187, 0.369, 0.901
0.188, 0.362, 0.904
0.197, 0.356, 0.907
0.189, 0.356, 0.907
0.181, 0.348, 0.908
0.204, 0.364, 0.907
0.213, 0.365, 0.909
0.221, 0.357, 0.911
0.213, 0.357, 0.910
0.165, 0.348, 0.907
0.245, 0.365, 0.912
0.244, 0.372, 0.909
0.253, 0.374, 0.912
0.261, 0.382, 0.912
0.261, 0.366, 0.914
0.254, 0.358, 0.914
0.246, 0.358, 0.914
0.253, 0.366, 0.913
0.261, 0.358, 0.914
0.254, 0.351, 0.916
0.263, 0.344, 0.918
0.255, 0.336, 0.919
0.246, 0.335, 0.916
0.238, 0.327, 0.915
0.231, 0.320, 0.918
0.223, 0.312, 0.918
0.223, 0.304, 0.917
0.223, 0.297, 0.920
0.216, 0.289, 0.921
0.208, 0.282, 0.924
0.200, 0.273, 0.922
0.192, 0.266, 0.923
0.184, 0.258, 0.924
0.184, 0.265, 0.921
0.176, 0.273, 0.921
0.183, 0.273, 0.919
0.191, 0.281, 0.919
0.191, 0.288, 0.919
0.200, 0.281, 0.922
0.207, 0.289, 0.920
0.185, 0.251, 0.927
0.193, 0.243, 0.928
0.185, 0.243, 0.927
0.201, 0.243, 0.928
0.209, 0.251, 0.928
0.201, 0.259, 0.928
0.200, 0.266, 0.924
0.208, 0.266, 0.925
0.217, 0.274, 0.926
0.224, 0.282, 0.923
0.224, 0.289, 0.921
0.232, 0.289, 0.922
0.240, 0.297, 0.921
0.248, 0.298, 0.923
0.240, 0.289, 0.922
0.232, 0.282, 0.924
0.233, 0.275, 0.928
0.225, 0.267, 0.928
0.217, 0.267, 0.927
0.209, 0.259, 0.927
0.217, 0.251, 0.928
0.225, 0.259, 0.929
0.234, 0.259, 0.929
0.242, 0.252, 0.931
0.234, 0.252, 0.931
0.226, 0.244, 0.932
0.217, 0.243, 0.929
0.209, 0.235, 0.928
0.201, 0.235, 0.929
0.193, 0.227, 0.930
0.202, 0.220, 0.933
0.210, 0.227, 0.931
0.219, 0.228, 0.934
0.210, 0.220, 0.934
0.203, 0.212, 0.936
0.203, 0.205, 0.938
0.212, 0.197, 0.940
0.204, 0.189, 0.941
0.204, 0.181, 0.942
0.196, 0.173, 0.942
0.204, 0.173, 0.943
0.196, 0.165, 0.943
0.196, 0.157, 0.945
0.213, 0.173, 0.945
0.221, 0.181, 0.944
0.220, 0.189, 0.942
0.220, 0.197, 0.940
0.228, 0.205, 0.938
0.236, 0.213, 0.937
0.236, 0.197, 0.938
0.228, 0.189, 0.940
0.236, 0.189, 0.939
0.221, 0.173, 0.946
0.219, 0.221, 0.937
0.227, 0.229, 0.936
0.227, 0.236, 0.934
0.236, 0.229, 0.937
0.243, 0.237, 0.936
0.252, 0.237, 0.937
0.260, 0.237, 0.938
0.268, 0.229, 0.938
0.260, 0.229, 0.938
0.277, 0.229, 0.939
0.286, 0.222, 0.941
0.277, 0.221, 0.940
0.294, 0.230, 0.941
0.294, 0.238, 0.940
0.294, 0.246, 0.940
0.285, 0.254, 0.939
0.277, 0.254, 0.939
0.268, 0.253, 0.937
0.259, 0.253, 0.935
0.251, 0.252, 0.932
0.250, 0.260, 0.930
0.293, 0.254, 0.939
0.301, 0.262, 0.939
0.301, 0.270, 0.937
0.291, 0.276, 0.932
0.282, 0.283, 0.928
0.273, 0.282, 0.925
0.265, 0.282, 0.925
0.257, 0.283, 0.926
0.249, 0.283, 0.926
0.249, 0.290, 0.924
0.256, 0.298, 0.924
0.265, 0.306, 0.924
0.272, 0.314, 0.923
0.263, 0.320, 0.917
0.255, 0.328, 0.918
0.263, 0.336, 0.917
0.255, 0.344, 0.918
0.270, 0.335, 0.916
0.263, 0.328, 0.918
0.271, 0.328, 0.918
0.271, 0.321, 0.919
0.278, 0.343, 0.915
0.270, 0.351, 0.916
0.270, 0.359, 0.915
0.270, 0.367, 0.916
0.279, 0.368, 0.918
0.279, 0.360, 0.918
0.287, 0.352, 0.917
0.278, 0.352, 0.917
0.286, 0.344, 0.917
0.295, 0.352, 0.918
0.282, 0.307, 0.928
0.273, 0.307, 0.926
0.265, 0.298, 0.925
0.282, 0.299, 0.928
0.291, 0.300, 0.931
0.299, 0.309, 0.932
0.306, 0.316, 0.929
0.316, 0.309, 0.933
0.307, 0.300, 0.931
0.299, 0.301, 0.932
0.291, 0.292, 0.931
0.290, 0.284, 0.930
0.300, 0.277, 0.936
0.308, 0.285, 0.935
0.308, 0.293, 0.933
0.316, 0.301, 0.933
0.325, 0.293, 0.935
0.317, 0.294, 0.935
0.325, 0.286, 0.937
0.334, 0.286, 0.939
0.342, 0.286, 0.938
0.350, 0.294, 0.938
0.349, 0.302, 0.936
0.341, 0.310, 0.935
0.332, 0.309, 0.934
0.332, 0.317, 0.932
0.340, 0.317, 0.932
0.348, 0.317, 0.932
0.356, 0.317, 0.932
0.349, 0.310, 0.934
0.364, 0.317, 0.933
0.373, 0.318, 0.934
0.382, 0.318, 0.936
0.374, 0.310, 0.936
0.366, 0.302, 0.937
0.359, 0.295, 0.939
0.367, 0.295, 0.941
0.358, 0.286, 0.938
0.368, 0.279, 0.941
0.377, 0.288, 0.945
0.385, 0.288, 0.944
0.377, 0.280, 0.944
0.369, 0.272, 0.944
0.377, 0.272, 0.944
0.386, 0.264, 0.946
0.378, 0.264, 0.946
0.387, 0.257, 0.949
0.394, 0.264, 0.946
0.403, 0.272, 0.947
0.412, 0.273, 0.950
0.403, 0.265, 0.948
0.395, 0.257, 0.949
0.389, 0.249, 0.952
0.390, 0.242, 0.955
0.380, 0.233, 0.953
0.371, 0.232, 0.951
0.362, 0.232, 0.949
0.353, 0.231, 0.946
0.353, 0.239, 0.946
0.354, 0.248, 0.947
0.344, 0.255, 0.944
0.344, 0.263, 0.942
0.342, 0.270, 0.940
0.342, 0.278, 0.938
0.353, 0.255, 0.945
0.381, 0.225, 0.953
0.372, 0.216, 0.953
0.364, 0.216, 0.953
0.356, 0.208, 0.954
0.348, 0.200, 0.955
0.338, 0.207, 0.950
0.330, 0.207, 0.950
0.322, 0.199, 0.952
0.315, 0.192, 0.954
0.306, 0.183, 0.953
0.297, 0.183, 0.950
0.288, 0.182, 0.948
0.279, 0.190, 0.947
0.270, 0.198, 0.945
0.262, 0.198, 0.944
0.269, 0.205, 0.941
0.279, 0.198, 0.947
0.286, 0.206, 0.943
0.294, 0.214, 0.943
0.294, 0.222, 0.942
0.303, 0.222, 0.944
0.312, 0.231, 0.946
0.319, 0.238, 0.943
0.310, 0.246, 0.941
0.302, 0.246, 0.940
0.302, 0.254, 0.940
0.310, 0.254, 0.940
0.318, 0.254, 0.941
0.326, 0.254, 0.940
0.327, 0.246, 0.942
0.327, 0.238, 0.942
0.319, 0.231, 0.944
0.312, 0.223, 0.945
0.295, 0.206, 0.944
0.305, 0.199, 0.951
0.296, 0.198, 0.947
0.287, 0.190, 0.946
0.306, 0.191, 0.953
0.314, 0.200, 0.952
0.321, 0.207, 0.948
0.314, 0.183, 0.954
0.323, 0.175, 0.954
0.315, 0.175, 0.954
0.331, 0.175, 0.955
0.341, 0.176, 0.958
0.350, 0.176, 0.960
0.359, 0.185, 0.961
0.358, 0.192, 0.959
0.357, 0.200, 0.956
0.347, 0.208, 0.952
0.355, 0.216, 0.952
0.365, 0.200, 0.955
0.374, 0.192, 0.957
0.366, 0.192, 0.958
0.375, 0.184, 0.959
0.383, 0.184, 0.960
0.392, 0.193, 0.960
0.383, 0.201, 0.958
0.381, 0.208, 0.954
0.381, 0.217, 0.954
0.390, 0.225, 0.955
0.398, 0.234, 0.956
0.405, 0.241, 0.953
0.404, 0.249, 0.950
0.413, 0.249, 0.951
0.423, 0.258, 0.955
0.430, 0.266, 0.953
0.421, 0.274, 0.951
0.420, 0.281, 0.949
0.410, 0.289, 0.945
0.402, 0.288, 0.945
0.393, 0.288, 0.944
0.410, 0.296, 0.944
0.416, 0.303, 0.940
0.415, 0.311, 0.938
0.415, 0.319, 0.937
0.406, 0.327, 0.936
0.398, 0.326, 0.936
0.389, 0.333, 0.933
0.398, 0.334, 0.935
0.415, 0.327, 0.938
0.424, 0.327, 0.938
0.424, 0.319, 0.938
0.433, 0.312, 0.941
0.425, 0.303, 0.941
0.417, 0.296, 0.943
0.419, 0.288, 0.945
0.429, 0.282, 0.951
0.424, 0.311, 0.940
0.433, 0.304, 0.941
0.442, 0.304, 0.943
0.433, 0.295, 0.941
0.443, 0.296, 0.944
0.451, 0.305, 0.945
0.460, 0.305, 0.946
0.451, 0.297, 0.945
0.460, 0.297, 0.946
0.452, 0.289, 0.947
0.463, 0.282, 0.951
0.456, 0.275, 0.954
0.449, 0.267, 0.957
0.439, 0.258, 0.954
0.431, 0.250, 0.954
0.431, 0.258, 0.954
0.439, 0.250, 0.954
0.448, 0.250, 0.956
0.457, 0.259, 0.956
0.465, 0.250, 0.956
0.457, 0.250, 0.956
0.449, 0.242, 0.958
0.459, 0.235, 0.961
0.451, 0.226, 0.961
0.450, 0.235, 0.960
0.459, 0.218, 0.962
0.453, 0.211, 0.966
0.461, 0.210, 0.964
0.453, 0.202, 0.966
0.454, 0.194, 0.968
0.455, 0.187, 0.971
0.447, 0.178, 0.971
0.438, 0.178, 0.970
0.431, 0.170, 0.973
0.422, 0.161, 0.973
0.422, 0.170, 0.972
0.411, 0.177, 0.966
0.402, 0.177, 0.964
0.392, 0.184, 0.960
0.385, 0.177, 0.963
0.377, 0.168, 0.964
0.368, 0.160, 0.962
0.359, 0.151, 0.962
0.368, 0.151, 0.962
0.360, 0.143, 0.964
0.369, 0.135, 0.967
0.361, 0.135, 0.967
0.371, 0.127, 0.971
0.362, 0.119, 0.971
0.372, 0.119, 0.973
0.362, 0.110, 0.970
0.363, 0.102, 0.972
0.355, 0.094, 0.973
0.346, 0.094, 0.972
0.338, 0.085, 0.973
0.330, 0.077, 0.975
0.321, 0.068, 0.973
0.313, 0.060, 0.976
0.306, 0.052, 0.978
0.296, 0.060, 0.975
0.288, 0.052, 0.977
0.280, 0.043, 0.978
0.279, 0.052, 0.976
0.270, 0.060, 0.971
0.269, 0.068, 0.968
0.268, 0.076, 0.967
0.277, 0.076, 0.967
0.286, 0.077, 0.969
0.295, 0.068, 0.972
0.286, 0.068, 0.970
0.278, 0.060, 0.970
0.305, 0.060, 0.975
0.313, 0.068, 0.974
0.321, 0.077, 0.974
0.329, 0.085, 0.972
0.329, 0.094, 0.971
0.329, 0.102, 0.972
0.337, 0.102, 0.972
0.346, 0.102, 0.971
0.339, 0.077, 0.976
0.348, 0.077, 0.978
0.356, 0.086, 0.977
0.364, 0.094, 0.975
0.373, 0.094, 0.977
0.382, 0.094, 0.979
0.374, 0.086, 0.979
0.366, 0.078, 0.982
0.357, 0.077, 0.979
0.366, 0.069, 0.982
0.356, 0.060, 0.978
0.350, 0.052, 0.983
0.341, 0.052, 0.981
0.331, 0.052, 0.979
0.323, 0.043, 0.980
0.315, 0.043, 0.980
0.323, 0.052, 0.979
0.330, 0.060, 0.975
0.339, 0.060, 0.977
0.324, 0.035, 0.981
0.315, 0.026, 0.982
0.308, 0.018, 0.986
0.300, 0.009, 0.987
0.308, 0.009, 0.987
0.299, 0.001, 0.986
0.308, 0.001, 0.988
0.300, -0.008, 0.987
0.291, -0.016, 0.988
0.283, -0.025, 0.990
0.275, -0.025, 0.990
0.266, -0.034, 0.989
0.258, -0.042, 0.991
0.249, -0.051, 0.990
0.240, -0.051, 0.990
0.232, -0.051, 0.990
0.231, -0.042, 0.987
0.231, -0.034, 0.985
0.230, -0.025, 0.984
0.230, -0.016, 0.983
0.238, -0.016, 0.982
0.247, -0.016, 0.982
0.256, -0.016, 0.985
0.248, -0.025, 0.985
0.265, -0.008, 0.986
0.256, 0.001, 0.983
0.247, 0.001, 0.982
0.239, 0.001, 0.983
0.229, 0.009, 0.979
0.228, 0.018, 0.975
0.219, 0.026, 0.973
0.211, 0.026, 0.973
0.202, 0.018, 0.973
0.194, 0.009, 0.974
0.185, 0.009, 0.972
0.203, 0.009, 0.976
0.202, 0.026, 0.971
0.193, 0.034, 0.967
0.202, 0.034, 0.969
0.211, 0.034, 0.972
0.219, 0.043, 0.970
0.227, 0.051, 0.970
0.218, 0.060, 0.968
0.209, 0.068, 0.966
0.201, 0.059, 0.965
0.192, 0.051, 0.963
0.200, 0.068, 0.964
0.200, 0.076, 0.960
0.208, 0.084, 0.960
0.200, 0.093, 0.960
0.208, 0.092, 0.959
0.216, 0.084, 0.959
0.225, 0.084, 0.960
0.217, 0.076, 0.962
0.226, 0.068, 0.965
0.234, 0.076, 0.965
0.233, 0.084, 0.962
0.242, 0.076, 0.964
0.251, 0.068, 0.966
0.243, 0.068, 0.965
0.252, 0.060, 0.969
0.244, 0.051, 0.972
0.236, 0.051, 0.970
0.227, 0.043, 0.971
0.227, 0.034, 0.971
0.236, 0.026, 0.973
0.228, 0.026, 0.972
0.245, 0.026, 0.974
0.254, 0.026, 0.975
0.262, 0.026, 0.975
0.254, 0.018, 0.976
0.263, 0.018, 0.978
0.271, 0.026, 0.977
0.280, 0.035, 0.978
0.288, 0.043, 0.978
0.280, 0.026, 0.980
0.264, 0.009, 0.983
0.265, 0.001, 0.985
0.253, 0.051, 0.973
0.238, 0.009, 0.982
0.266, -0.016, 0.988
0.266, -0.025, 0.989
0.250, -0.060, 0.993
0.259, -0.051, 0.994
0.266, -0.042, 0.991
0.268, -0.060, 0.996
0.259, -0.060, 0.996
0.250, -0.068, 0.993
0.258, -0.077, 0.993
0.250, -0.077, 0.993
0.260, -0.086, 1.000
0.269, -0.086, 1.002
0.278, -0.078, 1.000
0.268, -0.069, 0.996
0.277, -0.069, 0.998
0.287, -0.087, 1.003
0.278, -0.095, 1.002
0.270, -0.104, 1.005
0.270, -0.095, 1.003
0.278, -0.086, 1.002
0.280, -0.113, 1.009
0.271, -0.113, 1.009
0.288, -0.113, 1.008
0.296, -0.104, 1.005
0.306, -0.096, 1.009
0.297, -0.087, 1.007
0.296, -0.078, 1.003
0.295, -0.069, 1.001
0.304, -0.060, 1.000
0.313, -0.060, 1.002
0.304, -0.069, 1.002
0.315, -0.078, 1.009
0.307, -0.087, 1.010
0.315, -0.096, 1.010
0.306, -0.105, 1.009
0.297, -0.113, 1.008
0.324, -0.087, 1.008
0.332, -0.078, 1.007
0.323, -0.069, 1.006
0.323, -0.060, 1.005
0.322, -0.052, 1.003
0.321, -0.043, 1.001
0.321, -0.034, 0.999
0.311, -0.025, 0.995
0.302, -0.025, 0.993
0.300, -0.017, 0.989
0.320, -0.025, 0.997
0.328, -0.017, 0.994
0.327, -0.008, 0.991
0.318, 0.001, 0.989
0.327, 0.001, 0.991
0.336, -0.017, 0.994
0.345, -0.017, 0.994
0.337, -0.025, 0.996
0.329, -0.034, 0.999
0.347, -0.034, 0.999
0.355, -0.025, 0.997
0.354, -0.017, 0.994
0.353, -0.008, 0.993
0.353, 0.001, 0.991
0.352, 0.009, 0.991
0.352, 0.018, 0.989
0.351, 0.026, 0.987
0.350, 0.035, 0.984
0.350, 0.043, 0.983
0.361, 0.018, 0.989
0.368, 0.026, 0.986
0.361, 0.009, 0.991
0.369, 0.001, 0.989
0.361, -0.008, 0.991
0.371, -0.017, 0.994
0.364, -0.025, 0.998
0.355, -0.034, 0.999
0.365, -0.034, 1.000
0.356, -0.043, 1.001
0.348, -0.052, 1.004
0.357, -0.052, 1.003
0.349, -0.061, 1.007
0.358, -0.061, 1.006
0.367, -0.061, 1.006
0.367, -0.069, 1.007
0.358, -0.078, 1.007
0.351, -0.087, 1.012
0.342, -0.096, 1.011
0.333, -0.096, 1.009
0.324, -0.096, 1.008
0.332, -0.087, 1.008
0.341, -0.078, 1.008
0.332, -0.069, 1.006
0.331, -0.060, 1.005
0.331, -0.052, 1.003
0.351, -0.096, 1.012
0.360, -0.087, 1.011
0.368, -0.078, 1.009
0.374, -0.034, 1.003
0.383, -0.025, 1.003
0.381, -0.017, 0.998
0.380, -0.008, 0.996
0.389, 0.001, 0.997
0.397, 0.009, 0.995
0.389, 0.018, 0.996
0.397, 0.027, 0.993
0.395, 0.035, 0.990
0.385, 0.044, 0.987
0.376, 0.052, 0.986
0.376, 0.061, 0.984
0.376, 0.069, 0.984
0.376, 0.078, 0.984
0.384, 0.078, 0.984
0.392, 0.086, 0.983
0.391, 0.094, 0.980
0.390, 0.103, 0.976
0.389, 0.111, 0.974
0.388, 0.119, 0.973
0.380, 0.128, 0.972
0.379, 0.136, 0.970
0.386, 0.144, 0.968
0.396, 0.136, 0.971
0.388, 0.127, 0.971
0.387, 0.136, 0.970
0.405, 0.136, 0.972
0.415, 0.136, 0.975
0.405, 0.128, 0.973
0.416, 0.128, 0.977
0.406, 0.119, 0.975
0.417, 0.112, 0.981
0.407, 0.111, 0.978
0.417, 0.103, 0.981
0.426, 0.103, 0.981
0.427, 0.095, 0.983
0.428, 0.086, 0.985
0.428, 0.078, 0.987
0.419, 0.069, 0.986
0.411, 0.069, 0.985
0.404, 0.061, 0.990
0.395, 0.052, 0.989
0.386, 0.052, 0.987
0.385, 0.061, 0.985
0.392, 0.069, 0.983
0.401, 0.078, 0.982
0.400, 0.086, 0.981
0.410, 0.078, 0.983
0.420, 0.061, 0.988
0.429, 0.069, 0.988
0.438, 0.070, 0.989
0.447, 0.070, 0.989
0.455, 0.070, 0.990
0.463, 0.078, 0.989
0.463, 0.087, 0.987
0.462, 0.095, 0.986
0.462, 0.104, 0.985
0.462, 0.112, 0.985
0.452, 0.120, 0.982
0.443, 0.120, 0.980
0.434, 0.128, 0.979
0.426, 0.120, 0.981
0.425, 0.129, 0.980
0.425, 0.137, 0.978
0.424, 0.145, 0.977
0.423, 0.153, 0.975
0.431, 0.162, 0.973
0.439, 0.161, 0.972
0.448, 0.170, 0.973
0.456, 0.178, 0.973
0.465, 0.179, 0.974
0.474, 0.170, 0.975
0.465, 0.170, 0.973
0.475, 0.162, 0.978
0.484, 0.162, 0.977
0.484, 0.154, 0.978
0.477, 0.146, 0.981
0.468, 0.137, 0.980
0.460, 0.129, 0.982
0.449, 0.136, 0.975
0.439, 0.145, 0.973
0.433, 0.137, 0.977
0.432, 0.145, 0.976
0.439, 0.153, 0.972
0.459, 0.137, 0.978
0.468, 0.146, 0.979
0.461, 0.120, 0.983
0.485, 0.146, 0.980
0.465, 0.070, 0.991
0.422, 0.052, 0.992
0.414, 0.044, 0.994
0.405, 0.035, 0.992
0.413, 0.027, 0.992
0.405, 0.027, 0.992
0.397, 0.018, 0.995
0.414, 0.018, 0.994
0.425, 0.018, 0.998
0.434, 0.009, 0.999
0.426, 0.001, 1.002
0.418, -0.008, 1.003
0.408, -0.008, 1.000
0.399, -0.017, 0.999
0.392, -0.025, 1.004
0.391, -0.017, 1.000
0.390, -0.008, 0.998
0.398, 0.001, 0.996
0.399, -0.008, 0.998
0.401, -0.034, 1.005
0.393, -0.043, 1.006
0.384, -0.043, 1.006
0.375, -0.043, 1.005
0.393, -0.034, 1.006
0.409, -0.025, 1.003
0.419, -0.017, 1.005
0.427, -0.008, 1.004
0.435, 0.001, 1.002
0.425, 0.009, 0.999
0.442, 0.009, 0.998
0.451, 0.018, 0.999
0.444, 0.027, 1.002
0.431, 0.035, 0.994
0.423, 0.044, 0.993
0.431, 0.044, 0.993
0.440, 0.035, 0.994
0.449, 0.035, 0.994
0.457, 0.044, 0.993
0.457, 0.053, 0.993
0.465, 0.053, 0.992
0.475, 0.053, 0.995
0.485, 0.053, 0.997
0.493, 0.061, 0.996
0.492, 0.070, 0.995
0.483, 0.078, 0.993
0.482, 0.087, 0.991
0.481, 0.095, 0.990
0.480, 0.104, 0.988
0.480, 0.112, 0.987
0.488, 0.121, 0.986
0.487, 0.129, 0.985
0.496, 0.129, 0.985
0.505, 0.138, 0.986
0.504, 0.146, 0.984
0.512, 0.155, 0.983
0.511, 0.163, 0.981
0.501, 0.171, 0.977
0.492, 0.179, 0.977
0.481, 0.187, 0.971
0.479, 0.195, 0.969
0.470, 0.203, 0.967
0.469, 0.211, 0.965
0.468, 0.218, 0.963
0.468, 0.227, 0.962
0.467, 0.235, 0.961
0.467, 0.243, 0.959
0.476, 0.235, 0.962
0.484, 0.243, 0.961
0.479, 0.203, 0.967
0.490, 0.187, 0.973
0.500, 0.179, 0.977
0.509, 0.188, 0.976
0.514, 0.195, 0.971
0.523, 0.203, 0.971
0.514, 0.212, 0.970
0.505, 0.212, 0.970
0.530, 0.212, 0.969
0.541, 0.212, 0.973
0.551, 0.213, 0.976
0.542, 0.204, 0.975
0.535, 0.196, 0.977
0.524, 0.196, 0.974
0.544, 0.196, 0.979
0.545, 0.188, 0.980
0.546, 0.180, 0.982
0.555, 0.172, 0.984
0.546, 0.172, 0.983
0.539, 0.163, 0.984
0.530, 0.155, 0.984
0.528, 0.163, 0.981
0.539, 0.155, 0.985
0.530, 0.146, 0.984
0.521, 0.138, 0.984
0.513, 0.129, 0.985
0.505, 0.129, 0.985
0.514, 0.121, 0.986
0.516, 0.113, 0.991
0.527, 0.104, 0.994
0.527, 0.096, 0.995
0.530, 0.088, 1.000
0.521, 0.079, 1.000
0.508, 0.070, 0.992
0.502, 0.061, 0.996
0.493, 0.053, 0.996
0.503, 0.053, 0.998
0.512, 0.053, 0.999
0.504, 0.044, 1.001
0.513, 0.044, 1.002
0.521, 0.053, 1.000
0.519, 0.061, 0.997
0.531, 0.070, 1.002
0.540, 0.070, 1.003
0.531, 0.053, 1.002
0.532, 0.044, 1.004
0.524, 0.036, 1.005
0.515, 0.027, 1.005
0.514, 0.036, 1.004
0.525, 0.027, 1.007
0.533, 0.036, 1.007
0.543, 0.036, 1.008
0.554, 0.027, 1.012
0.545, 0.018, 1.012
0.535, 0.018, 1.010
0.544, 0.027, 1.010
0.555, 0.018, 1.014
0.545, 0.010, 1.012
0.555, 0.010, 1.014
0.544, 0.001, 1.011
0.562, 0.027, 1.012
0.571, 0.036, 1.011
0.513, 0.146, 0.985
0.539, 0.146, 0.985
0.540, 0.138, 0.986
0.564, 0.181, 0.984
0.563, 0.189, 0.982
0.563, 0.197, 0.982
0.562, 0.205, 0.980
0.560, 0.213, 0.977
0.559, 0.221, 0.976
0.559, 0.230, 0.975
0.550, 0.238, 0.974
0.546, 0.245, 0.967
0.535, 0.252, 0.963
0.535, 0.260, 0.962
0.534, 0.268, 0.961
0.531, 0.275, 0.956
0.544, 0.252, 0.963
0.567, 0.230, 0.975
0.576, 0.230, 0.976
0.584, 0.230, 0.975
0.577, 0.222, 0.976
0.585, 0.221, 0.976
0.592, 0.238, 0.974
0.602, 0.247, 0.975
0.601, 0.255, 0.974
0.601, 0.264, 0.975
0.588, 0.270, 0.967
0.579, 0.270, 0.966
0.577, 0.277, 0.963
0.567, 0.285, 0.960
0.560, 0.277, 0.962
0.550, 0.285, 0.960
0.540, 0.292, 0.956
0.530, 0.291, 0.954
0.521, 0.291, 0.953
0.550, 0.293, 0.960
0.559, 0.293, 0.960
0.567, 0.293, 0.960
0.559, 0.285, 0.961
0.575, 0.293, 0.960
0.585, 0.293, 0.961
0.575, 0.285, 0.960
0.594, 0.294, 0.964
0.595, 0.286, 0.965
0.609, 0.280, 0.975
0.600, 0.271, 0.972
0.597, 0.279, 0.968
0.610, 0.272, 0.975
0.610, 0.264, 0.975
0.610, 0.255, 0.976
0.618, 0.247, 0.975
0.611, 0.247, 0.977
0.565, 0.172, 0.985
0.575, 0.164, 0.987
0.567, 0.164, 0.988
0.509, 0.171, 0.977
0.497, 0.112, 0.986
0.489, 0.112, 0.988
0.492, 0.078, 0.993
0.466, 0.035, 0.994
0.459, 0.027, 0.997
0.457, 0.035, 0.994
0.468, 0.027, 0.999
0.480, 0.027, 1.004
0.470, 0.018, 1.002
0.461, 0.009, 1.002
0.452, 0.001, 1.001
0.444, 0.001, 1.002
0.453, -0.008, 1.003
0.462, 0.001, 1.004
0.471, 0.009, 1.005
0.480, 0.018, 1.006
0.491, 0.010, 1.010
0.481, 0.009, 1.008
0.473, 0.001, 1.008
0.473, -0.008, 1.010
0.483, -0.017, 1.011
0.473, -0.017, 1.009
0.483, -0.026, 1.012
0.493, -0.026, 1.014
0.495, -0.035, 1.017
0.495, -0.044, 1.018
0.496, -0.053, 1.021
0.488, -0.062, 1.022
0.478, -0.061, 1.019
0.468, -0.061, 1.017
0.457, -0.061, 1.012
0.477, -0.052, 1.018
0.489, -0.071, 1.024
0.498, -0.062, 1.024
0.489, -0.080, 1.025
0.490, -0.088, 1.026
0.482, -0.098, 1.027
0.472, -0.098, 1.027
0.463, -0.097, 1.026
0.454, -0.097, 1.025
0.445, -0.106, 1.024
0.436, -0.115, 1.026
0.426, -0.115, 1.023
0.417, -0.106, 1.022
0.407, -0.106, 1.019
0.405, -0.096, 1.015
0.406, -0.088, 1.016
0.405, -0.079, 1.015
0.415, -0.079, 1.017
0.424, -0.079, 1.018
0.433, -0.070, 1.018
0.423, -0.061, 1.015
0.421, -0.052, 1.011
0.420, -0.043, 1.008
0.410, -0.034, 1.005
0.419, -0.026, 1.006
0.428, -0.017, 1.006
0.429, -0.026, 1.008
0.429, -0.034, 1.009
0.430, -0.043, 1.010
0.439, -0.052, 1.011
0.432, -0.061, 1.016
0.442, -0.079, 1.017
0.433, -0.088, 1.019
0.425, -0.088, 1.020
0.433, -0.079, 1.019
0.443, -0.088, 1.019
0.433, -0.097, 1.019
0.426, -0.106, 1.021
0.443, -0.097, 1.021
0.453, -0.088, 1.023
0.446, -0.115, 1.027
0.490, -0.098, 1.027
0.500, -0.107, 1.029
0.493, -0.116, 1.033
0.484, -0.116, 1.032
0.475, -0.125, 1.033
0.474, -0.116, 1.031
0.476, -0.134, 1.036
0.476, -0.143, 1.035
0.477, -0.153, 1.037
0.469, -0.162, 1.039
0.461, -0.162, 1.041
0.451, -0.171, 1.040
0.443, -0.180, 1.041
0.434, -0.190, 1.042
0.425, -0.199, 1.042
0.416, -0.208, 1.043
0.407, -0.208, 1.043
0.397, -0.198, 1.039
0.396, -0.189, 1.036
0.395, -0.179, 1.034
0.404, -0.179, 1.035
0.414, -0.180, 1.037
0.425, -0.189, 1.041
0.416, -0.189, 1.041
0.408, -0.199, 1.044
0.433, -0.180, 1.040
0.435, -0.199, 1.043
0.425, -0.208, 1.042
0.434, -0.208, 1.043
0.444, -0.208, 1.043
0.445, -0.217, 1.045
0.446, -0.228, 1.050
0.448, -0.237, 1.052
0.459, -0.247, 1.057
0.449, -0.247, 1.055
0.467, -0.247, 1.056
0.476, -0.238, 1.054
0.476, -0.229, 1.055
0.475, -0.219, 1.051
0.464, -0.209, 1.048
0.464, -0.200, 1.048
0.451, -0.189, 1.040
0.451, -0.180, 1.039
0.464, -0.191, 1.047
0.473, -0.200, 1.049
0.482, -0.190, 1.047
0.480, -0.181, 1.044
0.479, -0.171, 1.040
0.478, -0.162, 1.039
0.488, -0.162, 1.040
0.498, -0.162, 1.042
0.507, -0.153, 1.042
0.519, -0.163, 1.048
0.508, -0.163, 1.044
0.519, -0.173, 1.049
0.528, -0.163, 1.047
0.527, -0.154, 1.047
0.536, -0.145, 1.046
0.545, -0.145, 1.047
0.537, -0.154, 1.048
0.547, -0.154, 1.049
0.555, -0.145, 1.047
0.554, -0.136, 1.046
0.554, -0.127, 1.046
0.562, -0.117, 1.043
0.560, -0.108, 1.040
0.557, -0.098, 1.034
0.556, -0.089, 1.033
0.567, -0.089, 1.036
0.577, -0.081, 1.039
0.565, -0.071, 1.032
0.554, -0.071, 1.029
0.554, -0.062, 1.028
0.543, -0.053, 1.025
0.535, -0.062, 1.026
0.525, -0.062, 1.025
0.518, -0.071, 1.028
0.516, -0.062, 1.025
0.514, -0.053, 1.020
0.513, -0.044, 1.019
0.514, -0.035, 1.020
0.513, -0.026, 1.019
0.512, -0.017, 1.017
0.502, -0.008, 1.014
0.492, -0.008, 1.012
0.491, 0.001, 1.009
0.500, 0.009, 1.010
0.512, -0.008, 1.016
0.521, -0.017, 1.016
0.527, -0.008, 1.011
0.541, -0.017, 1.021
0.531, -0.026, 1.019
0.522, -0.026, 1.018
0.541, -0.026, 1.022
0.542, -0.035, 1.022
0.542, -0.044, 1.024
0.517, -0.080, 1.027
0.517, -0.089, 1.027
0.527, -0.098, 1.028
0.520, -0.107, 1.032
0.510, -0.107, 1.031
0.518, -0.098, 1.029
0.541, -0.108, 1.038
0.563, -0.062, 1.030
0.573, -0.062, 1.031
0.582, -0.053, 1.031
0.580, -0.044, 1.027
0.580, -0.035, 1.027
0.580, -0.026, 1.027
0.590, -0.044, 1.029
0.583, -0.062, 1.032
0.579, -0.099, 1.041
0.570, -0.108, 1.042
0.568, -0.099, 1.039
0.580, -0.108, 1.043
0.570, -0.117, 1.041
0.562, -0.126, 1.045
0.563, -0.136, 1.046
0.574, -0.145, 1.049
0.564, -0.145, 1.048
0.556, -0.155, 1.050
0.567, -0.164, 1.052
0.556, -0.164, 1.050
0.567, -0.173, 1.054
0.558, -0.183, 1.054
0.550, -0.192, 1.055
0.539, -0.182, 1.052
0.528, -0.173, 1.049
0.520, -0.182, 1.050
0.511, -0.191, 1.050
0.502, -0.200, 1.051
0.492, -0.200, 1.049
0.482, -0.200, 1.048
0.500, -0.191, 1.048
0.521, -0.191, 1.052
0.548, -0.182, 1.053
0.559, -0.192, 1.055
0.569, -0.183, 1.056
0.579, -0.184, 1.059
0.570, -0.193, 1.058
0.560, -0.202, 1.058
0.571, -0.202, 1.061
0.563, -0.212, 1.063
0.554, -0.221, 1.063
0.544, -0.221, 1.061
0.535, -0.230, 1.063
0.526, -0.239, 1.062
0.535, -0.240, 1.063
0.545, -0.240, 1.063
0.536, -0.249, 1.065
0.529, -0.260, 1.069
0.519, -0.259, 1.067
0.509, -0.259, 1.067
0.500, -0.259, 1.067
0.488, -0.258, 1.061
0.480, -0.267, 1.063
0.470, -0.267, 1.062
0.461, -0.267, 1.062
0.454, -0.278, 1.066
0.442, -0.267, 1.061
0.432, -0.266, 1.059
0.424, -0.276, 1.061
0.422, -0.266, 1.058
0.425, -0.286, 1.064
0.435, -0.296, 1.066
0.426, -0.296, 1.066
0.436, -0.306, 1.068
0.427, -0.316, 1.069
0.417, -0.315, 1.068
0.409, -0.326, 1.072
0.401, -0.335, 1.074
0.393, -0.346, 1.077
0.383, -0.345, 1.075
0.373, -0.354, 1.074
0.364, -0.364, 1.075
0.356, -0.375, 1.080
0.365, -0.375, 1.079
0.373, -0.364, 1.076
0.362, -0.353, 1.070
0.351, -0.342, 1.066
0.342, -0.342, 1.065
0.333, -0.352, 1.066
0.325, -0.362, 1.071
0.318, -0.374, 1.077
0.314, -0.351, 1.065
0.305, -0.351, 1.064
0.295, -0.351, 1.063
0.294, -0.340, 1.060
0.284, -0.330, 1.055
0.274, -0.329, 1.052
0.264, -0.328, 1.051
0.254, -0.318, 1.048
0.245, -0.309, 1.047
0.235, -0.317, 1.042
0.226, -0.326, 1.043
0.217, -0.325, 1.041
0.207, -0.325, 1.041
0.207, -0.316, 1.039
0.198, -0.307, 1.039
0.206, -0.297, 1.036
0.206, -0.287, 1.035
0.206, -0.278, 1.035
0.216, -0.288, 1.038
0.225, -0.279, 1.037
0.224, -0.270, 1.036
0.224, -0.260, 1.034
0.214, -0.250, 1.030
0.205, -0.259, 1.030
0.195, -0.249, 1.026
0.186, -0.258, 1.025
0.177, -0.267, 1.024
0.169, -0.277, 1.030
0.160, -0.285, 1.027
0.151, -0.285, 1.026
0.160, -0.267, 1.026
0.168, -0.257, 1.023
0.168, -0.248, 1.022
0.168, -0.239, 1.021
0.159, -0.230, 1.018
0.168, -0.221, 1.019
0.177, -0.231, 1.022
0.185, -0.221, 1.020
0.194, -0.221, 1.019
0.186, -0.230, 1.022
0.177, -0.239, 1.022
0.186, -0.249, 1.024
0.177, -0.257, 1.022
0.203, -0.212, 1.020
0.212, -0.203, 1.018
0.202, -0.193, 1.015
0.193, -0.184, 1.012
0.185, -0.194, 1.017
0.175, -0.183, 1.008
0.166, -0.192, 1.007
0.165, -0.183, 1.005
0.174, -0.174, 1.006
0.183, -0.175, 1.007
0.192, -0.175, 1.008
0.201, -0.175, 1.010
0.210, -0.166, 1.011
0.219, -0.158, 1.012
0.228, -0.158, 1.013
0.219, -0.167, 1.012
0.211, -0.176, 1.013
0.220, -0.185, 1.016
0.211, -0.194, 1.016
0.211, -0.185, 1.016
0.220, -0.194, 1.017
0.229, -0.185, 1.017
0.230, -0.203, 1.018
0.221, -0.212, 1.019
0.212, -0.212, 1.019
0.203, -0.221, 1.020
0.220, -0.203, 1.017
0.221, -0.221, 1.021
0.231, -0.222, 1.023
0.240, -0.222, 1.025
0.248, -0.213, 1.022
0.239, -0.204, 1.021
0.248, -0.195, 1.021
0.257, -0.186, 1.021
0.265, -0.177, 1.019
0.255, -0.167, 1.016
0.264, -0.158, 1.015
0.255, -0.149, 1.012
0.246, -0.149, 1.012
0.237, -0.158, 1.014
0.237, -0.149, 1.011
0.263, -0.149, 1.012
0.265, -0.167, 1.017
0.275, -0.186, 1.021
0.266, -0.195, 1.024
0.257, -0.204, 1.023
0.248, -0.204, 1.022
0.257, -0.213, 1.022
0.249, -0.222, 1.025
0.249, -0.232, 1.028
0.259, -0.241, 1.029
0.250, -0.241, 1.029
0.267, -0.232, 1.027
0.277, -0.224, 1.032
0.267, -0.214, 1.027
0.266, -0.204, 1.024
0.287, -0.224, 1.034
0.277, -0.232, 1.031
0.268, -0.241, 1.029
0.277, -0.241, 1.031
0.287, -0.242, 1.033
0.277, -0.250, 1.031
0.287, -0.251, 1.035
0.278, -0.260, 1.033
0.290, -0.272, 1.043
0.279, -0.270, 1.038
0.290, -0.281, 1.044
0.299, -0.281, 1.046
0.308, -0.272, 1.044
0.298, -0.262, 1.043
0.298, -0.253, 1.041
0.308, -0.262, 1.043
0.315, -0.252, 1.039
0.326, -0.262, 1.043
0.317, -0.272, 1.045
0.309, -0.281, 1.046
0.318, -0.282, 1.048
0.319, -0.292, 1.051
0.319, -0.301, 1.052
0.331, -0.312, 1.059
0.320, -0.311, 1.055
0.340, -0.303, 1.058
0.349, -0.303, 1.058
0.341, -0.313, 1.061
0.356, -0.292, 1.052
0.365, -0.283, 1.052
0.355, -0.273, 1.050
0.365, -0.274, 1.051
0.374, -0.283, 1.052
0.366, -0.292, 1.053
0.358, -0.303, 1.059
0.375, -0.293, 1.055
0.385, -0.294, 1.057
0.394, -0.284, 1.056
0.383, -0.273, 1.050
0.393, -0.265, 1.053
0.383, -0.255, 1.049
0.373, -0.245, 1.048
0.362, -0.235, 1.043
0.352, -0.226, 1.041
0.342, -0.225, 1.038
0.333, -0.234, 1.038
0.323, -0.224, 1.035
0.333, -0.225, 1.037
0.341, -0.215, 1.034
0.340, -0.206, 1.032
0.331, -0.197, 1.031
0.322, -0.196, 1.030
0.313, -0.205, 1.030
0.304, -0.214, 1.030
0.303, -0.205, 1.028
0.303, -0.196, 1.026
0.294, -0.187, 1.026
0.284, -0.186, 1.023
0.293, -0.177, 1.023
0.292, -0.168, 1.020
0.291, -0.159, 1.018
0.300, -0.150, 1.016
0.309, -0.150, 1.017
0.300, -0.158, 1.016
0.318, -0.150, 1.018
0.327, -0.141, 1.018
0.326, -0.132, 1.016
0.336, -0.132, 1.018
0.345, -0.132, 1.019
0.353, -0.132, 1.018
0.345, -0.141, 1.021
0.363, -0.132, 1.019
0.372, -0.133, 1.022
0.382, -0.133, 1.023
0.383, -0.142, 1.026
0.384, -0.151, 1.029
0.375, -0.160, 1.029
0.365, -0.169, 1.026
0.355, -0.168, 1.024
0.347, -0.178, 1.026
0.339, -0.187, 1.029
0.331, -0.187, 1.030
0.330, -0.178, 1.028
0.330, -0.169, 1.026
0.318, -0.159, 1.020
0.328, -0.150, 1.021
0.338, -0.160, 1.026
0.329, -0.160, 1.025
0.339, -0.169, 1.027
0.347, -0.160, 1.024
0.340, -0.197, 1.031
0.349, -0.197, 1.032
0.359, -0.197, 1.034
0.368, -0.188, 1.034
0.366, -0.178, 1.029
0.369, -0.198, 1.036
0.365, -0.160, 1.025
0.385, -0.161, 1.031
0.312, -0.187, 1.027
0.312, -0.196, 1.028
0.333, -0.243, 1.038
0.334, -0.253, 1.041
0.335, -0.263, 1.045
0.361, -0.226, 1.041
0.372, -0.236, 1.045
0.382, -0.246, 1.049
0.393, -0.255, 1.052
0.394, -0.275, 1.055
0.395, -0.294, 1.058
0.316, -0.262, 1.042
0.296, -0.233, 1.033
0.266, -0.186, 1.022
0.166, -0.201, 1.010
0.205, -0.250, 1.028
0.224, -0.251, 1.032
0.234, -0.279, 1.038
0.243, -0.279, 1.039
0.253, -0.289, 1.042
0.244, -0.289, 1.041
0.254, -0.299, 1.044
0.254, -0.309, 1.047
0.264, -0.319, 1.050
0.216, -0.306, 1.037
0.293, -0.330, 1.057
0.324, -0.352, 1.066
0.332, -0.342, 1.064
0.334, -0.362, 1.071
0.361, -0.343, 1.067
0.371, -0.343, 1.069
0.374, -0.374, 1.078
0.394, -0.356, 1.080
0.402, -0.346, 1.077
0.411, -0.346, 1.077
0.402, -0.356, 1.078
0.411, -0.355, 1.077
0.403, -0.365, 1.079
0.412, -0.365, 1.079
0.403, -0.375, 1.081
0.413, -0.375, 1.080
0.405, -0.386, 1.085
0.414, -0.385, 1.083
0.423, -0.385, 1.083
0.424, -0.396, 1.086
0.435, -0.407, 1.089
0.425, -0.406, 1.088
0.421, -0.337, 1.078
0.399, -0.325, 1.070
0.408, -0.315, 1.067
0.437, -0.316, 1.071
0.447, -0.316, 1.072
0.439, -0.327, 1.075
0.448, -0.327, 1.076
0.454, -0.306, 1.068
0.445, -0.297, 1.068
0.455, -0.288, 1.069
0.464, -0.306, 1.069
0.452, -0.267, 1.062
0.478, -0.257, 1.059
0.476, -0.247, 1.055
0.482, -0.278, 1.068
0.493, -0.288, 1.071
0.483, -0.288, 1.071
0.493, -0.298, 1.072
0.504, -0.299, 1.075
0.515, -0.299, 1.077
0.525, -0.309, 1.080
0.516, -0.309, 1.081
0.508, -0.320, 1.083
0.536, -0.310, 1.083
0.547, -0.311, 1.087
0.556, -0.301, 1.086
0.553, -0.290, 1.079
0.551, -0.280, 1.076
0.550, -0.270, 1.073
0.538, -0.260, 1.069
0.547, -0.250, 1.067
0.557, -0.250, 1.069
0.566, -0.241, 1.069
0.553, -0.230, 1.062
0.577, -0.251, 1.071
0.567, -0.260, 1.071
0.559, -0.270, 1.074
0.558, -0.260, 1.070
0.567, -0.251, 1.070
0.578, -0.261, 1.074
0.592, -0.272, 1.081
0.582, -0.272, 1.081
0.593, -0.282, 1.084
0.604, -0.283, 1.087
0.599, -0.262, 1.078
0.562, -0.290, 1.078
0.558, -0.312, 1.089
0.548, -0.321, 1.087
0.537, -0.330, 1.085
0.530, -0.341, 1.091
0.541, -0.351, 1.093
0.548, -0.330, 1.088
0.561, -0.342, 1.094
0.570, -0.332, 1.094
0.579, -0.332, 1.093
0.571, -0.342, 1.095
0.580, -0.342, 1.096
0.572, -0.352, 1.097
0.582, -0.353, 1.099
0.591, -0.343, 1.098
0.603, -0.354, 1.102
0.597, -0.366, 1.109
0.588, -0.366, 1.110
0.592, -0.353, 1.100
0.597, -0.375, 1.108
0.588, -0.385, 1.109
0.597, -0.385, 1.110
0.607, -0.385, 1.110
0.599, -0.396, 1.112
0.609, -0.406, 1.113
0.599, -0.415, 1.112
0.599, -0.406, 1.113
0.607, -0.415, 1.110
0.598, -0.424, 1.110
0.607, -0.424, 1.110
0.616, -0.414, 1.108
0.615, -0.375, 1.107
0.622, -0.363, 1.102
0.612, -0.354, 1.102
0.621, -0.354, 1.101
0.625, -0.375, 1.106
0.616, -0.385, 1.109
0.572, -0.212, 1.062
0.581, -0.193, 1.062
0.588, -0.183, 1.058
0.598, -0.183, 1.059
0.599, -0.193, 1.062
0.591, -0.203, 1.064
0.602, -0.203, 1.066
0.611, -0.203, 1.067
0.621, -0.203, 1.067
0.629, -0.194, 1.065
0.627, -0.184, 1.062
0.625, -0.174, 1.059
0.615, -0.165, 1.057
0.606, -0.165, 1.057
0.596, -0.165, 1.056
0.587, -0.165, 1.056
0.576, -0.155, 1.053
0.587, -0.155, 1.056
0.597, -0.146, 1.057
0.601, -0.136, 1.048
0.610, -0.127, 1.048
0.600, -0.118, 1.047
0.591, -0.118, 1.047
0.590, -0.108, 1.045
0.599, -0.108, 1.046
0.609, -0.108, 1.046
0.617, -0.108, 1.044
0.609, -0.118, 1.047
0.620, -0.127, 1.050
0.628, -0.127, 1.048
0.623, -0.137, 1.055
0.614, -0.146, 1.056
0.624, -0.156, 1.057
0.615, -0.155, 1.056
0.624, -0.165, 1.057
0.636, -0.118, 1.046
0.626, -0.108, 1.045
0.626, -0.099, 1.045
0.617, -0.090, 1.044
0.616, -0.081, 1.042
0.614, -0.072, 1.040
0.625, -0.063, 1.043
0.614, -0.054, 1.040
0.634, -0.063, 1.043
0.626, -0.072, 1.044
0.635, -0.072, 1.044
0.627, -0.081, 1.046
0.637, -0.090, 1.047
0.643, -0.081, 1.043
0.643, -0.072, 1.043
0.643, -0.063, 1.043
0.652, -0.054, 1.043
0.660, -0.054, 1.041
0.651, -0.072, 1.042
0.637, -0.109, 1.047
0.638, -0.127, 1.049
0.640, -0.137, 1.053
0.631, -0.204, 1.068
0.623, -0.213, 1.071
0.633, -0.214, 1.072
0.625, -0.223, 1.074
0.615, -0.233, 1.073
0.625, -0.233, 1.074
0.635, -0.224, 1.075
0.643, -0.214, 1.074
0.654, -0.214, 1.076
0.645, -0.224, 1.076
0.635, -0.233, 1.076
0.625, -0.242, 1.074
0.638, -0.244, 1.080
0.655, -0.224, 1.077
0.664, -0.224, 1.076
0.673, -0.215, 1.076
0.674, -0.205, 1.077
0.672, -0.196, 1.075
0.678, -0.185, 1.069
0.683, -0.206, 1.078
0.683, -0.215, 1.078
0.674, -0.224, 1.077
0.676, -0.234, 1.081
0.451, -0.162, 1.040
0.491, -0.107, 1.029
0.455, -0.017, 1.007
0.362, -0.017, 0.993
0.283, -0.017, 0.990
0.316, 0.018, 0.985
0.324, 0.026, 0.983
0.377, 0.160, 0.965
0.386, 0.169, 0.966
0.401, 0.193, 0.963
0.391, 0.201, 0.959
0.398, 0.209, 0.956
0.399, 0.217, 0.956
0.399, 0.225, 0.957
0.407, 0.234, 0.956
0.414, 0.241, 0.953
0.407, 0.226, 0.958
0.407, 0.209, 0.957
0.409, 0.201, 0.961
0.410, 0.193, 0.964
0.420, 0.186, 0.967
0.410, 0.185, 0.965
0.421, 0.178, 0.970
0.430, 0.178, 0.971
0.454, 0.282, 0.950
0.464, 0.274, 0.953
0.472, 0.283, 0.954
0.472, 0.275, 0.954
0.472, 0.266, 0.954
0.469, 0.314, 0.947
0.468, 0.322, 0.946
0.477, 0.331, 0.948
0.358, 0.176, 0.960
0.375, 0.303, 0.939
0.383, 0.311, 0.938
0.309, 0.278, 0.937
0.168, 0.250, 0.924
0.109, 0.353, 0.899
-0.001, 0.305, 0.897
-0.008, 0.298, 0.899
-0.016, 0.289, 0.897
-0.008, 0.282, 0.898
-0.016, 0.282, 0.897
-0.008, 0.275, 0.900
-0.001, 0.275, 0.902
0.007, 0.283, 0.902
-0.001, 0.290, 0.899
-0.001, 0.298, 0.898
0.007, 0.290, 0.900
0.007, 0.275, 0.902
0.015, 0.398, 0.879
0.022, 0.405, 0.877
0.030, 0.405, 0.878
0.022, 0.399, 0.880
0.030, 0.399, 0.880
0.038, 0.399, 0.880
0.030, 0.391, 0.880
0.038, 0.391, 0.881
0.030, 0.384, 0.882
0.038, 0.385, 0.883
0.045, 0.392, 0.881
0.045, 0.399, 0.880
0.053, 0.391, 0.881
0.061, 0.393, 0.883
0.053, 0.384, 0.882
0.061, 0.385, 0.884
0.069, 0.394, 0.886
0.076, 0.394, 0.887
0.038, 0.377, 0.883
0.037, 0.426, 0.873
0.045, 0.427, 0.875
0.053, 0.427, 0.875
-0.016, 0.396, 0.875
-0.016, 0.389, 0.876
-0.039, 0.353, 0.881
-0.047, 0.346, 0.882
-0.160, 0.327, 0.873
-0.211, 0.338, 0.863
-0.218, 0.331, 0.863
-0.472, 0.218, 0.860
-0.466, 0.211, 0.864
-0.473, 0.203, 0.862
-0.481, 0.196, 0.863
-0.479, 0.203, 0.860
-0.473, 0.211, 0.862
-0.473, 0.196, 0.863
-0.482, 0.189, 0.866
-0.484, 0.182, 0.868
-0.485, 0.175, 0.871
-0.486, 0.167, 0.872
-0.404, 0.191, 0.874
-0.396, 0.183, 0.875
-0.389, 0.176, 0.876
-0.398, 0.169, 0.879
-0.406, 0.161, 0.880
-0.413, 0.154, 0.879
-0.413, 0.161, 0.879
-0.405, 0.146, 0.877
-0.416, 0.139, 0.884
-0.424, 0.131, 0.885
-0.430, 0.139, 0.881
-0.416, 0.124, 0.884
-0.424, 0.116, 0.885
-0.431, 0.116, 0.885
-0.439, 0.116, 0.884
-0.447, 0.108, 0.886
-0.455, 0.108, 0.885
-0.453, 0.116, 0.883
-0.452, 0.123, 0.880
-0.446, 0.116, 0.883
-0.448, 0.101, 0.886
-0.440, 0.101, 0.886
-0.448, 0.093, 0.886
-0.441, 0.093, 0.888
-0.433, 0.101, 0.887
-0.426, 0.101, 0.889
-0.418, 0.094, 0.890
-0.427, 0.094, 0.891
-0.435, 0.086, 0.891
-0.442, 0.086, 0.890
-0.435, 0.078, 0.892
-0.444, 0.071, 0.893
-0.436, 0.071, 0.893
-0.427, 0.078, 0.892
-0.419, 0.086, 0.890
-0.411, 0.086, 0.891
-0.419, 0.078, 0.891
-0.412, 0.078, 0.892
-0.404, 0.086, 0.892
-0.396, 0.086, 0.892
-0.397, 0.078, 0.893
-0.405, 0.071, 0.894
-0.398, 0.071, 0.895
-0.390, 0.071, 0.896
-0.382, 0.078, 0.894
-0.381, 0.086, 0.893
-0.381, 0.094, 0.892
-0.373, 0.102, 0.892
-0.366, 0.110, 0.894
-0.365, 0.117, 0.892
-0.371, 0.124, 0.888
-0.379, 0.117, 0.889
-0.387, 0.117, 0.889
-0.395, 0.117, 0.888
-0.394, 0.124, 0.886
-0.400, 0.131, 0.884
-0.408, 0.124, 0.885
-0.408, 0.131, 0.883
-0.407, 0.139, 0.881
-0.392, 0.131, 0.884
-0.385, 0.131, 0.884
-0.378, 0.139, 0.886
-0.370, 0.147, 0.885
-0.369, 0.154, 0.883
-0.376, 0.162, 0.882
-0.376, 0.169, 0.881
-0.376, 0.177, 0.880
-0.381, 0.183, 0.874
-0.373, 0.191, 0.874
-0.380, 0.198, 0.873
-0.368, 0.184, 0.880
-0.369, 0.177, 0.882
-0.362, 0.170, 0.883
-0.369, 0.169, 0.882
-0.362, 0.154, 0.884
-0.355, 0.155, 0.887
-0.348, 0.155, 0.888
-0.340, 0.163, 0.888
-0.347, 0.170, 0.885
-0.346, 0.177, 0.882
-0.353, 0.184, 0.881
-0.346, 0.185, 0.882
-0.338, 0.185, 0.883
-0.331, 0.178, 0.885
-0.339, 0.170, 0.884
-0.339, 0.177, 0.883
-0.324, 0.185, 0.884
-0.316, 0.178, 0.885
-0.324, 0.178, 0.885
-0.308, 0.185, 0.883
-0.308, 0.178, 0.885
-0.309, 0.170, 0.886
-0.310, 0.163, 0.888
-0.318, 0.156, 0.891
-0.326, 0.148, 0.891
-0.334, 0.140, 0.891
-0.327, 0.140, 0.893
-0.334, 0.132, 0.891
-0.341, 0.124, 0.888
-0.334, 0.125, 0.892
-0.328, 0.118, 0.896
-0.335, 0.117, 0.895
-0.329, 0.110, 0.898
-0.336, 0.102, 0.898
-0.329, 0.102, 0.899
-0.337, 0.094, 0.899
-0.344, 0.087, 0.898
-0.353, 0.079, 0.901
-0.360, 0.071, 0.899
-0.370, 0.063, 0.902
-0.376, 0.071, 0.899
-0.383, 0.071, 0.897
-0.368, 0.071, 0.899
-0.370, 0.056, 0.904
-0.362, 0.048, 0.904
-0.370, 0.048, 0.904
-0.363, 0.040, 0.906
-0.371, 0.032, 0.907
-0.380, 0.024, 0.908
-0.388, 0.024, 0.909
-0.395, 0.024, 0.907
-0.402, 0.016, 0.905
-0.411, 0.009, 0.907
-0.418, 0.009, 0.906
-0.410, 0.016, 0.905
-0.409, 0.024, 0.904
-0.401, 0.032, 0.903
-0.409, 0.040, 0.902
-0.401, 0.040, 0.903
-0.394, 0.032, 0.904
-0.402, 0.024, 0.904
-0.387, 0.032, 0.906
-0.379, 0.032, 0.906
-0.403, 0.009, 0.908
-0.412, 0.001, 0.909
-0.421, -0.007, 0.911
-0.412, -0.007, 0.911
-0.421, -0.015, 0.911
-0.429, -0.023, 0.911
-0.437, -0.031, 0.911
-0.443, -0.039, 0.908
-0.452, -0.047, 0.911
-0.444, -0.047, 0.910
-0.454, -0.055, 0.915
-0.445, -0.055, 0.913
-0.446, -0.063, 0.915
-0.456, -0.071, 0.918
-0.448, -0.071, 0.918
-0.457, -0.079, 0.921
-0.451, -0.088, 0.925
-0.459, -0.096, 0.925
-0.468, -0.104, 0.926
-0.459, -0.088, 0.924
-0.444, -0.088, 0.926
-0.435, -0.080, 0.925
-0.433, -0.072, 0.922
-0.432, -0.063, 0.918
-0.424, -0.055, 0.918
-0.417, -0.055, 0.920
-0.424, -0.063, 0.918
-0.409, -0.055, 0.920
-0.402, -0.064, 0.923
-0.409, -0.063, 0.922
-0.393, -0.055, 0.921
-0.393, -0.047, 0.920
-0.399, -0.039, 0.917
-0.407, -0.039, 0.916
-0.415, -0.031, 0.916
-0.422, -0.031, 0.915
-0.430, -0.031, 0.913
-0.436, -0.039, 0.910
-0.414, -0.023, 0.914
-0.413, -0.015, 0.912
-0.404, -0.007, 0.910
-0.397, 0.001, 0.910
-0.396, 0.009, 0.910
-0.389, 0.009, 0.911
-0.380, 0.016, 0.910
-0.373, 0.016, 0.910
-0.366, 0.009, 0.912
-0.374, 0.009, 0.913
-0.365, 0.001, 0.912
-0.359, -0.007, 0.915
-0.366, -0.007, 0.913
-0.360, -0.015, 0.918
-0.368, -0.023, 0.919
-0.377, -0.031, 0.920
-0.385, -0.039, 0.920
-0.392, -0.039, 0.918
-0.384, -0.031, 0.919
-0.378, -0.039, 0.923
-0.385, -0.047, 0.920
-0.369, -0.031, 0.921
-0.361, -0.023, 0.920
-0.361, -0.031, 0.921
-0.362, -0.039, 0.923
-0.370, -0.048, 0.924
-0.362, -0.048, 0.924
-0.363, -0.056, 0.925
-0.371, -0.064, 0.925
-0.363, -0.064, 0.926
-0.371, -0.072, 0.927
-0.364, -0.080, 0.929
-0.372, -0.080, 0.928
-0.356, -0.080, 0.929
-0.349, -0.089, 0.932
-0.358, -0.097, 0.934
-0.357, -0.089, 0.932
-0.350, -0.097, 0.933
-0.341, -0.088, 0.931
-0.341, -0.080, 0.931
-0.341, -0.072, 0.930
-0.340, -0.064, 0.929
-0.339, -0.056, 0.927
-0.338, -0.048, 0.925
-0.338, -0.039, 0.922
-0.337, -0.031, 0.922
-0.337, -0.023, 0.919
-0.336, -0.015, 0.917
-0.336, -0.007, 0.917
-0.336, 0.001, 0.918
-0.335, 0.009, 0.915
-0.334, 0.017, 0.914
-0.326, 0.024, 0.914
-0.326, 0.032, 0.912
-0.325, 0.040, 0.910
-0.324, 0.048, 0.908
-0.324, 0.056, 0.906
-0.323, 0.064, 0.905
-0.323, 0.071, 0.904
-0.322, 0.079, 0.901
-0.322, 0.087, 0.900
-0.322, 0.095, 0.900
-0.321, 0.102, 0.899
-0.321, 0.110, 0.897
-0.320, 0.118, 0.896
-0.320, 0.125, 0.895
-0.319, 0.133, 0.893
-0.319, 0.141, 0.894
-0.311, 0.148, 0.893
-0.311, 0.156, 0.891
-0.327, 0.017, 0.914
-0.342, -0.105, 0.933
-0.350, -0.105, 0.933
-0.343, -0.113, 0.937
-0.351, -0.122, 0.936
-0.359, -0.121, 0.936
-0.366, -0.113, 0.934
-0.376, -0.122, 0.938
-0.384, -0.130, 0.938
-0.391, -0.130, 0.936
-0.399, -0.138, 0.934
-0.410, -0.147, 0.941
-0.402, -0.147, 0.942
-0.393, -0.147, 0.940
-0.403, -0.155, 0.943
-0.403, -0.164, 0.944
-0.410, -0.171, 0.942
-0.420, -0.180, 0.944
-0.429, -0.189, 0.947
-0.428, -0.180, 0.945
-0.435, -0.172, 0.943
-0.445, -0.180, 0.945
-0.427, -0.163, 0.942
-0.427, -0.172, 0.943
-0.420, -0.189, 0.946
-0.429, -0.197, 0.946
-0.412, -0.180, 0.945
-0.403, -0.172, 0.945
-0.396, -0.172, 0.948
-0.404, -0.180, 0.946
-0.412, -0.189, 0.947
-0.404, -0.189, 0.946
-0.396, -0.181, 0.948
-0.389, -0.189, 0.950
-0.380, -0.181, 0.949
-0.372, -0.173, 0.950
-0.381, -0.165, 0.950
-0.386, -0.155, 0.942
-0.377, -0.146, 0.940
-0.363, -0.164, 0.947
-0.354, -0.156, 0.946
-0.354, -0.147, 0.946
-0.354, -0.139, 0.945
-0.345, -0.130, 0.942
-0.344, -0.122, 0.939
-0.345, -0.147, 0.943
-0.346, -0.155, 0.944
-0.355, -0.164, 0.947
-0.364, -0.173, 0.948
-0.373, -0.181, 0.950
-0.365, -0.181, 0.951
-0.357, -0.182, 0.952
-0.365, -0.190, 0.953
-0.366, -0.198, 0.954
-0.348, -0.173, 0.950
-0.347, -0.164, 0.947
-0.349, -0.182, 0.953
-0.382, -0.198, 0.953
-0.390, -0.207, 0.953
-0.399, -0.215, 0.954
-0.398, -0.206, 0.952
-0.389, -0.198, 0.951
-0.382, -0.207, 0.953
-0.391, -0.215, 0.954
-0.382, -0.215, 0.954
-0.391, -0.224, 0.955
-0.400, -0.232, 0.957
-0.392, -0.233, 0.958
-0.385, -0.233, 0.960
-0.376, -0.224, 0.959
-0.374, -0.215, 0.954
-0.368, -0.225, 0.961
-0.360, -0.217, 0.960
-0.352, -0.225, 0.961
-0.361, -0.234, 0.962
-0.370, -0.243, 0.964
-0.378, -0.243, 0.965
-0.386, -0.242, 0.963
-0.369, -0.234, 0.963
-0.371, -0.252, 0.967
-0.362, -0.251, 0.966
-0.355, -0.261, 0.971
-0.364, -0.270, 0.971
-0.372, -0.270, 0.971
-0.363, -0.261, 0.969
-0.365, -0.279, 0.973
-0.373, -0.287, 0.974
-0.382, -0.296, 0.975
-0.388, -0.286, 0.968
-0.396, -0.286, 0.968
-0.406, -0.286, 0.970
-0.415, -0.295, 0.972
-0.423, -0.295, 0.971
-0.431, -0.303, 0.971
-0.439, -0.312, 0.970
-0.447, -0.303, 0.969
-0.439, -0.303, 0.969
-0.431, -0.295, 0.970
-0.422, -0.286, 0.969
-0.421, -0.277, 0.967
-0.420, -0.268, 0.965
-0.412, -0.268, 0.966
-0.404, -0.268, 0.966
-0.395, -0.260, 0.965
-0.395, -0.268, 0.965
-0.404, -0.277, 0.967
-0.414, -0.286, 0.970
-0.387, -0.277, 0.966
-0.381, -0.287, 0.973
-0.374, -0.296, 0.974
-0.365, -0.288, 0.975
-0.357, -0.279, 0.975
-0.348, -0.270, 0.973
-0.347, -0.261, 0.972
-0.337, -0.252, 0.967
-0.336, -0.242, 0.964
-0.335, -0.234, 0.962
-0.344, -0.225, 0.962
-0.352, -0.234, 0.963
-0.343, -0.217, 0.961
-0.343, -0.208, 0.961
-0.335, -0.208, 0.960
-0.335, -0.217, 0.962
-0.328, -0.226, 0.964
-0.336, -0.225, 0.963
-0.319, -0.217, 0.963
-0.330, -0.261, 0.970
-0.338, -0.269, 0.970
-0.338, -0.261, 0.970
-0.348, -0.288, 0.975
-0.357, -0.288, 0.976
-0.340, -0.288, 0.975
-0.432, -0.313, 0.973
-0.425, -0.322, 0.975
-0.434, -0.322, 0.977
-0.442, -0.331, 0.977
-0.452, -0.340, 0.978
-0.426, -0.331, 0.977
-0.415, -0.321, 0.973
-0.415, -0.312, 0.972
-0.415, -0.304, 0.972
-0.407, -0.321, 0.974
-0.416, -0.330, 0.975
-0.408, -0.330, 0.975
-0.418, -0.340, 0.978
-0.411, -0.350, 0.982
-0.418, -0.349, 0.980
-0.401, -0.340, 0.980
-0.400, -0.331, 0.977
-0.392, -0.340, 0.979
-0.403, -0.350, 0.984
-0.394, -0.350, 0.982
-0.385, -0.350, 0.982
-0.394, -0.359, 0.984
-0.387, -0.360, 0.987
-0.379, -0.360, 0.988
-0.371, -0.370, 0.991
-0.399, -0.129, 0.934
-0.399, -0.121, 0.934
-0.407, -0.113, 0.934
-0.413, -0.104, 0.929
-0.421, -0.096, 0.929
-0.428, -0.104, 0.928
-0.428, -0.096, 0.927
-0.436, -0.088, 0.926
-0.427, -0.080, 0.925
-0.419, -0.080, 0.924
-0.428, -0.088, 0.926
-0.413, -0.088, 0.930
-0.402, -0.080, 0.922
-0.394, -0.072, 0.924
-0.394, -0.064, 0.923
-0.386, -0.064, 0.923
-0.405, -0.105, 0.930
-0.397, -0.105, 0.931
-0.390, -0.113, 0.933
-0.398, -0.113, 0.933
-0.391, -0.121, 0.934
-0.383, -0.113, 0.935
-0.389, 0.001, 0.912
-0.396, -0.007, 0.910
-0.405, -0.015, 0.912
-0.399, -0.023, 0.916
-0.407, -0.031, 0.916
-0.407, -0.023, 0.916
-0.364, 0.032, 0.909
-0.353, 0.071, 0.901
-0.346, 0.079, 0.901
-0.337, 0.087, 0.900
-0.360, 0.087, 0.899
-0.334, 0.156, 0.891
-0.341, 0.155, 0.890
-0.326, 0.155, 0.890
-0.363, 0.139, 0.887
-0.371, 0.132, 0.887
-0.378, 0.124, 0.886
-0.371, 0.139, 0.887
-0.363, 0.132, 0.886
-0.364, 0.124, 0.889
-0.358, 0.117, 0.892
-0.358, 0.109, 0.894
-0.366, 0.102, 0.894
-0.374, 0.094, 0.893
-0.350, 0.102, 0.893
-0.429, 0.063, 0.896
-0.438, 0.055, 0.898
-0.445, 0.055, 0.896
-0.437, 0.063, 0.895
-0.429, 0.055, 0.897
-0.440, 0.048, 0.903
-0.447, 0.040, 0.901
-0.454, 0.032, 0.899
-0.462, 0.024, 0.900
-0.470, 0.016, 0.899
-0.477, 0.008, 0.899
-0.484, 0.016, 0.896
-0.491, 0.008, 0.895
-0.477, 0.016, 0.897
-0.471, 0.008, 0.901
-0.479, 0.001, 0.902
-0.472, 0.001, 0.903
-0.463, 0.008, 0.901
-0.455, 0.008, 0.901
-0.448, 0.016, 0.902
-0.449, 0.009, 0.904
-0.457, 0.001, 0.905
-0.465, -0.007, 0.905
-0.473, -0.007, 0.905
-0.457, -0.007, 0.905
-0.449, 0.001, 0.905
-0.442, -0.007, 0.906
-0.450, -0.015, 0.907
-0.457, -0.015, 0.905
-0.466, -0.023, 0.908
-0.460, -0.031, 0.910
-0.452, -0.023, 0.910
-0.461, 0.032, 0.898
-0.467, 0.040, 0.894
-0.460, 0.040, 0.895
-0.453, 0.040, 0.898
-0.448, 0.032, 0.902
-0.432, 0.040, 0.901
-0.433, 0.032, 0.903
-0.423, 0.124, 0.884
-0.397, 0.176, 0.876
-0.335, 0.228, 0.873
-0.268, 0.253, 0.877
-0.163, 0.248, 0.889
-0.102, 0.243, 0.897
-0.063, 0.236, 0.903
-0.056, 0.244, 0.903
-0.048, 0.252, 0.902
-0.040, 0.252, 0.904
-0.032, 0.253, 0.905
-0.056, 0.229, 0.906
-0.064, 0.221, 0.906
-0.056, 0.222, 0.907
-0.064, 0.214, 0.907
-0.056, 0.214, 0.907
-0.064, 0.206, 0.909
-0.056, 0.206, 0.909
-0.064, 0.199, 0.911
-0.056, 0.199, 0.911
-0.064, 0.191, 0.913
-0.056, 0.191, 0.913
-0.064, 0.183, 0.914
-0.056, 0.184, 0.914
-0.064, 0.176, 0.915
-0.056, 0.176, 0.916
-0.064, 0.168, 0.917
-0.057, 0.168, 0.918
-0.065, 0.160, 0.918
-0.057, 0.160, 0.918
-0.065, 0.152, 0.919
-0.057, 0.153, 0.920
-0.065, 0.145, 0.920
-0.065, 0.137, 0.922
-0.065, 0.129, 0.923
-0.065, 0.121, 0.924
-0.073, 0.113, 0.925
-0.065, 0.113, 0.925
-0.073, 0.105, 0.926
-0.065, 0.105, 0.927
-0.073, 0.097, 0.926
-0.065, 0.097, 0.927
-0.073, 0.089, 0.927
-0.065, 0.089, 0.927
-0.073, 0.081, 0.929
-0.065, 0.081, 0.929
-0.073, 0.073, 0.930
-0.065, 0.074, 0.931
-0.074, 0.066, 0.932
-0.074, 0.058, 0.935
-0.074, 0.050, 0.936
-0.074, 0.041, 0.939
-0.082, 0.033, 0.936
-0.074, 0.033, 0.939
-0.082, 0.025, 0.939
-0.074, 0.025, 0.940
-0.074, 0.017, 0.943
-0.083, 0.009, 0.943
-0.075, 0.009, 0.945
-0.083, 0.001, 0.945
-0.075, 0.001, 0.947
-0.083, -0.008, 0.946
-0.075, -0.008, 0.948
-0.083, -0.016, 0.947
-0.083, -0.024, 0.950
-0.083, -0.032, 0.952
-0.084, -0.041, 0.952
-0.092, -0.049, 0.954
-0.084, -0.049, 0.954
-0.092, -0.057, 0.955
-0.084, -0.057, 0.955
-0.092, -0.066, 0.955
-0.084, -0.066, 0.956
-0.092, -0.074, 0.957
-0.084, -0.074, 0.957
-0.093, -0.083, 0.960
-0.084, -0.083, 0.959
-0.093, -0.091, 0.962
-0.084, -0.091, 0.962
-0.093, -0.100, 0.962
-0.084, -0.100, 0.963
-0.093, -0.108, 0.962
-0.001, 0.245, 0.906
0.007, 0.253, 0.906
0.007, 0.260, 0.905
0.015, 0.261, 0.906
0.023, 0.261, 0.908
0.031, 0.254, 0.910
0.023, 0.254, 0.910
0.015, 0.246, 0.909
0.007, 0.245, 0.907
0.031, 0.246, 0.909
0.055, 0.239, 0.914
0.127, 0.241, 0.920
0.160, 0.234, 0.924
0.263, 0.182, 0.948
0.264, 0.166, 0.951
0.273, 0.150, 0.955
0.283, 0.143, 0.960
0.283, 0.126, 0.960
0.276, 0.110, 0.964
0.179, -0.042, 0.983
0.173, -0.129, 0.997
0.179, -0.296, 1.033
0.200, -0.345, 1.047
0.173, -0.373, 1.049
0.164, -0.384, 1.052
0.163, -0.372, 1.046
0.173, -0.393, 1.053
0.165, -0.404, 1.058
0.174, -0.414, 1.059
0.183, -0.404, 1.057
0.183, -0.394, 1.055
0.183, -0.385, 1.055
0.192, -0.395, 1.058
0.202, -0.386, 1.059
0.210, -0.375, 1.055
0.210, -0.366, 1.054
0.219, -0.366, 1.054
0.228, -0.356, 1.051
0.227, -0.345, 1.047
0.237, -0.356, 1.051
0.247, -0.367, 1.056
0.238, -0.376, 1.057
0.229, -0.385, 1.056
0.219, -0.385, 1.055
0.229, -0.376, 1.057
0.237, -0.366, 1.054
0.239, -0.386, 1.060
0.229, -0.395, 1.058
0.250, -0.398, 1.067
0.260, -0.390, 1.069
0.257, -0.368, 1.059
0.193, -0.405, 1.060
0.184, -0.414, 1.061
0.193, -0.415, 1.063
0.184, -0.424, 1.062
-0.129, -0.221, 0.981
-0.181, -0.257, 0.988
RegionID:4
Center:-0.014,-0.309,0.939
Normal:-0.065,-0.996,-0.063
NumPatches:42
0.056, -0.314, 0.926
0.047, -0.313, 0.923
0.039, -0.312, 0.921
0.031, -0.312, 0.920
0.023, -0.312, 0.920
0.015, -0.309, 0.914
0.007, -0.309, 0.912
-0.001, -0.308, 0.909
-0.009, -0.307, 0.907
-0.016, -0.308, 0.909
-0.024, -0.308, 0.909
-0.032, -0.307, 0.907
-0.041, -0.307, 0.930
-0.049, -0.307, 0.930
-0.056, -0.305, 0.901
-0.065, -0.305, 0.923
-0.073, -0.303, 0.919
-0.081, -0.303, 0.918
-0.089, -0.303, 0.920
-0.092, -0.306, 0.953
-0.084, -0.307, 0.955
-0.075, -0.307, 0.955
-0.067, -0.307, 0.956
-0.059, -0.307, 0.957
-0.051, -0.309, 0.961
-0.057, -0.305, 0.926
-0.042, -0.309, 0.961
-0.034, -0.310, 0.966
-0.026, -0.310, 0.966
-0.033, -0.307, 0.931
-0.018, -0.311, 0.969
-0.009, -0.311, 0.969
-0.001, -0.313, 0.975
0.008, -0.313, 0.976
0.016, -0.313, 0.975
0.025, -0.314, 0.977
0.032, -0.312, 0.947
0.024, -0.312, 0.947
0.041, -0.314, 0.952
0.049, -0.314, 0.953
0.057, -0.315, 0.955
0.064, -0.314, 0.928
RegionID:5
Center:-0.205,-0.293,0.914
Normal:-0.071,-0.996,-0.051
NumPatches:42
-0.242, -0.290, 0.927
-0.245, -0.291, 0.906
-0.244, -0.288, 0.873
-0.258, -0.288, 0.898
-0.266, -0.288, 0.896
-0.273, -0.287, 0.894
-0.280, -0.286, 0.891
-0.289, -0.287, 0.920
-0.280, -0.287, 0.919
-0.273, -0.288, 0.922
-0.266, -0.289, 0.926
-0.259, -0.290, 0.928
-0.250, -0.289, 0.926
-0.252, -0.290, 0.903
-0.238, -0.290, 0.879
-0.229, -0.288, 0.875
-0.222, -0.289, 0.877
-0.221, -0.291, 0.905
-0.220, -0.292, 0.935
-0.213, -0.293, 0.938
-0.205, -0.293, 0.939
-0.192, -0.294, 0.917
-0.199, -0.293, 0.913
-0.185, -0.292, 0.884
-0.178, -0.293, 0.888
-0.176, -0.295, 0.917
-0.191, -0.297, 0.950
-0.182, -0.297, 0.949
-0.174, -0.297, 0.950
-0.166, -0.298, 0.953
-0.158, -0.298, 0.955
-0.151, -0.299, 0.958
-0.143, -0.300, 0.959
-0.138, -0.298, 0.927
-0.142, -0.298, 0.902
-0.149, -0.296, 0.898
-0.157, -0.296, 0.898
-0.164, -0.295, 0.894
-0.171, -0.293, 0.890
-0.134, -0.298, 0.902
-0.208, -0.291, 0.882
-0.215, -0.290, 0.879
RegionID:6
Center:-0.531,-0.233,0.947
Normal:0.076,-0.186,-0.980
NumPatches:28
-0.566, -0.229, 0.942
-0.559, -0.229, 0.944
-0.551, -0.230, 0.945
-0.542, -0.221, 0.944
-0.535, -0.221, 0.945
-0.544, -0.230, 0.946
-0.552, -0.238, 0.947
-0.545, -0.238, 0.948
-0.537, -0.230, 0.948
-0.528, -0.222, 0.947
-0.517, -0.213, 0.943
-0.509, -0.204, 0.942
-0.509, -0.212, 0.942
-0.519, -0.222, 0.946
-0.530, -0.231, 0.951
-0.537, -0.239, 0.949
-0.545, -0.247, 0.948
-0.537, -0.247, 0.948
-0.529, -0.247, 0.949
-0.536, -0.255, 0.947
-0.545, -0.263, 0.948
-0.522, -0.239, 0.952
-0.512, -0.230, 0.948
-0.510, -0.221, 0.945
-0.502, -0.221, 0.945
-0.514, -0.239, 0.952
-0.522, -0.248, 0.951
-0.514, -0.248, 0.952
RegionID:7
Center:-0.469,-0.186,0.941
Normal:0.018,-0.237,-0.971
NumPatches:40
-0.468, -0.120, 0.926
-0.476, -0.128, 0.926
-0.484, -0.136, 0.927
-0.495, -0.145, 0.932
-0.503, -0.145, 0.932
-0.494, -0.137, 0.930
-0.484, -0.128, 0.927
-0.495, -0.153, 0.931
-0.487, -0.162, 0.933
-0.496, -0.162, 0.933
-0.478, -0.153, 0.931
-0.477, -0.145, 0.928
-0.469, -0.137, 0.929
-0.469, -0.128, 0.928
-0.470, -0.145, 0.931
-0.465, -0.154, 0.937
-0.479, -0.162, 0.932
-0.474, -0.171, 0.938
-0.481, -0.170, 0.937
-0.475, -0.179, 0.941
-0.469, -0.188, 0.945
-0.476, -0.188, 0.942
-0.461, -0.197, 0.946
-0.454, -0.205, 0.947
-0.463, -0.214, 0.949
-0.462, -0.205, 0.948
-0.464, -0.223, 0.951
-0.465, -0.231, 0.953
-0.474, -0.240, 0.955
-0.466, -0.240, 0.955
-0.474, -0.249, 0.956
-0.466, -0.249, 0.955
-0.457, -0.240, 0.955
-0.448, -0.240, 0.953
-0.458, -0.249, 0.956
-0.449, -0.249, 0.956
-0.440, -0.248, 0.954
-0.432, -0.248, 0.954
-0.425, -0.249, 0.956
-0.417, -0.249, 0.958
RegionID:8
Center:-0.187,0.023,0.836
Normal:0.106,-0.191,-0.976
NumPatches:151
-0.121, -0.097, 0.866
-0.121, -0.090, 0.866
-0.121, -0.082, 0.864
-0.113, -0.075, 0.864
-0.113, -0.067, 0.863
-0.113, -0.059, 0.859
-0.113, -0.052, 0.858
-0.112, -0.044, 0.857
-0.112, -0.037, 0.855
-0.112, -0.029, 0.854
-0.112, -0.022, 0.852
-0.112, -0.014, 0.851
-0.104, -0.007, 0.852
-0.104, 0.001, 0.851
-0.104, 0.008, 0.849
-0.104, 0.015, 0.847
-0.104, 0.023, 0.845
-0.103, 0.030, 0.844
-0.103, 0.037, 0.842
-0.103, 0.044, 0.840
-0.103, 0.052, 0.840
-0.103, 0.059, 0.839
-0.103, 0.066, 0.838
-0.102, 0.073, 0.835
-0.095, 0.080, 0.833
-0.095, 0.087, 0.832
-0.095, 0.095, 0.831
-0.095, 0.102, 0.831
-0.094, 0.109, 0.830
-0.094, 0.116, 0.828
-0.094, 0.123, 0.827
-0.094, 0.130, 0.826
-0.094, 0.137, 0.825
-0.094, 0.144, 0.823
-0.093, 0.151, 0.821
-0.093, 0.157, 0.820
-0.093, 0.164, 0.819
-0.093, 0.171, 0.818
-0.093, 0.178, 0.818
-0.100, 0.185, 0.815
-0.107, 0.185, 0.814
-0.114, 0.184, 0.813
-0.121, 0.184, 0.813
-0.128, 0.184, 0.812
-0.135, 0.184, 0.811
-0.141, 0.191, 0.809
-0.148, 0.190, 0.808
-0.155, 0.190, 0.807
-0.162, 0.190, 0.807
-0.169, 0.190, 0.806
-0.176, 0.190, 0.806
-0.183, 0.190, 0.806
-0.189, 0.189, 0.804
-0.196, 0.196, 0.801
-0.203, 0.196, 0.801
-0.209, 0.195, 0.800
-0.216, 0.195, 0.800
-0.223, 0.195, 0.800
-0.230, 0.195, 0.799
-0.237, 0.195, 0.799
-0.244, 0.188, 0.799
-0.251, 0.181, 0.799
-0.244, 0.182, 0.801
-0.251, 0.175, 0.801
-0.252, 0.168, 0.802
-0.252, 0.161, 0.802
-0.252, 0.154, 0.803
-0.253, 0.148, 0.805
-0.253, 0.141, 0.806
-0.253, 0.134, 0.807
-0.254, 0.127, 0.808
-0.254, 0.120, 0.810
-0.254, 0.113, 0.811
-0.255, 0.107, 0.813
-0.255, 0.100, 0.814
-0.262, 0.093, 0.814
-0.256, 0.093, 0.815
-0.263, 0.086, 0.816
-0.264, 0.079, 0.817
-0.264, 0.072, 0.819
-0.264, 0.065, 0.820
-0.265, 0.058, 0.821
-0.265, 0.051, 0.822
-0.266, 0.044, 0.824
-0.266, 0.036, 0.824
-0.266, 0.029, 0.826
-0.267, 0.022, 0.827
-0.267, 0.015, 0.829
-0.268, 0.008, 0.830
-0.268, 0.001, 0.831
-0.268, -0.007, 0.832
-0.269, -0.014, 0.833
-0.269, -0.021, 0.835
-0.270, -0.029, 0.837
-0.271, -0.036, 0.839
-0.278, -0.043, 0.841
-0.271, -0.043, 0.841
-0.279, -0.051, 0.841
-0.279, -0.058, 0.842
-0.279, -0.065, 0.844
-0.280, -0.073, 0.845
-0.280, -0.080, 0.846
-0.281, -0.088, 0.847
-0.282, -0.096, 0.850
-0.282, -0.103, 0.851
-0.282, -0.111, 0.852
-0.283, -0.118, 0.853
-0.283, -0.126, 0.855
-0.284, -0.134, 0.856
-0.284, -0.141, 0.858
-0.277, -0.149, 0.860
-0.284, -0.149, 0.859
-0.270, -0.149, 0.862
-0.263, -0.150, 0.864
-0.256, -0.150, 0.864
-0.248, -0.150, 0.863
-0.242, -0.158, 0.866
-0.249, -0.157, 0.865
-0.235, -0.158, 0.868
-0.228, -0.158, 0.870
-0.220, -0.158, 0.871
-0.213, -0.159, 0.871
-0.205, -0.159, 0.872
-0.198, -0.159, 0.873
-0.190, -0.159, 0.873
-0.183, -0.159, 0.873
-0.175, -0.159, 0.874
-0.168, -0.159, 0.875
-0.161, -0.159, 0.876
-0.153, -0.159, 0.876
-0.145, -0.159, 0.876
-0.138, -0.160, 0.877
-0.130, -0.160, 0.878
-0.123, -0.152, 0.878
-0.123, -0.144, 0.876
-0.122, -0.136, 0.873
-0.122, -0.128, 0.871
-0.122, -0.120, 0.870
-0.122, -0.113, 0.869
-0.121, -0.105, 0.867
-0.123, -0.160, 0.880
-0.131, -0.168, 0.882
-0.243, 0.195, 0.797
-0.243, 0.201, 0.796
-0.189, 0.196, 0.802
-0.134, 0.191, 0.810
-0.093, 0.185, 0.816
-0.086, 0.165, 0.820
-0.095, 0.073, 0.836
-0.104, -0.014, 0.852
-0.113, -0.082, 0.865
RegionID:9
Center:0.047,0.013,0.864
Normal:0.107,-0.192,-0.976
NumPatches:150
0.129, -0.015, 0.879
0.122, -0.022, 0.878
0.121, -0.015, 0.877
0.129, -0.007, 0.878
0.129, 0.001, 0.876
0.129, 0.008, 0.874
0.128, 0.016, 0.873
0.128, 0.023, 0.871
0.128, 0.031, 0.869
0.128, 0.038, 0.867
0.135, 0.046, 0.868
0.135, 0.053, 0.866
0.135, 0.061, 0.863
0.134, 0.068, 0.862
0.134, 0.075, 0.860
0.134, 0.083, 0.859
0.134, 0.090, 0.858
0.133, 0.097, 0.856
0.141, 0.105, 0.855
0.140, 0.112, 0.853
0.140, 0.119, 0.853
0.140, 0.127, 0.853
0.140, 0.134, 0.851
0.140, 0.141, 0.849
0.139, 0.148, 0.847
0.139, 0.155, 0.846
0.146, 0.162, 0.845
0.146, 0.170, 0.844
0.139, 0.177, 0.843
0.131, 0.176, 0.841
0.123, 0.176, 0.839
0.116, 0.176, 0.838
0.109, 0.176, 0.838
0.101, 0.176, 0.839
0.094, 0.183, 0.837
0.087, 0.182, 0.836
0.079, 0.182, 0.834
0.072, 0.182, 0.832
0.065, 0.182, 0.832
0.057, 0.182, 0.832
0.050, 0.181, 0.832
0.043, 0.181, 0.830
0.035, 0.181, 0.830
0.028, 0.181, 0.829
0.021, 0.188, 0.827
0.014, 0.187, 0.826
0.007, 0.187, 0.826
-0.001, 0.187, 0.826
-0.008, 0.187, 0.825
-0.015, 0.180, 0.824
-0.015, 0.187, 0.823
-0.015, 0.173, 0.825
-0.015, 0.166, 0.826
-0.015, 0.159, 0.827
-0.015, 0.152, 0.830
-0.022, 0.145, 0.832
-0.015, 0.145, 0.831
-0.022, 0.138, 0.832
-0.022, 0.131, 0.833
-0.022, 0.124, 0.834
-0.022, 0.117, 0.837
-0.022, 0.110, 0.839
-0.023, 0.103, 0.840
-0.023, 0.096, 0.840
-0.023, 0.088, 0.840
-0.023, 0.081, 0.842
-0.023, 0.074, 0.844
-0.023, 0.067, 0.846
-0.030, 0.060, 0.846
-0.023, 0.060, 0.847
-0.030, 0.052, 0.848
-0.030, 0.045, 0.850
-0.030, 0.038, 0.851
-0.030, 0.030, 0.852
-0.030, 0.023, 0.853
-0.030, 0.015, 0.854
-0.030, 0.008, 0.855
-0.030, 0.001, 0.857
-0.030, -0.007, 0.857
-0.038, -0.014, 0.858
-0.031, -0.014, 0.859
-0.038, -0.022, 0.861
-0.038, -0.029, 0.863
-0.038, -0.037, 0.866
-0.038, -0.045, 0.868
-0.038, -0.052, 0.869
-0.038, -0.060, 0.869
-0.038, -0.067, 0.870
-0.039, -0.075, 0.871
-0.046, -0.083, 0.873
-0.039, -0.083, 0.873
-0.046, -0.091, 0.873
-0.046, -0.098, 0.874
-0.046, -0.106, 0.877
-0.046, -0.114, 0.878
-0.046, -0.122, 0.879
-0.047, -0.130, 0.881
-0.047, -0.138, 0.883
-0.047, -0.146, 0.885
-0.055, -0.154, 0.887
-0.047, -0.154, 0.886
-0.055, -0.162, 0.888
-0.047, -0.161, 0.887
-0.039, -0.162, 0.888
-0.032, -0.162, 0.890
-0.024, -0.162, 0.891
-0.016, -0.162, 0.892
-0.008, -0.163, 0.893
-0.001, -0.163, 0.894
0.007, -0.171, 0.895
-0.001, -0.170, 0.894
0.015, -0.171, 0.896
0.023, -0.171, 0.897
0.031, -0.171, 0.899
0.038, -0.172, 0.900
0.046, -0.172, 0.901
0.054, -0.172, 0.901
0.062, -0.172, 0.902
0.070, -0.172, 0.903
0.078, -0.173, 0.905
0.086, -0.173, 0.906
0.094, -0.173, 0.907
0.102, -0.173, 0.909
0.110, -0.165, 0.906
0.109, -0.157, 0.904
0.109, -0.149, 0.903
0.109, -0.140, 0.900
0.109, -0.132, 0.899
0.117, -0.125, 0.899
0.116, -0.116, 0.897
0.116, -0.108, 0.895
0.116, -0.100, 0.893
0.116, -0.092, 0.892
0.116, -0.085, 0.891
0.115, -0.077, 0.890
0.115, -0.069, 0.888
0.123, -0.061, 0.888
0.123, -0.053, 0.885
0.122, -0.045, 0.884
0.122, -0.038, 0.882
0.122, -0.030, 0.879
0.123, -0.069, 0.890
0.117, -0.132, 0.900
0.110, -0.173, 0.910
0.028, 0.188, 0.828
0.101, 0.183, 0.838
0.146, 0.177, 0.843
0.147, 0.155, 0.846
0.141, 0.098, 0.857
0.135, 0.038, 0.869
RegionID:10
Center:-0.560,-0.128,0.922
Normal:0.095,-0.149,-0.984
NumPatches:40
-0.600, -0.111, 0.919
-0.593, -0.119, 0.920
-0.601, -0.119, 0.920
-0.585, -0.111, 0.920
-0.584, -0.103, 0.919
-0.583, -0.095, 0.917
-0.575, -0.087, 0.918
-0.565, -0.087, 0.914
-0.575, -0.095, 0.918
-0.567, -0.095, 0.917
-0.575, -0.103, 0.917
-0.566, -0.111, 0.916
-0.575, -0.119, 0.917
-0.584, -0.119, 0.919
-0.575, -0.111, 0.917
-0.575, -0.127, 0.918
-0.568, -0.127, 0.919
-0.578, -0.136, 0.922
-0.570, -0.144, 0.922
-0.579, -0.144, 0.924
-0.572, -0.152, 0.925
-0.562, -0.144, 0.922
-0.556, -0.144, 0.925
-0.548, -0.136, 0.925
-0.552, -0.127, 0.919
-0.560, -0.127, 0.919
-0.544, -0.119, 0.919
-0.538, -0.120, 0.922
-0.545, -0.128, 0.921
-0.541, -0.136, 0.927
-0.549, -0.145, 0.927
-0.542, -0.145, 0.929
-0.534, -0.137, 0.929
-0.525, -0.137, 0.928
-0.518, -0.145, 0.930
-0.527, -0.153, 0.931
-0.535, -0.153, 0.931
-0.542, -0.153, 0.930
-0.527, -0.145, 0.931
-0.518, -0.153, 0.930
RegionID:11
Center:0.629,0.045,1.018
Normal:0.220,-0.182,-0.958
NumPatches:25
0.641, 0.045, 1.025
0.632, 0.036, 1.025
0.621, 0.027, 1.022
0.611, 0.018, 1.019
0.621, 0.019, 1.022
0.630, 0.010, 1.022
0.621, 0.010, 1.021
0.641, 0.019, 1.025
0.652, 0.019, 1.028
0.643, 0.001, 1.028
0.656, -0.008, 1.035
0.616, 0.045, 1.013
0.616, 0.054, 1.013
0.616, 0.062, 1.013
0.614, 0.071, 1.010
0.614, 0.080, 1.009
0.623, 0.080, 1.010
0.633, 0.080, 1.012
0.623, 0.071, 1.011
0.633, 0.071, 1.013
0.626, 0.063, 1.015
0.639, 0.054, 1.021
0.628, 0.054, 1.019
0.642, 0.080, 1.012
0.643, 0.071, 1.014
RegionID:12
Center:-0.525,0.059,0.888
Normal:0.091,-0.161,-0.983
NumPatches:35
-0.543, 0.032, 0.891
-0.536, 0.039, 0.893
-0.542, 0.047, 0.889
-0.549, 0.047, 0.887
-0.555, 0.047, 0.885
-0.562, 0.047, 0.885
-0.554, 0.054, 0.885
-0.547, 0.062, 0.885
-0.546, 0.070, 0.883
-0.540, 0.062, 0.886
-0.549, 0.055, 0.888
-0.532, 0.070, 0.885
-0.531, 0.078, 0.884
-0.522, 0.085, 0.882
-0.525, 0.092, 0.874
-0.516, 0.085, 0.884
-0.524, 0.078, 0.885
-0.518, 0.078, 0.887
-0.510, 0.078, 0.887
-0.503, 0.078, 0.888
-0.495, 0.078, 0.888
-0.503, 0.070, 0.889
-0.511, 0.063, 0.889
-0.519, 0.055, 0.889
-0.527, 0.047, 0.890
-0.535, 0.047, 0.891
-0.519, 0.047, 0.889
-0.511, 0.055, 0.889
-0.503, 0.063, 0.889
-0.496, 0.063, 0.890
-0.519, 0.039, 0.890
-0.512, 0.032, 0.891
-0.506, 0.024, 0.894
-0.497, 0.024, 0.892
-0.532, 0.062, 0.886
RegionID:13
Center:-0.504,0.139,0.873
Normal:0.080,-0.138,-0.987
NumPatches:25
-0.494, 0.130, 0.873
-0.502, 0.130, 0.874
-0.510, 0.130, 0.874
-0.518, 0.122, 0.875
-0.524, 0.114, 0.872
-0.525, 0.122, 0.874
-0.517, 0.130, 0.873
-0.509, 0.137, 0.872
-0.509, 0.145, 0.872
-0.501, 0.152, 0.872
-0.509, 0.160, 0.872
-0.513, 0.166, 0.867
-0.512, 0.173, 0.864
-0.507, 0.167, 0.869
-0.501, 0.167, 0.872
-0.501, 0.160, 0.872
-0.494, 0.152, 0.873
-0.501, 0.145, 0.872
-0.494, 0.137, 0.872
-0.501, 0.137, 0.871
-0.486, 0.145, 0.872
-0.494, 0.122, 0.873
-0.488, 0.115, 0.876
-0.490, 0.108, 0.879
-0.492, 0.100, 0.883
