NumRegions:16
RegionID:0
Center:-0.022,-0.442,0.913
Normal:0.027,0.023,-0.999
NumPatches:196
-0.191, -0.475, 0.911
-0.198, -0.474, 0.909
-0.198, -0.466, 0.909
-0.198, -0.458, 0.908
-0.198, -0.449, 0.907
-0.198, -0.441, 0.906
-0.198, -0.433, 0.906
-0.198, -0.426, 0.908
-0.191, -0.419, 0.910
-0.190, -0.411, 0.909
-0.183, -0.403, 0.910
-0.175, -0.397, 0.913
-0.167, -0.396, 0.912
-0.175, -0.403, 0.910
-0.182, -0.411, 0.909
-0.159, -0.396, 0.911
-0.151, -0.403, 0.910
-0.159, -0.403, 0.910
-0.143, -0.403, 0.909
-0.135, -0.403, 0.910
-0.143, -0.411, 0.909
-0.135, -0.418, 0.908
-0.143, -0.418, 0.909
-0.135, -0.426, 0.909
-0.127, -0.427, 0.910
-0.119, -0.419, 0.910
-0.127, -0.410, 0.909
-0.119, -0.411, 0.910
-0.112, -0.411, 0.911
-0.104, -0.411, 0.911
-0.096, -0.404, 0.911
-0.088, -0.404, 0.911
-0.096, -0.412, 0.911
-0.080, -0.404, 0.912
-0.072, -0.405, 0.913
-0.064, -0.413, 0.914
-0.072, -0.412, 0.913
-0.064, -0.420, 0.912
-0.056, -0.419, 0.911
-0.048, -0.412, 0.912
-0.040, -0.413, 0.913
-0.040, -0.421, 0.914
-0.048, -0.428, 0.912
-0.056, -0.427, 0.911
-0.064, -0.436, 0.912
-0.072, -0.435, 0.911
-0.080, -0.443, 0.911
-0.088, -0.451, 0.911
-0.088, -0.443, 0.911
-0.080, -0.435, 0.911
-0.080, -0.459, 0.910
-0.088, -0.459, 0.911
-0.080, -0.466, 0.909
-0.088, -0.474, 0.909
-0.096, -0.474, 0.910
-0.104, -0.474, 0.910
-0.111, -0.474, 0.910
-0.119, -0.474, 0.909
-0.127, -0.473, 0.908
-0.135, -0.473, 0.908
-0.143, -0.474, 0.909
-0.151, -0.474, 0.908
-0.151, -0.466, 0.909
-0.159, -0.458, 0.909
-0.167, -0.458, 0.910
-0.175, -0.458, 0.910
-0.183, -0.466, 0.909
-0.191, -0.467, 0.911
-0.183, -0.458, 0.910
-0.182, -0.450, 0.908
-0.182, -0.442, 0.908
-0.182, -0.434, 0.908
-0.190, -0.426, 0.908
-0.175, -0.427, 0.910
-0.167, -0.427, 0.910
-0.175, -0.435, 0.911
-0.167, -0.443, 0.911
-0.175, -0.451, 0.911
-0.167, -0.451, 0.911
-0.159, -0.443, 0.910
-0.159, -0.434, 0.908
-0.159, -0.426, 0.909
-0.151, -0.458, 0.910
-0.143, -0.458, 0.910
-0.135, -0.451, 0.910
-0.127, -0.451, 0.910
-0.135, -0.458, 0.909
-0.143, -0.466, 0.909
-0.127, -0.464, 0.906
-0.119, -0.458, 0.909
-0.119, -0.451, 0.911
-0.112, -0.459, 0.910
-0.111, -0.466, 0.910
-0.080, -0.473, 0.908
-0.072, -0.466, 0.909
-0.064, -0.458, 0.910
-0.072, -0.452, 0.913
-0.064, -0.444, 0.912
-0.056, -0.443, 0.910
-0.048, -0.450, 0.910
-0.056, -0.458, 0.910
-0.056, -0.450, 0.910
-0.048, -0.459, 0.910
-0.056, -0.466, 0.910
-0.064, -0.474, 0.910
-0.072, -0.474, 0.909
-0.056, -0.474, 0.910
-0.048, -0.466, 0.910
-0.040, -0.466, 0.910
-0.048, -0.474, 0.909
-0.032, -0.474, 0.909
-0.040, -0.451, 0.910
-0.040, -0.443, 0.910
-0.040, -0.436, 0.912
-0.040, -0.428, 0.913
-0.032, -0.444, 0.913
-0.025, -0.446, 0.916
-0.032, -0.452, 0.913
-0.025, -0.453, 0.915
-0.017, -0.445, 0.915
-0.009, -0.444, 0.913
-0.017, -0.453, 0.915
-0.009, -0.460, 0.914
-0.017, -0.461, 0.914
-0.009, -0.468, 0.913
-0.001, -0.476, 0.913
-0.009, -0.476, 0.913
0.007, -0.476, 0.913
0.015, -0.476, 0.914
0.023, -0.476, 0.913
0.031, -0.476, 0.913
0.039, -0.476, 0.913
0.047, -0.476, 0.912
0.055, -0.476, 0.912
0.063, -0.476, 0.913
0.071, -0.477, 0.915
0.079, -0.477, 0.915
0.087, -0.477, 0.915
0.095, -0.478, 0.916
0.103, -0.477, 0.916
0.111, -0.477, 0.915
0.119, -0.478, 0.916
0.127, -0.477, 0.915
0.134, -0.476, 0.914
0.143, -0.477, 0.915
0.151, -0.470, 0.918
0.151, -0.463, 0.918
0.151, -0.455, 0.918
0.151, -0.447, 0.919
0.159, -0.440, 0.920
0.159, -0.431, 0.919
0.151, -0.423, 0.918
0.143, -0.422, 0.917
0.135, -0.430, 0.917
0.127, -0.431, 0.918
0.119, -0.439, 0.918
0.111, -0.438, 0.918
0.111, -0.430, 0.916
0.111, -0.421, 0.915
0.103, -0.413, 0.915
0.095, -0.414, 0.916
0.087, -0.414, 0.917
0.079, -0.414, 0.916
0.071, -0.414, 0.916
0.063, -0.414, 0.916
0.055, -0.413, 0.915
0.047, -0.413, 0.914
0.039, -0.413, 0.915
0.031, -0.413, 0.915
0.023, -0.413, 0.915
0.015, -0.421, 0.915
0.007, -0.421, 0.915
-0.001, -0.428, 0.913
-0.001, -0.421, 0.915
-0.001, -0.413, 0.915
-0.001, -0.436, 0.912
-0.001, -0.443, 0.912
0.015, -0.413, 0.914
0.023, -0.406, 0.916
0.031, -0.406, 0.917
0.047, -0.405, 0.915
0.111, -0.413, 0.915
0.119, -0.414, 0.916
0.127, -0.414, 0.918
0.119, -0.422, 0.916
0.127, -0.422, 0.917
0.135, -0.414, 0.917
0.135, -0.422, 0.917
0.119, -0.446, 0.917
0.127, -0.446, 0.916
0.135, -0.438, 0.917
0.135, -0.446, 0.916
0.159, -0.424, 0.920
0.159, -0.448, 0.920
0.151, -0.478, 0.916
-0.119, -0.427, 0.911
RegionID:1
Center:0.630,-0.530,1.077
Normal:0.044,-0.221,-0.974
NumPatches:37
0.593, -0.491, 1.067
0.583, -0.500, 1.066
0.575, -0.511, 1.069
0.584, -0.510, 1.068
0.578, -0.522, 1.073
0.592, -0.535, 1.081
0.582, -0.535, 1.080
0.599, -0.533, 1.077
0.608, -0.543, 1.077
0.600, -0.544, 1.080
0.609, -0.553, 1.080
0.620, -0.554, 1.082
0.631, -0.556, 1.084
0.640, -0.556, 1.084
0.650, -0.565, 1.085
0.641, -0.566, 1.086
0.660, -0.566, 1.085
0.670, -0.566, 1.087
0.678, -0.555, 1.084
0.687, -0.546, 1.083
0.677, -0.536, 1.082
0.664, -0.524, 1.077
0.654, -0.523, 1.076
0.644, -0.513, 1.074
0.633, -0.512, 1.073
0.622, -0.502, 1.070
0.612, -0.501, 1.068
0.603, -0.501, 1.068
0.604, -0.492, 1.069
0.592, -0.481, 1.065
0.583, -0.490, 1.065
0.634, -0.503, 1.073
0.654, -0.514, 1.075
0.675, -0.525, 1.080
0.686, -0.536, 1.082
0.687, -0.555, 1.083
0.679, -0.566, 1.085
RegionID:2
Center:0.112,0.102,0.948
Normal:0.032,-0.214,-0.976
NumPatches:2736
0.484, -0.320, 1.053
0.475, -0.320, 1.053
0.484, -0.310, 1.051
0.481, -0.300, 1.046
0.480, -0.290, 1.044
0.471, -0.281, 1.044
0.463, -0.272, 1.045
0.454, -0.282, 1.047
0.445, -0.291, 1.047
0.436, -0.281, 1.045
0.425, -0.271, 1.042
0.415, -0.271, 1.041
0.406, -0.270, 1.038
0.396, -0.270, 1.037
0.386, -0.278, 1.034
0.377, -0.269, 1.035
0.370, -0.280, 1.040
0.362, -0.290, 1.043
0.353, -0.290, 1.044
0.344, -0.290, 1.045
0.335, -0.290, 1.043
0.326, -0.299, 1.043
0.317, -0.308, 1.045
0.308, -0.309, 1.046
0.299, -0.308, 1.044
0.291, -0.318, 1.047
0.282, -0.328, 1.050
0.272, -0.318, 1.047
0.263, -0.317, 1.045
0.254, -0.327, 1.046
0.245, -0.337, 1.048
0.244, -0.326, 1.044
0.254, -0.317, 1.045
0.253, -0.308, 1.044
0.253, -0.299, 1.043
0.252, -0.289, 1.040
0.252, -0.279, 1.037
0.251, -0.269, 1.033
0.259, -0.259, 1.030
0.258, -0.250, 1.028
0.258, -0.241, 1.027
0.258, -0.232, 1.027
0.257, -0.222, 1.024
0.256, -0.212, 1.020
0.264, -0.203, 1.016
0.254, -0.193, 1.012
0.264, -0.185, 1.015
0.263, -0.175, 1.012
0.262, -0.166, 1.008
0.262, -0.157, 1.006
0.261, -0.147, 1.002
0.260, -0.139, 1.001
0.261, -0.130, 1.002
0.261, -0.121, 1.001
0.269, -0.113, 1.001
0.268, -0.104, 0.999
0.268, -0.095, 0.996
0.268, -0.086, 0.996
0.267, -0.077, 0.992
0.265, -0.068, 0.987
0.265, -0.059, 0.985
0.265, -0.051, 0.984
0.264, -0.042, 0.982
0.272, -0.033, 0.980
0.271, -0.025, 0.977
0.270, -0.016, 0.975
0.271, -0.008, 0.975
0.270, 0.001, 0.974
0.270, 0.009, 0.972
0.269, 0.018, 0.971
0.277, 0.026, 0.969
0.277, 0.034, 0.967
0.276, 0.043, 0.966
0.275, 0.051, 0.962
0.275, 0.059, 0.960
0.274, 0.067, 0.959
0.274, 0.076, 0.957
0.273, 0.084, 0.955
0.273, 0.092, 0.954
0.273, 0.100, 0.954
0.273, 0.108, 0.953
0.272, 0.117, 0.951
0.263, 0.124, 0.948
0.254, 0.124, 0.946
0.245, 0.132, 0.941
0.237, 0.132, 0.943
0.229, 0.132, 0.944
0.221, 0.132, 0.943
0.212, 0.140, 0.941
0.204, 0.132, 0.943
0.196, 0.132, 0.943
0.188, 0.132, 0.942
0.179, 0.132, 0.942
0.171, 0.132, 0.942
0.163, 0.132, 0.942
0.154, 0.140, 0.939
0.146, 0.139, 0.938
0.138, 0.139, 0.938
0.138, 0.147, 0.935
0.154, 0.148, 0.938
0.154, 0.156, 0.937
0.146, 0.163, 0.934
0.137, 0.163, 0.935
0.130, 0.164, 0.936
0.121, 0.164, 0.936
0.113, 0.163, 0.936
0.105, 0.155, 0.935
0.097, 0.148, 0.939
0.089, 0.139, 0.939
0.081, 0.139, 0.937
0.073, 0.139, 0.937
0.065, 0.140, 0.939
0.056, 0.139, 0.938
0.048, 0.139, 0.937
0.040, 0.139, 0.938
0.032, 0.139, 0.939
0.024, 0.131, 0.939
0.016, 0.123, 0.940
0.007, 0.131, 0.938
-0.001, 0.131, 0.937
-0.009, 0.131, 0.937
-0.017, 0.139, 0.936
-0.025, 0.139, 0.936
-0.033, 0.131, 0.937
-0.041, 0.139, 0.936
-0.049, 0.139, 0.935
-0.058, 0.139, 0.935
-0.066, 0.139, 0.935
-0.074, 0.139, 0.934
-0.082, 0.139, 0.934
-0.090, 0.139, 0.933
-0.098, 0.139, 0.934
-0.106, 0.139, 0.934
-0.114, 0.139, 0.933
-0.122, 0.139, 0.933
-0.131, 0.139, 0.933
-0.139, 0.139, 0.933
-0.147, 0.139, 0.932
-0.155, 0.139, 0.933
-0.163, 0.147, 0.932
-0.170, 0.146, 0.929
-0.178, 0.146, 0.928
-0.186, 0.154, 0.925
-0.194, 0.153, 0.925
-0.203, 0.146, 0.930
-0.201, 0.161, 0.923
-0.201, 0.169, 0.923
-0.209, 0.177, 0.922
-0.217, 0.177, 0.921
-0.225, 0.177, 0.921
-0.233, 0.169, 0.922
-0.242, 0.170, 0.924
-0.250, 0.170, 0.925
-0.258, 0.177, 0.923
-0.265, 0.169, 0.923
-0.273, 0.169, 0.920
-0.265, 0.177, 0.921
-0.273, 0.185, 0.920
-0.272, 0.192, 0.917
-0.278, 0.199, 0.913
-0.287, 0.192, 0.914
-0.295, 0.184, 0.916
-0.304, 0.176, 0.918
-0.313, 0.177, 0.920
-0.321, 0.169, 0.921
-0.329, 0.161, 0.922
-0.337, 0.153, 0.922
-0.346, 0.145, 0.923
-0.355, 0.138, 0.927
-0.362, 0.145, 0.924
-0.371, 0.145, 0.924
-0.378, 0.145, 0.924
-0.387, 0.137, 0.925
-0.395, 0.129, 0.926
-0.404, 0.122, 0.927
-0.412, 0.122, 0.927
-0.411, 0.129, 0.924
-0.410, 0.137, 0.923
-0.402, 0.137, 0.924
-0.395, 0.145, 0.924
-0.386, 0.153, 0.923
-0.384, 0.161, 0.920
-0.377, 0.161, 0.921
-0.369, 0.161, 0.921
-0.378, 0.153, 0.923
-0.361, 0.169, 0.921
-0.353, 0.161, 0.921
-0.362, 0.153, 0.923
-0.361, 0.161, 0.922
-0.353, 0.153, 0.921
-0.345, 0.153, 0.921
-0.337, 0.161, 0.921
-0.345, 0.169, 0.920
-0.335, 0.176, 0.916
-0.330, 0.153, 0.923
-0.322, 0.161, 0.923
-0.314, 0.161, 0.924
-0.323, 0.154, 0.926
-0.330, 0.145, 0.924
-0.338, 0.137, 0.924
-0.347, 0.137, 0.925
-0.355, 0.130, 0.926
-0.363, 0.122, 0.927
-0.356, 0.122, 0.928
-0.357, 0.114, 0.932
-0.366, 0.106, 0.933
-0.375, 0.098, 0.935
-0.382, 0.098, 0.934
-0.374, 0.106, 0.933
-0.382, 0.114, 0.932
-0.389, 0.114, 0.931
-0.397, 0.114, 0.931
-0.406, 0.106, 0.932
-0.414, 0.098, 0.933
-0.422, 0.090, 0.931
-0.430, 0.090, 0.931
-0.439, 0.082, 0.934
-0.449, 0.074, 0.937
-0.457, 0.074, 0.937
-0.464, 0.074, 0.936
-0.473, 0.074, 0.936
-0.483, 0.066, 0.940
-0.491, 0.058, 0.939
-0.498, 0.066, 0.937
-0.505, 0.074, 0.935
-0.515, 0.066, 0.939
-0.523, 0.058, 0.938
-0.530, 0.066, 0.937
-0.539, 0.058, 0.937
-0.547, 0.058, 0.938
-0.554, 0.066, 0.936
-0.564, 0.066, 0.938
-0.546, 0.066, 0.935
-0.538, 0.074, 0.936
-0.528, 0.082, 0.933
-0.535, 0.090, 0.931
-0.526, 0.098, 0.930
-0.517, 0.106, 0.928
-0.524, 0.113, 0.926
-0.515, 0.121, 0.925
-0.507, 0.121, 0.924
-0.516, 0.113, 0.927
-0.497, 0.129, 0.921
-0.505, 0.137, 0.920
-0.490, 0.137, 0.922
-0.482, 0.145, 0.922
-0.481, 0.153, 0.920
-0.474, 0.145, 0.922
-0.482, 0.137, 0.923
-0.490, 0.129, 0.923
-0.499, 0.121, 0.925
-0.491, 0.121, 0.925
-0.500, 0.113, 0.926
-0.492, 0.105, 0.926
-0.501, 0.098, 0.929
-0.511, 0.090, 0.932
-0.518, 0.098, 0.930
-0.528, 0.090, 0.933
-0.510, 0.098, 0.929
-0.500, 0.105, 0.927
-0.503, 0.082, 0.932
-0.514, 0.074, 0.936
-0.523, 0.066, 0.938
-0.530, 0.074, 0.936
-0.538, 0.066, 0.937
-0.512, 0.082, 0.933
-0.494, 0.090, 0.929
-0.485, 0.098, 0.929
-0.477, 0.098, 0.929
-0.487, 0.090, 0.931
-0.479, 0.090, 0.932
-0.488, 0.082, 0.935
-0.497, 0.074, 0.935
-0.489, 0.074, 0.936
-0.480, 0.082, 0.934
-0.470, 0.090, 0.931
-0.470, 0.098, 0.930
-0.469, 0.106, 0.928
-0.461, 0.106, 0.929
-0.453, 0.114, 0.928
-0.441, 0.121, 0.922
-0.434, 0.129, 0.924
-0.427, 0.129, 0.925
-0.444, 0.105, 0.927
-0.455, 0.098, 0.933
-0.463, 0.098, 0.932
-0.453, 0.106, 0.930
-0.445, 0.098, 0.930
-0.456, 0.090, 0.934
-0.463, 0.082, 0.933
-0.449, 0.082, 0.937
-0.438, 0.090, 0.931
-0.436, 0.098, 0.928
-0.436, 0.105, 0.926
-0.428, 0.113, 0.926
-0.429, 0.098, 0.930
-0.482, 0.074, 0.937
-0.482, 0.129, 0.923
-0.474, 0.137, 0.923
-0.466, 0.129, 0.923
-0.474, 0.129, 0.923
-0.483, 0.121, 0.924
-0.467, 0.121, 0.924
-0.524, 0.050, 0.940
-0.483, 0.058, 0.940
-0.475, 0.058, 0.940
-0.466, 0.050, 0.939
-0.475, 0.042, 0.941
-0.483, 0.042, 0.941
-0.496, 0.034, 0.949
-0.475, 0.050, 0.940
-0.477, 0.034, 0.944
-0.471, 0.025, 0.949
-0.462, 0.025, 0.947
-0.463, 0.017, 0.948
-0.455, 0.009, 0.949
-0.450, 0.001, 0.956
-0.458, 0.058, 0.939
-0.450, 0.058, 0.940
-0.459, 0.050, 0.941
-0.442, 0.058, 0.939
-0.435, 0.050, 0.941
-0.443, 0.050, 0.942
-0.436, 0.042, 0.943
-0.428, 0.042, 0.945
-0.436, 0.034, 0.945
-0.428, 0.034, 0.945
-0.419, 0.042, 0.944
-0.418, 0.050, 0.942
-0.417, 0.058, 0.940
-0.417, 0.066, 0.939
-0.408, 0.074, 0.937
-0.415, 0.082, 0.934
-0.414, 0.090, 0.932
-0.407, 0.098, 0.934
-0.399, 0.090, 0.934
-0.407, 0.082, 0.934
-0.400, 0.074, 0.937
-0.409, 0.066, 0.938
-0.390, 0.082, 0.932
-0.411, 0.050, 0.943
-0.403, 0.050, 0.944
-0.411, 0.042, 0.945
-0.411, 0.034, 0.945
-0.404, 0.025, 0.946
-0.412, 0.025, 0.947
-0.422, 0.017, 0.951
-0.430, 0.017, 0.950
-0.429, 0.025, 0.946
-0.405, 0.017, 0.949
-0.398, 0.009, 0.952
-0.407, 0.009, 0.953
-0.399, 0.001, 0.953
-0.390, 0.001, 0.953
-0.381, 0.009, 0.950
-0.372, 0.017, 0.948
-0.380, 0.025, 0.948
-0.388, 0.025, 0.948
-0.396, 0.034, 0.947
-0.396, 0.042, 0.946
-0.395, 0.050, 0.944
-0.385, 0.058, 0.940
-0.375, 0.066, 0.935
-0.367, 0.074, 0.936
-0.368, 0.082, 0.937
-0.368, 0.090, 0.938
-0.366, 0.098, 0.935
-0.358, 0.106, 0.933
-0.367, 0.066, 0.936
-0.376, 0.058, 0.938
-0.386, 0.050, 0.943
-0.377, 0.050, 0.941
-0.368, 0.058, 0.939
-0.360, 0.058, 0.939
-0.352, 0.066, 0.939
-0.352, 0.074, 0.938
-0.351, 0.082, 0.936
-0.343, 0.082, 0.937
-0.334, 0.090, 0.935
-0.342, 0.098, 0.935
-0.342, 0.106, 0.935
-0.341, 0.114, 0.933
-0.340, 0.122, 0.930
-0.339, 0.130, 0.927
-0.330, 0.137, 0.925
-0.323, 0.130, 0.926
-0.332, 0.122, 0.928
-0.324, 0.122, 0.928
-0.332, 0.114, 0.929
-0.317, 0.114, 0.932
-0.307, 0.122, 0.927
-0.300, 0.130, 0.929
-0.308, 0.138, 0.929
-0.316, 0.138, 0.929
-0.316, 0.146, 0.929
-0.307, 0.154, 0.926
-0.306, 0.162, 0.925
-0.305, 0.169, 0.922
-0.298, 0.169, 0.923
-0.290, 0.162, 0.925
-0.298, 0.162, 0.925
-0.291, 0.154, 0.926
-0.283, 0.146, 0.927
-0.291, 0.146, 0.928
-0.300, 0.138, 0.929
-0.307, 0.146, 0.928
-0.292, 0.130, 0.930
-0.283, 0.130, 0.929
-0.275, 0.130, 0.929
-0.268, 0.130, 0.930
-0.260, 0.130, 0.931
-0.260, 0.122, 0.931
-0.260, 0.114, 0.932
-0.268, 0.106, 0.933
-0.277, 0.106, 0.934
-0.286, 0.098, 0.936
-0.293, 0.098, 0.934
-0.301, 0.090, 0.933
-0.310, 0.082, 0.935
-0.318, 0.082, 0.936
-0.327, 0.074, 0.937
-0.334, 0.074, 0.936
-0.334, 0.082, 0.936
-0.326, 0.090, 0.935
-0.334, 0.098, 0.935
-0.318, 0.098, 0.936
-0.318, 0.106, 0.935
-0.309, 0.106, 0.933
-0.299, 0.114, 0.929
-0.291, 0.114, 0.928
-0.300, 0.106, 0.931
-0.310, 0.098, 0.935
-0.318, 0.090, 0.936
-0.292, 0.106, 0.932
-0.285, 0.106, 0.934
-0.327, 0.066, 0.939
-0.328, 0.058, 0.941
-0.321, 0.050, 0.945
-0.329, 0.050, 0.945
-0.338, 0.042, 0.946
-0.346, 0.034, 0.946
-0.339, 0.034, 0.948
-0.331, 0.034, 0.950
-0.340, 0.025, 0.950
-0.340, 0.017, 0.951
-0.331, 0.009, 0.950
-0.340, 0.001, 0.953
-0.351, -0.008, 0.958
-0.349, 0.001, 0.953
-0.340, 0.009, 0.950
-0.332, 0.001, 0.952
-0.342, -0.008, 0.957
-0.343, -0.016, 0.961
-0.352, -0.024, 0.963
-0.361, -0.033, 0.962
-0.368, -0.033, 0.961
-0.361, -0.024, 0.963
-0.361, -0.041, 0.964
-0.362, -0.050, 0.965
-0.354, -0.058, 0.967
-0.363, -0.067, 0.968
-0.372, -0.075, 0.971
-0.371, -0.067, 0.967
-0.362, -0.058, 0.966
-0.354, -0.067, 0.968
-0.363, -0.075, 0.970
-0.373, -0.084, 0.972
-0.355, -0.075, 0.969
-0.346, -0.075, 0.969
-0.345, -0.058, 0.966
-0.345, -0.050, 0.967
-0.337, -0.050, 0.967
-0.329, -0.050, 0.968
-0.321, -0.050, 0.968
-0.312, -0.050, 0.968
-0.304, -0.041, 0.968
-0.311, -0.033, 0.964
-0.319, -0.033, 0.963
-0.327, -0.033, 0.963
-0.336, -0.033, 0.965
-0.345, -0.033, 0.966
-0.344, -0.024, 0.964
-0.318, -0.024, 0.960
-0.310, -0.024, 0.961
-0.303, -0.033, 0.965
-0.295, -0.041, 0.966
-0.304, -0.050, 0.968
-0.312, -0.058, 0.969
-0.321, -0.067, 0.969
-0.304, -0.058, 0.968
-0.295, -0.058, 0.968
-0.304, -0.067, 0.969
-0.296, -0.067, 0.969
-0.305, -0.075, 0.971
-0.296, -0.075, 0.971
-0.306, -0.084, 0.974
-0.315, -0.093, 0.976
-0.323, -0.093, 0.974
-0.332, -0.101, 0.975
-0.341, -0.110, 0.978
-0.351, -0.119, 0.982
-0.359, -0.127, 0.982
-0.367, -0.127, 0.981
-0.367, -0.119, 0.980
-0.359, -0.119, 0.982
-0.350, -0.110, 0.980
-0.349, -0.101, 0.976
-0.340, -0.093, 0.974
-0.340, -0.101, 0.975
-0.332, -0.110, 0.978
-0.342, -0.119, 0.982
-0.351, -0.127, 0.982
-0.342, -0.127, 0.982
-0.351, -0.136, 0.983
-0.360, -0.145, 0.985
-0.355, -0.155, 0.992
-0.364, -0.164, 0.994
-0.362, -0.154, 0.990
-0.355, -0.164, 0.994
-0.346, -0.163, 0.993
-0.355, -0.172, 0.994
-0.346, -0.172, 0.993
-0.337, -0.163, 0.992
-0.337, -0.154, 0.991
-0.345, -0.145, 0.988
-0.343, -0.136, 0.984
-0.334, -0.127, 0.982
-0.325, -0.119, 0.980
-0.317, -0.111, 0.983
-0.307, -0.102, 0.979
-0.307, -0.093, 0.977
-0.297, -0.084, 0.973
-0.298, -0.093, 0.977
-0.291, -0.102, 0.981
-0.300, -0.110, 0.982
-0.309, -0.119, 0.985
-0.301, -0.119, 0.985
-0.292, -0.119, 0.984
-0.283, -0.110, 0.982
-0.282, -0.102, 0.981
-0.274, -0.110, 0.981
-0.283, -0.119, 0.985
-0.292, -0.128, 0.984
-0.284, -0.137, 0.986
-0.292, -0.136, 0.986
-0.274, -0.119, 0.984
-0.266, -0.119, 0.984
-0.257, -0.110, 0.982
-0.265, -0.102, 0.982
-0.247, -0.101, 0.977
-0.248, -0.110, 0.979
-0.257, -0.119, 0.984
-0.266, -0.128, 0.985
-0.267, -0.137, 0.988
-0.248, -0.119, 0.982
-0.299, -0.102, 0.980
-0.335, -0.136, 0.985
-0.336, -0.146, 0.990
-0.328, -0.155, 0.991
-0.320, -0.155, 0.993
-0.328, -0.163, 0.991
-0.338, -0.172, 0.994
-0.312, -0.155, 0.993
-0.303, -0.155, 0.993
-0.312, -0.163, 0.993
-0.303, -0.163, 0.993
-0.295, -0.173, 0.997
-0.305, -0.182, 0.998
-0.304, -0.172, 0.995
-0.296, -0.182, 0.999
-0.305, -0.191, 1.000
-0.314, -0.200, 1.002
-0.305, -0.199, 1.000
-0.315, -0.209, 1.005
-0.306, -0.208, 1.002
-0.297, -0.217, 1.003
-0.307, -0.227, 1.005
-0.317, -0.237, 1.012
-0.326, -0.237, 1.010
-0.335, -0.246, 1.011
-0.346, -0.256, 1.017
-0.344, -0.246, 1.012
-0.343, -0.236, 1.009
-0.334, -0.236, 1.010
-0.337, -0.264, 1.016
-0.346, -0.265, 1.019
-0.327, -0.255, 1.014
-0.318, -0.246, 1.014
-0.309, -0.246, 1.013
-0.299, -0.236, 1.009
-0.298, -0.227, 1.005
-0.306, -0.217, 1.003
-0.316, -0.227, 1.008
-0.289, -0.217, 1.003
-0.280, -0.209, 1.002
-0.270, -0.199, 1.000
-0.270, -0.190, 0.998
-0.279, -0.182, 0.999
-0.288, -0.191, 1.002
-0.296, -0.191, 1.000
-0.288, -0.182, 1.000
-0.270, -0.181, 0.997
-0.260, -0.172, 0.995
-0.260, -0.163, 0.993
-0.259, -0.154, 0.991
-0.251, -0.164, 0.994
-0.252, -0.173, 0.996
-0.261, -0.181, 0.997
-0.252, -0.182, 0.998
-0.261, -0.190, 0.999
-0.253, -0.191, 0.999
-0.262, -0.200, 1.001
-0.271, -0.209, 1.003
-0.280, -0.217, 1.003
-0.289, -0.227, 1.005
-0.280, -0.227, 1.005
-0.271, -0.217, 1.003
-0.262, -0.209, 1.003
-0.263, -0.218, 1.004
-0.272, -0.227, 1.005
-0.281, -0.236, 1.006
-0.291, -0.245, 1.010
-0.300, -0.255, 1.013
-0.300, -0.246, 1.012
-0.292, -0.255, 1.014
-0.283, -0.255, 1.015
-0.273, -0.245, 1.010
-0.272, -0.236, 1.008
-0.264, -0.237, 1.010
-0.256, -0.246, 1.014
-0.265, -0.246, 1.012
-0.257, -0.255, 1.014
-0.287, -0.058, 0.968
-0.287, -0.050, 0.968
-0.278, -0.041, 0.966
-0.269, -0.033, 0.964
-0.268, -0.024, 0.962
-0.259, -0.016, 0.959
-0.259, -0.008, 0.958
-0.267, 0.001, 0.956
-0.275, 0.009, 0.954
-0.283, 0.009, 0.954
-0.292, 0.001, 0.958
-0.300, -0.008, 0.957
-0.308, 0.001, 0.956
-0.316, 0.009, 0.954
-0.324, 0.009, 0.952
-0.323, 0.017, 0.951
-0.323, 0.025, 0.951
-0.323, 0.034, 0.950
-0.322, 0.042, 0.948
-0.314, 0.042, 0.947
-0.305, 0.042, 0.946
-0.297, 0.042, 0.946
-0.289, 0.034, 0.948
-0.297, 0.034, 0.947
-0.290, 0.025, 0.950
-0.291, 0.017, 0.953
-0.300, 0.009, 0.956
-0.308, 0.009, 0.955
-0.315, 0.017, 0.951
-0.300, 0.001, 0.957
-0.291, 0.009, 0.955
-0.266, 0.009, 0.955
-0.259, 0.001, 0.957
-0.250, 0.001, 0.956
-0.241, 0.009, 0.953
-0.241, 0.017, 0.953
-0.249, 0.026, 0.952
-0.257, 0.026, 0.951
-0.265, 0.025, 0.950
-0.273, 0.034, 0.948
-0.272, 0.042, 0.945
-0.271, 0.050, 0.943
-0.263, 0.058, 0.943
-0.255, 0.058, 0.945
-0.263, 0.050, 0.944
-0.257, 0.042, 0.950
-0.265, 0.034, 0.950
-0.249, 0.034, 0.950
-0.240, 0.042, 0.948
-0.240, 0.050, 0.948
-0.248, 0.058, 0.947
-0.239, 0.066, 0.944
-0.238, 0.074, 0.942
-0.237, 0.082, 0.938
-0.237, 0.090, 0.938
-0.237, 0.098, 0.937
-0.237, 0.107, 0.936
-0.237, 0.115, 0.935
-0.236, 0.123, 0.934
-0.236, 0.130, 0.932
-0.235, 0.138, 0.929
-0.234, 0.146, 0.926
-0.234, 0.153, 0.924
-0.233, 0.161, 0.923
-0.227, 0.130, 0.931
-0.219, 0.138, 0.930
-0.239, 0.058, 0.947
-0.241, 0.026, 0.953
-0.242, 0.001, 0.956
-0.251, -0.008, 0.958
-0.251, -0.016, 0.961
-0.260, -0.024, 0.962
-0.252, -0.024, 0.963
-0.253, -0.033, 0.966
-0.244, -0.041, 0.966
-0.253, -0.041, 0.967
-0.244, -0.050, 0.966
-0.254, -0.058, 0.970
-0.262, -0.058, 0.970
-0.271, -0.058, 0.971
-0.279, -0.067, 0.970
-0.279, -0.058, 0.969
-0.279, -0.050, 0.969
-0.270, -0.041, 0.966
-0.254, -0.067, 0.972
-0.245, -0.058, 0.969
-0.246, -0.067, 0.971
-0.343, 0.050, 0.938
-0.352, 0.058, 0.938
-0.361, 0.050, 0.941
-0.310, 0.074, 0.937
-0.302, 0.074, 0.938
-0.294, 0.082, 0.937
-0.286, 0.090, 0.938
-0.287, 0.082, 0.939
-0.295, 0.074, 0.940
-0.260, 0.106, 0.934
-0.273, 0.153, 0.922
-0.266, 0.161, 0.923
-0.265, 0.153, 0.922
-0.274, 0.146, 0.925
-0.381, 0.042, 0.950
-0.389, 0.034, 0.949
-0.372, 0.025, 0.948
-0.372, 0.009, 0.949
-0.381, 0.001, 0.951
-0.392, -0.008, 0.956
-0.405, 0.114, 0.930
-0.396, 0.122, 0.929
-0.403, 0.129, 0.925
-0.320, 0.176, 0.918
-0.320, 0.184, 0.917
-0.304, 0.193, 0.919
-0.286, 0.207, 0.913
-0.295, 0.207, 0.914
-0.302, 0.215, 0.912
-0.310, 0.207, 0.912
-0.318, 0.199, 0.912
-0.310, 0.215, 0.911
-0.309, 0.222, 0.909
-0.317, 0.230, 0.908
-0.323, 0.236, 0.903
-0.331, 0.229, 0.904
-0.337, 0.235, 0.899
-0.345, 0.243, 0.900
-0.354, 0.236, 0.904
-0.353, 0.244, 0.901
-0.353, 0.251, 0.900
-0.353, 0.259, 0.899
-0.360, 0.266, 0.897
-0.367, 0.266, 0.896
-0.376, 0.258, 0.898
-0.381, 0.265, 0.894
-0.389, 0.273, 0.894
-0.397, 0.281, 0.894
-0.405, 0.281, 0.894
-0.404, 0.288, 0.893
-0.396, 0.288, 0.892
-0.381, 0.273, 0.894
-0.374, 0.273, 0.894
-0.366, 0.273, 0.895
-0.374, 0.265, 0.895
-0.369, 0.252, 0.902
-0.377, 0.252, 0.902
-0.370, 0.245, 0.905
-0.371, 0.237, 0.906
-0.371, 0.229, 0.906
-0.371, 0.221, 0.907
-0.363, 0.214, 0.906
-0.372, 0.214, 0.908
-0.380, 0.206, 0.909
-0.388, 0.198, 0.909
-0.396, 0.206, 0.910
-0.403, 0.214, 0.907
-0.403, 0.222, 0.907
-0.412, 0.230, 0.909
-0.420, 0.230, 0.909
-0.427, 0.222, 0.909
-0.435, 0.214, 0.909
-0.428, 0.214, 0.910
-0.426, 0.237, 0.906
-0.416, 0.244, 0.901
-0.411, 0.237, 0.907
-0.395, 0.222, 0.907
-0.388, 0.222, 0.908
-0.395, 0.214, 0.908
-0.388, 0.214, 0.909
-0.388, 0.206, 0.909
-0.364, 0.206, 0.908
-0.356, 0.214, 0.908
-0.355, 0.221, 0.906
-0.355, 0.229, 0.905
-0.348, 0.214, 0.909
-0.352, 0.266, 0.899
-0.346, 0.267, 0.901
-0.336, 0.274, 0.897
-0.327, 0.280, 0.893
-0.319, 0.281, 0.894
-0.312, 0.281, 0.894
-0.320, 0.273, 0.896
-0.304, 0.280, 0.894
-0.297, 0.281, 0.896
-0.305, 0.274, 0.897
-0.298, 0.267, 0.899
-0.306, 0.267, 0.900
-0.314, 0.259, 0.902
-0.322, 0.251, 0.900
-0.329, 0.251, 0.899
-0.337, 0.243, 0.899
-0.345, 0.251, 0.899
-0.337, 0.259, 0.899
-0.337, 0.251, 0.899
-0.330, 0.236, 0.901
-0.322, 0.244, 0.901
-0.315, 0.244, 0.902
-0.308, 0.237, 0.907
-0.316, 0.237, 0.906
-0.309, 0.230, 0.908
-0.300, 0.237, 0.906
-0.299, 0.244, 0.904
-0.291, 0.252, 0.903
-0.298, 0.259, 0.900
-0.290, 0.259, 0.900
-0.291, 0.244, 0.903
-0.289, 0.289, 0.896
-0.289, 0.296, 0.895
-0.288, 0.304, 0.893
-0.279, 0.311, 0.890
-0.279, 0.318, 0.889
-0.286, 0.325, 0.888
-0.294, 0.317, 0.887
-0.300, 0.324, 0.884
-0.309, 0.316, 0.885
-0.309, 0.309, 0.887
-0.318, 0.302, 0.890
-0.278, 0.331, 0.885
-0.271, 0.340, 0.887
-0.270, 0.347, 0.885
-0.262, 0.332, 0.885
-0.255, 0.325, 0.887
-0.248, 0.325, 0.888
-0.240, 0.325, 0.889
-0.248, 0.318, 0.890
-0.241, 0.311, 0.891
-0.249, 0.311, 0.891
-0.242, 0.304, 0.894
-0.234, 0.304, 0.893
-0.242, 0.297, 0.897
-0.250, 0.289, 0.896
-0.243, 0.289, 0.897
-0.251, 0.282, 0.898
-0.260, 0.276, 0.903
-0.268, 0.268, 0.903
-0.275, 0.267, 0.902
-0.274, 0.274, 0.899
-0.274, 0.282, 0.897
-0.266, 0.289, 0.897
-0.273, 0.296, 0.893
-0.280, 0.303, 0.892
-0.272, 0.303, 0.892
-0.265, 0.296, 0.893
-0.267, 0.282, 0.900
-0.268, 0.260, 0.903
-0.275, 0.252, 0.903
-0.268, 0.252, 0.904
-0.276, 0.244, 0.904
-0.269, 0.238, 0.909
-0.277, 0.230, 0.909
-0.285, 0.222, 0.908
-0.294, 0.215, 0.911
-0.286, 0.215, 0.911
-0.278, 0.222, 0.910
-0.270, 0.230, 0.910
-0.276, 0.237, 0.906
-0.262, 0.230, 0.910
-0.255, 0.223, 0.912
-0.246, 0.222, 0.911
-0.255, 0.215, 0.914
-0.238, 0.230, 0.909
-0.238, 0.238, 0.908
-0.238, 0.245, 0.908
-0.245, 0.253, 0.908
-0.253, 0.253, 0.908
-0.261, 0.246, 0.909
-0.260, 0.260, 0.904
-0.260, 0.268, 0.904
-0.252, 0.275, 0.902
-0.253, 0.261, 0.906
-0.245, 0.261, 0.905
-0.236, 0.267, 0.901
-0.235, 0.274, 0.899
-0.227, 0.274, 0.899
-0.220, 0.275, 0.901
-0.213, 0.268, 0.904
-0.220, 0.267, 0.901
-0.213, 0.261, 0.906
-0.214, 0.253, 0.907
-0.221, 0.245, 0.905
-0.230, 0.238, 0.909
-0.222, 0.238, 0.908
-0.230, 0.230, 0.911
-0.238, 0.222, 0.910
-0.214, 0.245, 0.907
-0.214, 0.237, 0.908
-0.214, 0.230, 0.910
-0.215, 0.223, 0.912
-0.215, 0.216, 0.915
-0.216, 0.208, 0.916
-0.224, 0.200, 0.917
-0.232, 0.200, 0.916
-0.240, 0.192, 0.916
-0.247, 0.192, 0.915
-0.256, 0.184, 0.919
-0.264, 0.184, 0.919
-0.250, 0.178, 0.924
-0.240, 0.185, 0.919
-0.232, 0.184, 0.918
-0.233, 0.177, 0.921
-0.255, 0.199, 0.914
-0.247, 0.199, 0.913
-0.239, 0.199, 0.914
-0.232, 0.208, 0.916
-0.216, 0.200, 0.916
-0.236, 0.260, 0.904
-0.278, 0.207, 0.912
-0.234, 0.297, 0.896
-0.226, 0.297, 0.895
-0.219, 0.297, 0.896
-0.211, 0.304, 0.894
-0.203, 0.304, 0.894
-0.211, 0.297, 0.897
-0.195, 0.311, 0.892
-0.195, 0.319, 0.892
-0.202, 0.326, 0.889
-0.209, 0.332, 0.887
-0.217, 0.332, 0.887
-0.224, 0.325, 0.887
-0.233, 0.319, 0.892
-0.233, 0.326, 0.889
-0.232, 0.332, 0.886
-0.224, 0.340, 0.886
-0.224, 0.332, 0.886
-0.201, 0.340, 0.886
-0.193, 0.347, 0.885
-0.200, 0.353, 0.881
-0.208, 0.354, 0.882
-0.200, 0.360, 0.880
-0.192, 0.354, 0.882
-0.185, 0.354, 0.884
-0.177, 0.361, 0.881
-0.176, 0.367, 0.878
-0.184, 0.375, 0.877
-0.169, 0.375, 0.878
-0.169, 0.383, 0.878
-0.161, 0.390, 0.878
-0.153, 0.390, 0.878
-0.161, 0.383, 0.878
-0.145, 0.396, 0.874
-0.138, 0.397, 0.875
-0.146, 0.390, 0.878
-0.130, 0.397, 0.876
-0.123, 0.397, 0.877
-0.130, 0.390, 0.877
-0.131, 0.383, 0.879
-0.139, 0.376, 0.881
-0.147, 0.370, 0.885
-0.154, 0.362, 0.883
-0.154, 0.369, 0.883
-0.146, 0.377, 0.883
-0.147, 0.355, 0.886
-0.155, 0.347, 0.885
-0.163, 0.340, 0.887
-0.170, 0.333, 0.888
-0.179, 0.326, 0.890
-0.187, 0.319, 0.892
-0.194, 0.326, 0.891
-0.201, 0.332, 0.887
-0.193, 0.340, 0.887
-0.186, 0.347, 0.886
-0.177, 0.354, 0.884
-0.170, 0.354, 0.884
-0.162, 0.347, 0.886
-0.170, 0.348, 0.887
-0.178, 0.340, 0.888
-0.186, 0.340, 0.888
-0.178, 0.333, 0.888
-0.187, 0.326, 0.891
-0.155, 0.355, 0.885
-0.155, 0.340, 0.887
-0.163, 0.333, 0.889
-0.155, 0.333, 0.890
-0.163, 0.326, 0.891
-0.171, 0.318, 0.891
-0.164, 0.319, 0.892
-0.156, 0.326, 0.892
-0.148, 0.334, 0.891
-0.147, 0.340, 0.887
-0.139, 0.347, 0.885
-0.131, 0.355, 0.885
-0.139, 0.363, 0.886
-0.131, 0.369, 0.883
-0.131, 0.376, 0.881
-0.123, 0.377, 0.882
-0.116, 0.369, 0.881
-0.108, 0.376, 0.880
-0.108, 0.383, 0.879
-0.116, 0.391, 0.881
-0.109, 0.363, 0.886
-0.101, 0.363, 0.885
-0.093, 0.363, 0.885
-0.101, 0.356, 0.887
-0.101, 0.348, 0.888
-0.109, 0.341, 0.888
-0.117, 0.333, 0.888
-0.124, 0.333, 0.889
-0.133, 0.327, 0.892
-0.141, 0.320, 0.895
-0.148, 0.319, 0.893
-0.156, 0.319, 0.892
-0.164, 0.312, 0.894
-0.157, 0.305, 0.896
-0.164, 0.305, 0.897
-0.157, 0.297, 0.897
-0.165, 0.290, 0.899
-0.173, 0.290, 0.899
-0.180, 0.290, 0.899
-0.188, 0.290, 0.898
-0.195, 0.297, 0.896
-0.195, 0.304, 0.894
-0.188, 0.297, 0.896
-0.157, 0.290, 0.899
-0.141, 0.327, 0.893
-0.132, 0.334, 0.890
-0.117, 0.341, 0.889
-0.124, 0.348, 0.888
-0.117, 0.348, 0.888
-0.101, 0.340, 0.887
-0.085, 0.363, 0.886
-0.077, 0.369, 0.883
-0.069, 0.376, 0.880
-0.062, 0.375, 0.878
-0.070, 0.369, 0.882
-0.078, 0.363, 0.885
-0.054, 0.382, 0.876
-0.047, 0.376, 0.882
-0.054, 0.375, 0.878
-0.039, 0.384, 0.880
-0.039, 0.390, 0.879
-0.039, 0.398, 0.877
-0.039, 0.404, 0.876
-0.031, 0.405, 0.878
-0.024, 0.413, 0.877
-0.016, 0.419, 0.875
-0.016, 0.426, 0.873
-0.016, 0.405, 0.878
-0.031, 0.398, 0.878
-0.031, 0.391, 0.879
-0.024, 0.385, 0.883
-0.031, 0.384, 0.881
-0.039, 0.377, 0.883
-0.024, 0.377, 0.884
-0.016, 0.377, 0.883
-0.008, 0.370, 0.885
-0.016, 0.370, 0.885
-0.008, 0.363, 0.886
-0.001, 0.370, 0.886
0.007, 0.370, 0.884
0.015, 0.377, 0.883
0.022, 0.384, 0.882
0.030, 0.391, 0.880
0.030, 0.398, 0.878
0.030, 0.405, 0.877
0.037, 0.412, 0.877
0.045, 0.419, 0.875
0.045, 0.427, 0.874
0.053, 0.426, 0.873
0.053, 0.419, 0.875
0.045, 0.413, 0.877
0.038, 0.405, 0.878
0.045, 0.406, 0.880
0.045, 0.399, 0.880
0.045, 0.391, 0.881
0.053, 0.385, 0.883
0.046, 0.378, 0.885
0.038, 0.371, 0.887
0.030, 0.364, 0.888
0.023, 0.356, 0.888
0.022, 0.363, 0.886
0.015, 0.369, 0.883
0.022, 0.370, 0.884
0.030, 0.377, 0.883
0.030, 0.384, 0.883
0.038, 0.378, 0.884
0.045, 0.384, 0.882
0.053, 0.377, 0.883
0.046, 0.371, 0.888
0.038, 0.364, 0.889
0.046, 0.364, 0.890
0.053, 0.364, 0.887
0.061, 0.370, 0.884
0.069, 0.370, 0.885
0.061, 0.363, 0.886
0.069, 0.363, 0.886
0.077, 0.357, 0.890
0.069, 0.356, 0.889
0.077, 0.350, 0.891
0.085, 0.357, 0.891
0.092, 0.357, 0.891
0.092, 0.349, 0.891
0.085, 0.342, 0.893
0.077, 0.335, 0.894
0.069, 0.335, 0.895
0.062, 0.328, 0.896
0.054, 0.321, 0.898
0.054, 0.328, 0.896
0.062, 0.336, 0.895
0.062, 0.313, 0.899
0.054, 0.313, 0.899
0.062, 0.306, 0.901
0.070, 0.307, 0.903
0.078, 0.315, 0.903
0.070, 0.320, 0.897
0.077, 0.328, 0.895
0.085, 0.335, 0.894
0.077, 0.342, 0.893
0.093, 0.336, 0.897
0.085, 0.328, 0.897
0.093, 0.329, 0.897
0.085, 0.322, 0.900
0.093, 0.321, 0.899
0.101, 0.328, 0.897
0.109, 0.329, 0.898
0.116, 0.336, 0.896
0.116, 0.343, 0.893
0.124, 0.336, 0.897
0.117, 0.329, 0.899
0.132, 0.344, 0.897
0.132, 0.351, 0.895
0.131, 0.358, 0.893
0.123, 0.365, 0.890
0.131, 0.372, 0.890
0.138, 0.379, 0.887
0.145, 0.385, 0.884
0.139, 0.366, 0.893
0.131, 0.365, 0.891
0.139, 0.358, 0.893
0.148, 0.352, 0.897
0.140, 0.352, 0.896
0.148, 0.344, 0.897
0.155, 0.351, 0.896
0.162, 0.357, 0.891
0.162, 0.364, 0.890
0.170, 0.372, 0.890
0.162, 0.380, 0.890
0.170, 0.380, 0.890
0.177, 0.372, 0.890
0.170, 0.365, 0.891
0.178, 0.365, 0.892
0.170, 0.358, 0.893
0.178, 0.358, 0.894
0.171, 0.351, 0.896
0.163, 0.344, 0.896
0.155, 0.336, 0.896
0.148, 0.329, 0.900
0.148, 0.336, 0.898
0.156, 0.329, 0.898
0.148, 0.322, 0.901
0.156, 0.314, 0.901
0.148, 0.315, 0.902
0.157, 0.308, 0.906
0.165, 0.300, 0.906
0.157, 0.300, 0.907
0.165, 0.293, 0.908
0.157, 0.285, 0.908
0.149, 0.277, 0.908
0.142, 0.270, 0.911
0.142, 0.277, 0.909
0.151, 0.264, 0.916
0.142, 0.263, 0.913
0.151, 0.256, 0.917
0.159, 0.256, 0.917
0.166, 0.263, 0.914
0.158, 0.271, 0.913
0.158, 0.278, 0.910
0.166, 0.286, 0.911
0.173, 0.293, 0.908
0.173, 0.300, 0.906
0.181, 0.300, 0.906
0.188, 0.307, 0.903
0.188, 0.314, 0.902
0.187, 0.322, 0.900
0.179, 0.329, 0.899
0.171, 0.329, 0.898
0.163, 0.329, 0.898
0.163, 0.336, 0.897
0.171, 0.344, 0.897
0.179, 0.352, 0.896
0.186, 0.358, 0.893
0.185, 0.365, 0.891
0.193, 0.357, 0.892
0.202, 0.352, 0.897
0.194, 0.344, 0.897
0.187, 0.336, 0.898
0.179, 0.336, 0.898
0.171, 0.336, 0.897
0.187, 0.344, 0.897
0.194, 0.351, 0.894
0.187, 0.329, 0.899
0.210, 0.353, 0.899
0.218, 0.352, 0.898
0.225, 0.359, 0.895
0.233, 0.366, 0.894
0.225, 0.374, 0.893
0.224, 0.380, 0.890
0.231, 0.387, 0.888
0.239, 0.387, 0.888
0.232, 0.380, 0.890
0.239, 0.380, 0.890
0.232, 0.374, 0.894
0.241, 0.374, 0.895
0.249, 0.367, 0.896
0.240, 0.366, 0.894
0.233, 0.359, 0.895
0.234, 0.352, 0.898
0.226, 0.345, 0.900
0.219, 0.345, 0.901
0.234, 0.345, 0.900
0.249, 0.359, 0.896
0.257, 0.359, 0.896
0.265, 0.360, 0.897
0.257, 0.352, 0.898
0.250, 0.345, 0.900
0.258, 0.345, 0.901
0.250, 0.338, 0.901
0.251, 0.331, 0.903
0.259, 0.323, 0.904
0.251, 0.323, 0.903
0.259, 0.315, 0.905
0.252, 0.308, 0.907
0.243, 0.308, 0.906
0.236, 0.300, 0.906
0.228, 0.300, 0.906
0.221, 0.294, 0.910
0.213, 0.286, 0.911
0.205, 0.286, 0.910
0.197, 0.286, 0.910
0.189, 0.286, 0.910
0.182, 0.278, 0.912
0.174, 0.271, 0.913
0.166, 0.270, 0.912
0.174, 0.278, 0.912
0.181, 0.285, 0.909
0.181, 0.293, 0.908
0.188, 0.300, 0.905
0.196, 0.307, 0.903
0.204, 0.308, 0.906
0.196, 0.300, 0.904
0.189, 0.293, 0.908
0.205, 0.293, 0.908
0.213, 0.293, 0.909
0.212, 0.315, 0.905
0.220, 0.315, 0.905
0.212, 0.309, 0.908
0.227, 0.315, 0.904
0.235, 0.308, 0.905
0.227, 0.308, 0.905
0.213, 0.278, 0.911
0.206, 0.271, 0.914
0.199, 0.264, 0.917
0.198, 0.271, 0.914
0.199, 0.257, 0.920
0.192, 0.249, 0.921
0.200, 0.249, 0.921
0.192, 0.241, 0.921
0.183, 0.233, 0.920
0.176, 0.225, 0.922
0.168, 0.218, 0.924
0.168, 0.225, 0.923
0.169, 0.210, 0.927
0.177, 0.203, 0.929
0.169, 0.203, 0.929
0.185, 0.203, 0.929
0.193, 0.203, 0.928
0.201, 0.210, 0.927
0.201, 0.218, 0.926
0.209, 0.210, 0.926
0.201, 0.202, 0.928
0.217, 0.210, 0.926
0.225, 0.210, 0.926
0.233, 0.218, 0.926
0.232, 0.226, 0.923
0.223, 0.232, 0.919
0.215, 0.232, 0.919
0.207, 0.240, 0.919
0.200, 0.234, 0.924
0.192, 0.233, 0.922
0.184, 0.225, 0.923
0.207, 0.249, 0.919
0.215, 0.248, 0.918
0.223, 0.248, 0.918
0.231, 0.256, 0.919
0.223, 0.264, 0.918
0.214, 0.271, 0.914
0.221, 0.278, 0.912
0.222, 0.271, 0.914
0.231, 0.264, 0.918
0.239, 0.256, 0.918
0.231, 0.248, 0.919
0.223, 0.240, 0.917
0.231, 0.233, 0.920
0.246, 0.264, 0.916
0.254, 0.264, 0.916
0.247, 0.256, 0.918
0.262, 0.271, 0.915
0.262, 0.279, 0.915
0.254, 0.287, 0.914
0.253, 0.294, 0.911
0.252, 0.301, 0.909
0.261, 0.302, 0.910
0.268, 0.301, 0.909
0.261, 0.295, 0.914
0.270, 0.287, 0.915
0.276, 0.293, 0.910
0.276, 0.301, 0.909
0.284, 0.293, 0.909
0.292, 0.301, 0.909
0.291, 0.309, 0.908
0.283, 0.316, 0.906
0.275, 0.316, 0.907
0.267, 0.316, 0.906
0.275, 0.323, 0.905
0.267, 0.331, 0.905
0.282, 0.323, 0.903
0.290, 0.331, 0.904
0.298, 0.338, 0.903
0.297, 0.345, 0.900
0.296, 0.352, 0.898
0.296, 0.359, 0.897
0.304, 0.352, 0.898
0.312, 0.353, 0.899
0.320, 0.360, 0.898
0.326, 0.366, 0.895
0.325, 0.373, 0.893
0.325, 0.380, 0.891
0.316, 0.387, 0.889
0.308, 0.395, 0.889
0.324, 0.387, 0.889
0.327, 0.360, 0.897
0.320, 0.353, 0.900
0.328, 0.353, 0.899
0.321, 0.346, 0.902
0.314, 0.339, 0.905
0.306, 0.339, 0.903
0.299, 0.332, 0.906
0.322, 0.339, 0.905
0.330, 0.340, 0.906
0.323, 0.332, 0.907
0.335, 0.353, 0.899
0.344, 0.353, 0.900
0.352, 0.354, 0.902
0.345, 0.346, 0.903
0.353, 0.347, 0.904
0.361, 0.354, 0.903
0.291, 0.317, 0.908
0.301, 0.295, 0.914
0.293, 0.287, 0.913
0.285, 0.286, 0.911
0.277, 0.279, 0.914
0.270, 0.271, 0.915
0.262, 0.264, 0.917
0.270, 0.264, 0.917
0.278, 0.264, 0.917
0.279, 0.257, 0.920
0.288, 0.249, 0.922
0.281, 0.242, 0.925
0.272, 0.234, 0.923
0.265, 0.226, 0.924
0.264, 0.233, 0.923
0.272, 0.242, 0.924
0.280, 0.250, 0.923
0.273, 0.218, 0.926
0.265, 0.218, 0.927
0.258, 0.211, 0.931
0.250, 0.211, 0.929
0.241, 0.203, 0.928
0.234, 0.195, 0.933
0.233, 0.202, 0.928
0.233, 0.210, 0.926
0.241, 0.210, 0.926
0.243, 0.188, 0.934
0.235, 0.188, 0.936
0.250, 0.195, 0.930
0.258, 0.203, 0.931
0.258, 0.195, 0.930
0.250, 0.187, 0.931
0.274, 0.211, 0.929
0.282, 0.211, 0.928
0.289, 0.218, 0.924
0.280, 0.226, 0.923
0.289, 0.234, 0.924
0.296, 0.241, 0.922
0.296, 0.249, 0.922
0.304, 0.257, 0.922
0.312, 0.257, 0.921
0.304, 0.250, 0.923
0.313, 0.250, 0.924
0.304, 0.241, 0.922
0.296, 0.234, 0.923
0.306, 0.226, 0.927
0.297, 0.226, 0.926
0.313, 0.234, 0.924
0.321, 0.234, 0.926
0.313, 0.226, 0.926
0.323, 0.219, 0.929
0.314, 0.218, 0.927
0.306, 0.211, 0.929
0.298, 0.211, 0.929
0.292, 0.204, 0.934
0.284, 0.196, 0.935
0.283, 0.203, 0.932
0.292, 0.188, 0.936
0.284, 0.188, 0.936
0.293, 0.180, 0.938
0.301, 0.180, 0.937
0.293, 0.172, 0.939
0.302, 0.164, 0.940
0.293, 0.164, 0.939
0.310, 0.172, 0.940
0.317, 0.180, 0.936
0.325, 0.188, 0.937
0.316, 0.196, 0.935
0.308, 0.203, 0.933
0.300, 0.196, 0.936
0.316, 0.204, 0.934
0.325, 0.204, 0.935
0.331, 0.211, 0.931
0.333, 0.204, 0.935
0.325, 0.196, 0.936
0.333, 0.196, 0.936
0.341, 0.196, 0.935
0.349, 0.196, 0.935
0.341, 0.188, 0.937
0.334, 0.180, 0.939
0.326, 0.180, 0.938
0.318, 0.172, 0.938
0.311, 0.165, 0.942
0.319, 0.157, 0.944
0.312, 0.149, 0.947
0.303, 0.140, 0.944
0.296, 0.133, 0.947
0.288, 0.125, 0.950
0.280, 0.125, 0.951
0.272, 0.125, 0.950
0.271, 0.133, 0.947
0.278, 0.140, 0.944
0.270, 0.149, 0.944
0.262, 0.156, 0.943
0.253, 0.156, 0.941
0.245, 0.156, 0.940
0.237, 0.148, 0.942
0.229, 0.140, 0.944
0.220, 0.148, 0.942
0.212, 0.148, 0.941
0.204, 0.140, 0.942
0.220, 0.156, 0.940
0.228, 0.156, 0.940
0.236, 0.156, 0.940
0.237, 0.140, 0.943
0.270, 0.156, 0.942
0.278, 0.148, 0.943
0.287, 0.140, 0.945
0.295, 0.140, 0.945
0.288, 0.133, 0.948
0.297, 0.125, 0.950
0.305, 0.125, 0.950
0.312, 0.132, 0.946
0.320, 0.141, 0.947
0.320, 0.149, 0.946
0.311, 0.157, 0.944
0.303, 0.149, 0.945
0.327, 0.156, 0.943
0.326, 0.164, 0.940
0.335, 0.172, 0.940
0.342, 0.180, 0.938
0.349, 0.188, 0.936
0.357, 0.188, 0.934
0.364, 0.195, 0.932
0.372, 0.203, 0.932
0.364, 0.212, 0.932
0.355, 0.219, 0.929
0.363, 0.227, 0.928
0.370, 0.235, 0.927
0.370, 0.242, 0.926
0.377, 0.250, 0.925
0.385, 0.242, 0.925
0.378, 0.234, 0.926
0.371, 0.227, 0.930
0.363, 0.219, 0.930
0.372, 0.211, 0.932
0.380, 0.203, 0.932
0.372, 0.195, 0.932
0.381, 0.196, 0.934
0.373, 0.188, 0.935
0.367, 0.180, 0.939
0.358, 0.180, 0.938
0.351, 0.172, 0.940
0.343, 0.172, 0.940
0.335, 0.164, 0.942
0.344, 0.157, 0.944
0.336, 0.149, 0.944
0.335, 0.157, 0.943
0.336, 0.140, 0.945
0.345, 0.133, 0.948
0.337, 0.132, 0.946
0.354, 0.133, 0.948
0.361, 0.140, 0.945
0.370, 0.133, 0.948
0.362, 0.133, 0.948
0.379, 0.133, 0.949
0.387, 0.141, 0.948
0.385, 0.149, 0.944
0.384, 0.156, 0.942
0.394, 0.165, 0.944
0.392, 0.173, 0.942
0.382, 0.180, 0.937
0.374, 0.180, 0.937
0.382, 0.188, 0.936
0.390, 0.188, 0.937
0.398, 0.188, 0.937
0.391, 0.180, 0.938
0.406, 0.196, 0.934
0.415, 0.196, 0.937
0.407, 0.188, 0.937
0.423, 0.204, 0.937
0.429, 0.212, 0.932
0.420, 0.219, 0.931
0.413, 0.220, 0.934
0.406, 0.212, 0.936
0.398, 0.212, 0.936
0.389, 0.204, 0.934
0.389, 0.212, 0.934
0.406, 0.220, 0.935
0.396, 0.228, 0.932
0.386, 0.235, 0.927
0.394, 0.242, 0.925
0.402, 0.251, 0.927
0.412, 0.251, 0.930
0.402, 0.242, 0.927
0.395, 0.235, 0.929
0.405, 0.228, 0.933
0.412, 0.236, 0.931
0.420, 0.244, 0.931
0.420, 0.251, 0.930
0.427, 0.251, 0.929
0.434, 0.258, 0.926
0.436, 0.244, 0.931
0.428, 0.235, 0.931
0.421, 0.236, 0.932
0.413, 0.228, 0.932
0.428, 0.244, 0.931
0.428, 0.227, 0.930
0.436, 0.227, 0.929
0.428, 0.219, 0.930
0.436, 0.219, 0.931
0.445, 0.219, 0.932
0.452, 0.227, 0.930
0.443, 0.235, 0.927
0.461, 0.228, 0.932
0.453, 0.219, 0.931
0.445, 0.211, 0.932
0.454, 0.212, 0.933
0.446, 0.204, 0.934
0.457, 0.197, 0.940
0.449, 0.189, 0.941
0.448, 0.196, 0.937
0.458, 0.189, 0.942
0.450, 0.181, 0.942
0.458, 0.173, 0.942
0.450, 0.173, 0.943
0.466, 0.173, 0.942
0.475, 0.181, 0.943
0.474, 0.189, 0.942
0.473, 0.197, 0.939
0.464, 0.205, 0.937
0.463, 0.212, 0.935
0.472, 0.204, 0.936
0.483, 0.173, 0.944
0.475, 0.173, 0.944
0.485, 0.165, 0.946
0.492, 0.173, 0.945
0.501, 0.174, 0.947
0.510, 0.174, 0.948
0.503, 0.166, 0.950
0.497, 0.158, 0.954
0.487, 0.158, 0.950
0.497, 0.150, 0.954
0.489, 0.142, 0.954
0.480, 0.142, 0.953
0.470, 0.141, 0.950
0.462, 0.141, 0.950
0.454, 0.133, 0.950
0.446, 0.133, 0.951
0.437, 0.133, 0.949
0.428, 0.133, 0.949
0.422, 0.125, 0.952
0.421, 0.133, 0.950
0.412, 0.141, 0.950
0.405, 0.133, 0.951
0.396, 0.133, 0.951
0.388, 0.133, 0.950
0.379, 0.125, 0.949
0.389, 0.117, 0.953
0.380, 0.117, 0.952
0.398, 0.117, 0.955
0.405, 0.125, 0.952
0.406, 0.117, 0.954
0.415, 0.109, 0.956
0.423, 0.117, 0.956
0.424, 0.109, 0.957
0.415, 0.101, 0.957
0.416, 0.092, 0.958
0.425, 0.084, 0.961
0.417, 0.084, 0.961
0.409, 0.076, 0.962
0.400, 0.076, 0.960
0.391, 0.076, 0.958
0.383, 0.084, 0.959
0.375, 0.084, 0.960
0.365, 0.092, 0.957
0.359, 0.084, 0.961
0.351, 0.076, 0.963
0.342, 0.068, 0.962
0.334, 0.059, 0.963
0.343, 0.059, 0.964
0.336, 0.051, 0.967
0.345, 0.043, 0.971
0.337, 0.034, 0.970
0.329, 0.026, 0.971
0.319, 0.018, 0.969
0.312, 0.009, 0.972
0.305, 0.001, 0.975
0.297, -0.008, 0.977
0.296, 0.001, 0.976
0.304, 0.009, 0.972
0.306, -0.016, 0.979
0.297, -0.016, 0.979
0.314, -0.016, 0.979
0.323, -0.016, 0.979
0.331, -0.008, 0.978
0.322, 0.001, 0.976
0.321, 0.009, 0.973
0.330, 0.018, 0.975
0.337, 0.026, 0.970
0.345, 0.034, 0.971
0.337, 0.043, 0.970
0.354, 0.043, 0.970
0.353, 0.051, 0.968
0.361, 0.051, 0.969
0.369, 0.051, 0.967
0.362, 0.043, 0.970
0.353, 0.034, 0.970
0.362, 0.034, 0.970
0.354, 0.026, 0.971
0.346, 0.018, 0.973
0.340, 0.009, 0.978
0.331, 0.001, 0.978
0.340, 0.001, 0.980
0.348, 0.009, 0.978
0.355, 0.018, 0.973
0.349, -0.008, 0.981
0.340, -0.008, 0.980
0.331, -0.016, 0.979
0.341, -0.025, 0.983
0.332, -0.025, 0.981
0.342, -0.034, 0.986
0.334, -0.042, 0.986
0.343, -0.042, 0.988
0.334, -0.051, 0.986
0.335, -0.060, 0.989
0.345, -0.068, 0.993
0.335, -0.068, 0.991
0.345, -0.077, 0.994
0.354, -0.077, 0.994
0.362, -0.077, 0.992
0.370, -0.068, 0.991
0.362, -0.060, 0.992
0.354, -0.060, 0.994
0.353, -0.051, 0.992
0.359, -0.042, 0.985
0.350, -0.034, 0.985
0.358, -0.025, 0.983
0.350, -0.016, 0.983
0.358, -0.016, 0.983
0.358, -0.034, 0.983
0.362, -0.051, 0.992
0.370, -0.060, 0.992
0.378, -0.051, 0.990
0.377, -0.042, 0.987
0.376, -0.034, 0.985
0.385, -0.034, 0.986
0.393, -0.025, 0.985
0.392, -0.016, 0.982
0.392, -0.008, 0.981
0.400, 0.001, 0.980
0.399, 0.009, 0.978
0.389, 0.018, 0.975
0.380, 0.026, 0.973
0.371, 0.026, 0.972
0.370, 0.034, 0.968
0.378, 0.043, 0.967
0.377, 0.051, 0.965
0.376, 0.059, 0.961
0.384, 0.059, 0.961
0.394, 0.059, 0.965
0.404, 0.060, 0.969
0.411, 0.068, 0.965
0.418, 0.068, 0.964
0.426, 0.076, 0.963
0.434, 0.084, 0.962
0.444, 0.085, 0.964
0.451, 0.093, 0.962
0.459, 0.101, 0.961
0.465, 0.109, 0.956
0.457, 0.117, 0.956
0.475, 0.101, 0.959
0.466, 0.101, 0.959
0.460, 0.093, 0.962
0.452, 0.085, 0.965
0.445, 0.076, 0.968
0.461, 0.085, 0.965
0.469, 0.076, 0.964
0.462, 0.076, 0.966
0.477, 0.076, 0.964
0.486, 0.068, 0.965
0.477, 0.068, 0.963
0.486, 0.059, 0.965
0.496, 0.068, 0.968
0.505, 0.068, 0.969
0.513, 0.068, 0.968
0.506, 0.060, 0.971
0.514, 0.051, 0.971
0.521, 0.060, 0.969
0.521, 0.068, 0.968
0.521, 0.076, 0.968
0.521, 0.085, 0.967
0.512, 0.093, 0.966
0.502, 0.093, 0.963
0.492, 0.093, 0.960
0.483, 0.093, 0.960
0.482, 0.101, 0.957
0.491, 0.109, 0.958
0.498, 0.117, 0.957
0.489, 0.125, 0.954
0.497, 0.133, 0.954
0.497, 0.142, 0.954
0.506, 0.142, 0.955
0.515, 0.142, 0.956
0.506, 0.134, 0.956
0.498, 0.125, 0.955
0.507, 0.126, 0.957
0.515, 0.126, 0.957
0.522, 0.134, 0.954
0.531, 0.134, 0.956
0.539, 0.142, 0.955
0.529, 0.150, 0.951
0.520, 0.158, 0.951
0.528, 0.158, 0.951
0.537, 0.158, 0.951
0.546, 0.158, 0.953
0.537, 0.150, 0.952
0.554, 0.166, 0.953
0.552, 0.174, 0.949
0.551, 0.182, 0.946
0.542, 0.190, 0.946
0.534, 0.190, 0.947
0.526, 0.182, 0.946
0.519, 0.174, 0.949
0.518, 0.182, 0.947
0.517, 0.190, 0.945
0.507, 0.197, 0.941
0.497, 0.205, 0.938
0.489, 0.213, 0.938
0.488, 0.221, 0.937
0.478, 0.228, 0.934
0.470, 0.228, 0.933
0.486, 0.228, 0.934
0.494, 0.236, 0.933
0.497, 0.213, 0.939
0.505, 0.205, 0.938
0.516, 0.198, 0.943
0.526, 0.190, 0.946
0.534, 0.198, 0.947
0.540, 0.206, 0.942
0.537, 0.213, 0.937
0.549, 0.206, 0.943
0.542, 0.198, 0.945
0.550, 0.190, 0.946
0.559, 0.198, 0.946
0.557, 0.206, 0.944
0.567, 0.198, 0.946
0.559, 0.190, 0.947
0.568, 0.190, 0.947
0.556, 0.159, 0.955
0.565, 0.151, 0.957
0.557, 0.151, 0.957
0.572, 0.150, 0.955
0.574, 0.142, 0.958
0.575, 0.134, 0.959
0.575, 0.126, 0.960
0.569, 0.118, 0.963
0.559, 0.118, 0.961
0.550, 0.126, 0.959
0.541, 0.126, 0.959
0.533, 0.126, 0.960
0.526, 0.118, 0.961
0.517, 0.109, 0.961
0.510, 0.101, 0.964
0.501, 0.101, 0.962
0.500, 0.109, 0.959
0.509, 0.109, 0.960
0.517, 0.118, 0.959
0.520, 0.093, 0.965
0.526, 0.101, 0.962
0.536, 0.093, 0.964
0.527, 0.093, 0.963
0.540, 0.134, 0.957
0.559, 0.126, 0.960
0.569, 0.110, 0.963
0.561, 0.101, 0.965
0.570, 0.101, 0.966
0.563, 0.093, 0.968
0.557, 0.085, 0.971
0.564, 0.085, 0.970
0.564, 0.077, 0.970
0.574, 0.068, 0.972
0.565, 0.060, 0.972
0.559, 0.052, 0.975
0.551, 0.043, 0.977
0.543, 0.043, 0.977
0.541, 0.051, 0.973
0.530, 0.060, 0.969
0.538, 0.068, 0.968
0.529, 0.076, 0.966
0.538, 0.076, 0.967
0.539, 0.060, 0.970
0.550, 0.052, 0.975
0.560, 0.043, 0.977
0.552, 0.035, 0.978
0.544, 0.026, 0.979
0.535, 0.026, 0.977
0.526, 0.018, 0.978
0.519, 0.018, 0.980
0.511, 0.009, 0.981
0.503, 0.001, 0.983
0.495, -0.008, 0.983
0.487, -0.016, 0.983
0.478, -0.025, 0.983
0.470, -0.025, 0.985
0.461, -0.016, 0.984
0.453, -0.016, 0.984
0.444, -0.016, 0.983
0.436, -0.025, 0.984
0.435, -0.016, 0.982
0.426, -0.008, 0.980
0.417, -0.008, 0.980
0.409, -0.008, 0.981
0.400, -0.008, 0.981
0.425, 0.001, 0.980
0.424, 0.009, 0.978
0.414, 0.018, 0.974
0.406, 0.018, 0.975
0.398, 0.018, 0.976
0.389, 0.026, 0.974
0.388, 0.034, 0.971
0.386, 0.043, 0.968
0.396, 0.043, 0.970
0.404, 0.051, 0.969
0.412, 0.051, 0.968
0.405, 0.043, 0.971
0.396, 0.034, 0.971
0.405, 0.026, 0.972
0.413, 0.034, 0.971
0.412, 0.043, 0.969
0.420, 0.051, 0.967
0.419, 0.060, 0.966
0.427, 0.068, 0.965
0.436, 0.060, 0.966
0.428, 0.059, 0.966
0.436, 0.051, 0.967
0.437, 0.043, 0.969
0.447, 0.034, 0.972
0.438, 0.034, 0.970
0.455, 0.043, 0.970
0.465, 0.035, 0.973
0.457, 0.026, 0.974
0.456, 0.035, 0.972
0.465, 0.026, 0.974
0.458, 0.018, 0.977
0.467, 0.009, 0.979
0.460, 0.001, 0.981
0.459, 0.009, 0.978
0.461, -0.008, 0.983
0.470, -0.016, 0.985
0.478, -0.016, 0.984
0.486, -0.008, 0.982
0.495, 0.001, 0.982
0.493, 0.009, 0.980
0.493, 0.018, 0.978
0.502, 0.018, 0.980
0.510, 0.026, 0.978
0.508, 0.035, 0.975
0.515, 0.043, 0.972
0.525, 0.035, 0.974
0.516, 0.035, 0.974
0.526, 0.026, 0.976
0.511, 0.018, 0.980
0.504, -0.008, 0.985
0.512, 0.001, 0.983
0.521, -0.008, 0.984
0.513, -0.016, 0.985
0.505, -0.016, 0.986
0.515, -0.025, 0.988
0.506, -0.034, 0.988
0.515, -0.034, 0.989
0.507, -0.042, 0.989
0.499, -0.051, 0.990
0.490, -0.060, 0.990
0.482, -0.060, 0.990
0.473, -0.060, 0.990
0.465, -0.060, 0.991
0.457, -0.068, 0.993
0.464, -0.051, 0.991
0.464, -0.042, 0.989
0.471, -0.042, 0.987
0.479, -0.042, 0.986
0.489, -0.034, 0.987
0.487, -0.025, 0.984
0.489, -0.042, 0.988
0.499, -0.060, 0.992
0.508, -0.051, 0.991
0.516, -0.051, 0.991
0.476, 0.009, 0.978
0.414, 0.026, 0.973
0.424, 0.018, 0.976
0.435, -0.008, 0.982
0.437, -0.034, 0.986
0.438, -0.042, 0.989
0.439, -0.051, 0.992
0.432, -0.060, 0.994
0.433, -0.069, 0.997
0.433, -0.077, 0.998
0.527, 0.009, 0.979
0.536, 0.009, 0.980
0.544, 0.018, 0.979
0.553, 0.026, 0.979
0.561, 0.035, 0.978
0.569, 0.035, 0.978
0.561, 0.026, 0.979
0.553, 0.018, 0.980
0.545, 0.009, 0.981
0.570, 0.026, 0.980
0.580, 0.026, 0.982
0.587, 0.035, 0.980
0.576, 0.043, 0.975
0.567, 0.052, 0.975
0.575, 0.060, 0.973
0.564, 0.068, 0.970
0.585, 0.069, 0.976
0.583, 0.077, 0.973
0.590, 0.085, 0.970
0.589, 0.093, 0.968
0.586, 0.101, 0.964
0.577, 0.109, 0.962
0.576, 0.118, 0.961
0.585, 0.109, 0.962
0.594, 0.110, 0.963
0.594, 0.101, 0.964
0.598, 0.085, 0.970
0.592, 0.077, 0.974
0.599, 0.077, 0.972
0.605, 0.085, 0.967
0.611, 0.093, 0.963
0.613, 0.085, 0.966
0.614, 0.077, 0.969
0.609, 0.068, 0.974
0.602, 0.069, 0.976
0.596, 0.060, 0.980
0.585, 0.052, 0.977
0.576, 0.052, 0.975
0.585, 0.043, 0.976
0.594, 0.043, 0.976
0.603, 0.052, 0.978
0.610, 0.060, 0.976
0.617, 0.068, 0.973
0.620, 0.060, 0.977
0.611, 0.052, 0.977
0.622, 0.043, 0.981
0.612, 0.043, 0.978
0.603, 0.035, 0.978
0.599, 0.026, 0.985
0.590, 0.018, 0.985
0.582, 0.009, 0.985
0.581, 0.018, 0.983
0.590, 0.026, 0.985
0.591, 0.009, 0.987
0.601, 0.009, 0.989
0.593, 0.001, 0.989
0.602, 0.001, 0.990
0.610, 0.009, 0.988
0.609, 0.018, 0.988
0.618, 0.009, 0.987
0.610, 0.001, 0.989
0.610, -0.008, 0.989
0.625, 0.009, 0.986
0.394, -0.034, 0.986
0.379, -0.060, 0.992
0.389, -0.069, 0.997
0.380, -0.077, 0.994
0.372, -0.086, 0.996
0.363, -0.086, 0.996
0.373, -0.095, 1.000
0.380, -0.086, 0.996
0.389, -0.077, 0.997
0.379, -0.068, 0.993
0.399, -0.077, 0.998
0.390, -0.086, 0.998
0.399, -0.086, 1.000
0.407, -0.077, 0.998
0.408, -0.086, 1.001
0.418, -0.095, 1.003
0.410, -0.104, 1.004
0.409, -0.095, 1.002
0.419, -0.104, 1.005
0.411, -0.113, 1.006
0.419, -0.122, 1.006
0.411, -0.131, 1.009
0.403, -0.140, 1.010
0.395, -0.149, 1.012
0.388, -0.158, 1.016
0.379, -0.167, 1.017
0.371, -0.176, 1.017
0.361, -0.185, 1.016
0.355, -0.195, 1.022
0.346, -0.204, 1.023
0.338, -0.204, 1.024
0.329, -0.213, 1.024
0.321, -0.223, 1.027
0.311, -0.222, 1.025
0.303, -0.232, 1.029
0.295, -0.241, 1.031
0.285, -0.250, 1.028
0.276, -0.250, 1.028
0.268, -0.259, 1.031
0.260, -0.269, 1.035
0.269, -0.269, 1.035
0.278, -0.278, 1.035
0.270, -0.279, 1.037
0.262, -0.289, 1.042
0.288, -0.288, 1.038
0.279, -0.298, 1.039
0.272, -0.308, 1.045
0.280, -0.308, 1.043
0.282, -0.318, 1.048
0.267, -0.250, 1.028
0.267, -0.241, 1.027
0.267, -0.232, 1.027
0.266, -0.222, 1.024
0.265, -0.212, 1.020
0.273, -0.203, 1.017
0.273, -0.194, 1.016
0.273, -0.185, 1.016
0.282, -0.194, 1.015
0.292, -0.203, 1.019
0.283, -0.212, 1.021
0.274, -0.212, 1.019
0.283, -0.203, 1.018
0.292, -0.213, 1.022
0.301, -0.203, 1.020
0.300, -0.194, 1.016
0.299, -0.185, 1.014
0.290, -0.176, 1.015
0.280, -0.166, 1.008
0.271, -0.166, 1.008
0.288, -0.166, 1.007
0.299, -0.175, 1.013
0.302, -0.222, 1.025
0.294, -0.232, 1.028
0.293, -0.222, 1.024
0.276, -0.240, 1.026
0.286, -0.259, 1.029
0.320, -0.213, 1.024
0.319, -0.204, 1.021
0.318, -0.194, 1.019
0.328, -0.195, 1.020
0.336, -0.185, 1.018
0.335, -0.176, 1.015
0.334, -0.167, 1.013
0.343, -0.167, 1.014
0.352, -0.167, 1.014
0.360, -0.158, 1.011
0.359, -0.149, 1.009
0.358, -0.139, 1.007
0.358, -0.130, 1.005
0.358, -0.122, 1.005
0.367, -0.122, 1.006
0.376, -0.113, 1.006
0.375, -0.104, 1.003
0.385, -0.122, 1.007
0.376, -0.122, 1.006
0.393, -0.122, 1.007
0.403, -0.131, 1.009
0.394, -0.131, 1.009
0.411, -0.122, 1.007
0.419, -0.131, 1.007
0.428, -0.122, 1.007
0.428, -0.113, 1.007
0.427, -0.104, 1.005
0.434, -0.095, 0.999
0.442, -0.095, 0.999
0.435, -0.104, 1.002
0.443, -0.104, 1.002
0.436, -0.113, 1.005
0.444, -0.113, 1.003
0.452, -0.104, 1.001
0.453, -0.113, 1.004
0.438, -0.131, 1.008
0.429, -0.140, 1.009
0.421, -0.149, 1.011
0.413, -0.149, 1.012
0.405, -0.158, 1.014
0.397, -0.167, 1.017
0.388, -0.167, 1.017
0.397, -0.158, 1.016
0.404, -0.149, 1.013
0.405, -0.167, 1.016
0.415, -0.176, 1.018
0.406, -0.176, 1.017
0.420, -0.140, 1.009
0.430, -0.149, 1.011
0.422, -0.158, 1.013
0.431, -0.167, 1.012
0.440, -0.158, 1.014
0.440, -0.149, 1.014
0.448, -0.140, 1.012
0.456, -0.140, 1.010
0.450, -0.150, 1.016
0.459, -0.149, 1.016
0.450, -0.158, 1.016
0.459, -0.158, 1.016
0.450, -0.167, 1.017
0.467, -0.149, 1.015
0.466, -0.140, 1.012
0.473, -0.131, 1.009
0.482, -0.122, 1.009
0.491, -0.131, 1.010
0.482, -0.140, 1.010
0.474, -0.140, 1.011
0.491, -0.140, 1.010
0.500, -0.131, 1.009
0.509, -0.122, 1.010
0.508, -0.113, 1.008
0.506, -0.104, 1.005
0.497, -0.095, 1.004
0.486, -0.086, 0.999
0.476, -0.077, 0.996
0.506, -0.095, 1.004
0.514, -0.087, 1.003
0.521, -0.078, 1.000
0.530, -0.078, 1.001
0.537, -0.069, 0.998
0.545, -0.060, 0.995
0.552, -0.051, 0.993
0.561, -0.051, 0.993
0.553, -0.060, 0.995
0.546, -0.069, 0.998
0.538, -0.078, 1.000
0.532, -0.087, 1.003
0.523, -0.095, 1.004
0.515, -0.104, 1.005
0.514, -0.095, 1.004
0.523, -0.104, 1.004
0.516, -0.113, 1.007
0.517, -0.122, 1.009
0.509, -0.131, 1.010
0.500, -0.140, 1.010
0.492, -0.149, 1.012
0.501, -0.149, 1.011
0.494, -0.158, 1.017
0.504, -0.159, 1.019
0.495, -0.167, 1.017
0.504, -0.168, 1.019
0.495, -0.176, 1.018
0.496, -0.186, 1.020
0.489, -0.195, 1.023
0.480, -0.195, 1.025
0.471, -0.195, 1.024
0.462, -0.204, 1.024
0.454, -0.213, 1.025
0.445, -0.213, 1.026
0.444, -0.204, 1.022
0.453, -0.204, 1.023
0.462, -0.195, 1.024
0.453, -0.186, 1.022
0.455, -0.223, 1.028
0.448, -0.233, 1.033
0.457, -0.233, 1.032
0.448, -0.242, 1.033
0.440, -0.251, 1.034
0.432, -0.261, 1.037
0.424, -0.261, 1.039
0.431, -0.251, 1.035
0.422, -0.242, 1.034
0.413, -0.242, 1.034
0.411, -0.232, 1.030
0.401, -0.223, 1.026
0.392, -0.222, 1.026
0.383, -0.222, 1.025
0.373, -0.222, 1.024
0.373, -0.213, 1.023
0.372, -0.204, 1.022
0.364, -0.195, 1.022
0.371, -0.185, 1.018
0.380, -0.185, 1.019
0.372, -0.195, 1.022
0.382, -0.204, 1.023
0.410, -0.222, 1.026
0.430, -0.242, 1.033
0.441, -0.261, 1.037
0.449, -0.251, 1.035
0.461, -0.262, 1.041
0.451, -0.261, 1.039
0.443, -0.271, 1.041
0.468, -0.252, 1.036
0.475, -0.242, 1.033
0.484, -0.242, 1.033
0.476, -0.251, 1.034
0.469, -0.262, 1.040
0.479, -0.271, 1.041
0.471, -0.271, 1.042
0.480, -0.281, 1.043
0.488, -0.271, 1.042
0.486, -0.261, 1.037
0.496, -0.252, 1.038
0.494, -0.242, 1.035
0.505, -0.252, 1.038
0.496, -0.261, 1.039
0.506, -0.262, 1.040
0.514, -0.252, 1.038
0.514, -0.243, 1.039
0.522, -0.234, 1.037
0.521, -0.224, 1.034
0.518, -0.214, 1.028
0.518, -0.205, 1.029
0.518, -0.196, 1.028
0.525, -0.187, 1.026
0.514, -0.177, 1.021
0.513, -0.168, 1.019
0.523, -0.177, 1.021
0.532, -0.177, 1.022
0.534, -0.187, 1.026
0.527, -0.196, 1.029
0.530, -0.224, 1.035
0.539, -0.215, 1.034
0.539, -0.233, 1.035
0.531, -0.233, 1.036
0.524, -0.244, 1.040
0.533, -0.253, 1.041
0.541, -0.243, 1.037
0.549, -0.234, 1.037
0.558, -0.225, 1.036
0.556, -0.215, 1.032
0.564, -0.205, 1.030
0.563, -0.196, 1.029
0.570, -0.187, 1.026
0.568, -0.177, 1.022
0.567, -0.168, 1.019
0.557, -0.159, 1.018
0.548, -0.159, 1.017
0.539, -0.158, 1.017
0.530, -0.158, 1.016
0.521, -0.150, 1.016
0.509, -0.140, 1.010
0.518, -0.131, 1.011
0.528, -0.140, 1.013
0.519, -0.140, 1.013
0.537, -0.132, 1.014
0.545, -0.122, 1.012
0.532, -0.113, 1.005
0.532, -0.104, 1.004
0.539, -0.095, 1.001
0.548, -0.086, 1.002
0.547, -0.078, 1.000
0.558, -0.087, 1.004
0.559, -0.096, 1.007
0.551, -0.105, 1.008
0.543, -0.113, 1.008
0.552, -0.113, 1.009
0.561, -0.105, 1.009
0.547, -0.132, 1.015
0.547, -0.141, 1.015
0.537, -0.149, 1.014
0.547, -0.150, 1.016
0.566, -0.159, 1.018
0.574, -0.158, 1.016
0.584, -0.159, 1.019
0.575, -0.168, 1.019
0.577, -0.177, 1.022
0.591, -0.188, 1.031
0.592, -0.150, 1.017
0.582, -0.141, 1.015
0.580, -0.131, 1.012
0.580, -0.123, 1.012
0.580, -0.114, 1.012
0.589, -0.114, 1.012
0.595, -0.105, 1.008
0.595, -0.096, 1.007
0.594, -0.087, 1.005
0.603, -0.087, 1.006
0.610, -0.078, 1.003
0.598, -0.069, 0.998
0.587, -0.060, 0.995
0.580, -0.060, 0.997
0.572, -0.060, 0.997
0.569, -0.051, 0.994
0.586, -0.051, 0.993
0.595, -0.043, 0.994
0.588, -0.034, 0.995
0.587, -0.025, 0.994
0.585, -0.017, 0.991
0.595, -0.051, 0.992
0.596, -0.060, 0.994
0.608, -0.069, 1.001
0.613, -0.087, 1.008
0.597, -0.114, 1.011
0.591, -0.141, 1.016
0.600, -0.132, 1.015
0.609, -0.132, 1.016
0.601, -0.141, 1.017
0.601, -0.150, 1.018
0.593, -0.159, 1.019
0.613, -0.122, 1.009
0.573, -0.206, 1.031
0.582, -0.206, 1.031
0.569, -0.234, 1.039
0.551, -0.243, 1.040
0.542, -0.253, 1.041
0.535, -0.263, 1.043
0.527, -0.272, 1.046
0.517, -0.272, 1.045
0.508, -0.272, 1.044
0.528, -0.282, 1.048
0.536, -0.272, 1.046
0.543, -0.262, 1.043
0.552, -0.253, 1.042
0.560, -0.261, 1.039
0.552, -0.262, 1.041
0.544, -0.272, 1.045
0.537, -0.282, 1.049
0.529, -0.291, 1.050
0.529, -0.301, 1.050
0.520, -0.310, 1.050
0.511, -0.310, 1.051
0.502, -0.310, 1.052
0.490, -0.299, 1.046
0.500, -0.300, 1.048
0.529, -0.310, 1.050
0.538, -0.310, 1.051
0.550, -0.321, 1.056
0.563, -0.332, 1.063
0.572, -0.323, 1.062
0.583, -0.333, 1.066
0.574, -0.342, 1.066
0.573, -0.332, 1.064
0.574, -0.351, 1.065
0.574, -0.361, 1.066
0.577, -0.372, 1.072
0.578, -0.382, 1.073
0.570, -0.392, 1.076
0.560, -0.392, 1.076
0.551, -0.392, 1.075
0.543, -0.403, 1.078
0.554, -0.413, 1.081
0.544, -0.413, 1.080
0.554, -0.423, 1.082
0.545, -0.433, 1.083
0.539, -0.444, 1.089
0.531, -0.455, 1.093
0.519, -0.444, 1.087
0.518, -0.433, 1.084
0.528, -0.434, 1.086
0.530, -0.445, 1.089
0.540, -0.455, 1.091
0.532, -0.465, 1.093
0.543, -0.476, 1.097
0.549, -0.464, 1.090
0.548, -0.454, 1.089
0.547, -0.444, 1.087
0.555, -0.433, 1.083
0.564, -0.423, 1.082
0.573, -0.413, 1.082
0.572, -0.403, 1.080
0.580, -0.393, 1.077
0.583, -0.423, 1.084
0.575, -0.433, 1.085
0.564, -0.433, 1.083
0.556, -0.443, 1.085
0.567, -0.453, 1.088
0.557, -0.463, 1.088
0.551, -0.475, 1.093
0.558, -0.473, 1.089
0.551, -0.485, 1.095
0.543, -0.496, 1.098
0.551, -0.494, 1.095
0.544, -0.506, 1.098
0.559, -0.483, 1.091
0.557, -0.453, 1.087
0.574, -0.423, 1.083
0.585, -0.434, 1.086
0.594, -0.424, 1.085
0.594, -0.415, 1.085
0.603, -0.405, 1.085
0.602, -0.395, 1.084
0.597, -0.382, 1.075
0.596, -0.372, 1.072
0.595, -0.362, 1.071
0.603, -0.353, 1.069
0.602, -0.342, 1.066
0.592, -0.333, 1.065
0.601, -0.333, 1.065
0.613, -0.353, 1.069
0.604, -0.362, 1.070
0.613, -0.362, 1.069
0.623, -0.353, 1.070
0.631, -0.352, 1.068
0.623, -0.362, 1.070
0.642, -0.353, 1.071
0.614, -0.406, 1.087
0.605, -0.416, 1.089
0.616, -0.417, 1.091
0.623, -0.406, 1.086
0.632, -0.406, 1.086
0.625, -0.417, 1.090
0.634, -0.416, 1.089
0.642, -0.406, 1.086
0.640, -0.395, 1.084
0.650, -0.386, 1.085
0.657, -0.385, 1.081
0.666, -0.375, 1.079
0.676, -0.375, 1.081
0.667, -0.385, 1.082
0.678, -0.386, 1.084
0.669, -0.396, 1.085
0.672, -0.407, 1.090
0.686, -0.366, 1.082
0.654, -0.417, 1.091
0.643, -0.416, 1.089
0.670, -0.431, 1.102
0.681, -0.431, 1.104
0.674, -0.443, 1.108
0.587, -0.445, 1.090
0.572, -0.254, 1.045
0.570, -0.271, 1.042
0.572, -0.281, 1.045
0.564, -0.291, 1.048
0.574, -0.291, 1.048
0.584, -0.292, 1.050
0.593, -0.292, 1.051
0.603, -0.292, 1.052
0.610, -0.282, 1.048
0.608, -0.272, 1.045
0.607, -0.262, 1.043
0.619, -0.273, 1.049
0.629, -0.273, 1.050
0.629, -0.282, 1.050
0.640, -0.292, 1.053
0.632, -0.302, 1.055
0.626, -0.313, 1.061
0.615, -0.303, 1.056
0.613, -0.292, 1.053
0.623, -0.302, 1.056
0.631, -0.292, 1.052
0.642, -0.303, 1.057
0.651, -0.293, 1.055
0.497, -0.195, 1.022
0.369, -0.158, 1.014
0.361, -0.167, 1.014
0.370, -0.167, 1.015
0.344, -0.185, 1.017
0.337, -0.195, 1.021
0.346, -0.195, 1.021
0.329, -0.222, 1.026
0.322, -0.232, 1.031
0.330, -0.232, 1.029
0.338, -0.222, 1.024
0.346, -0.213, 1.023
0.346, -0.222, 1.023
0.331, -0.241, 1.031
0.323, -0.251, 1.033
0.332, -0.251, 1.033
0.341, -0.260, 1.035
0.334, -0.271, 1.040
0.325, -0.280, 1.039
0.316, -0.289, 1.040
0.308, -0.299, 1.044
0.317, -0.299, 1.043
0.325, -0.289, 1.041
0.315, -0.279, 1.036
0.305, -0.269, 1.033
0.324, -0.270, 1.036
0.332, -0.261, 1.036
0.343, -0.271, 1.041
0.350, -0.260, 1.034
0.348, -0.250, 1.030
0.358, -0.250, 1.030
0.367, -0.250, 1.031
0.377, -0.260, 1.034
0.369, -0.270, 1.036
0.361, -0.280, 1.040
0.353, -0.280, 1.043
0.344, -0.281, 1.044
0.360, -0.270, 1.036
0.368, -0.260, 1.035
0.371, -0.290, 1.043
0.380, -0.298, 1.042
0.372, -0.299, 1.044
0.363, -0.309, 1.047
0.364, -0.319, 1.049
0.365, -0.329, 1.052
0.357, -0.339, 1.055
0.366, -0.339, 1.055
0.386, -0.260, 1.034
0.396, -0.261, 1.037
0.326, -0.308, 1.045
0.352, 0.068, 0.966
0.342, 0.076, 0.960
0.332, 0.084, 0.958
0.332, 0.092, 0.956
0.332, 0.100, 0.956
0.340, 0.100, 0.956
0.348, 0.100, 0.955
0.357, 0.092, 0.956
0.348, 0.092, 0.956
0.341, 0.084, 0.958
0.374, 0.092, 0.958
0.391, 0.084, 0.959
0.411, 0.149, 0.948
0.410, 0.157, 0.946
0.419, 0.157, 0.946
0.428, 0.157, 0.947
0.437, 0.149, 0.949
0.429, 0.149, 0.950
0.421, 0.141, 0.950
0.436, 0.141, 0.948
0.453, 0.141, 0.950
0.430, 0.204, 0.936
0.424, 0.197, 0.938
0.394, 0.157, 0.945
0.352, 0.165, 0.943
0.352, 0.157, 0.944
0.321, 0.133, 0.947
0.313, 0.125, 0.950
0.331, 0.227, 0.930
0.270, 0.279, 0.915
0.292, 0.294, 0.910
0.302, 0.287, 0.915
0.294, 0.279, 0.916
0.302, 0.280, 0.917
0.309, 0.287, 0.914
0.317, 0.295, 0.913
0.324, 0.294, 0.911
0.317, 0.287, 0.914
0.332, 0.294, 0.911
0.340, 0.302, 0.911
0.332, 0.310, 0.911
0.347, 0.309, 0.909
0.356, 0.302, 0.912
0.349, 0.295, 0.913
0.341, 0.294, 0.912
0.333, 0.286, 0.913
0.333, 0.279, 0.914
0.326, 0.272, 0.916
0.318, 0.272, 0.917
0.311, 0.272, 0.918
0.303, 0.272, 0.919
0.326, 0.264, 0.917
0.334, 0.272, 0.916
0.348, 0.302, 0.911
0.357, 0.295, 0.914
0.365, 0.295, 0.914
0.374, 0.296, 0.917
0.365, 0.287, 0.915
0.357, 0.279, 0.915
0.367, 0.280, 0.918
0.358, 0.272, 0.918
0.351, 0.265, 0.920
0.360, 0.257, 0.921
0.383, 0.296, 0.919
0.265, 0.352, 0.898
0.273, 0.360, 0.898
0.272, 0.367, 0.897
0.280, 0.368, 0.897
0.281, 0.360, 0.898
0.247, 0.387, 0.889
0.166, 0.255, 0.915
0.185, 0.380, 0.890
0.132, 0.337, 0.899
0.093, 0.314, 0.902
0.086, 0.307, 0.904
0.078, 0.308, 0.905
0.094, 0.307, 0.904
0.061, 0.385, 0.883
0.061, 0.392, 0.882
0.068, 0.392, 0.881
0.076, 0.392, 0.881
0.068, 0.385, 0.883
0.084, 0.392, 0.882
0.091, 0.400, 0.883
0.099, 0.406, 0.880
0.106, 0.406, 0.879
0.107, 0.399, 0.881
0.023, 0.349, 0.891
0.015, 0.342, 0.893
0.007, 0.334, 0.892
-0.001, 0.334, 0.892
-0.008, 0.327, 0.894
-0.008, 0.334, 0.891
-0.008, 0.341, 0.889
-0.008, 0.349, 0.889
-0.008, 0.356, 0.887
-0.001, 0.341, 0.890
0.007, 0.342, 0.892
-0.001, 0.321, 0.898
-0.008, 0.320, 0.896
-0.001, 0.314, 0.899
0.007, 0.306, 0.901
-0.001, 0.306, 0.901
0.015, 0.314, 0.900
0.023, 0.320, 0.896
0.030, 0.328, 0.895
0.030, 0.335, 0.894
0.023, 0.342, 0.893
0.030, 0.342, 0.893
0.031, 0.321, 0.897
0.023, 0.314, 0.900
0.015, 0.307, 0.902
-0.131, 0.362, 0.884
-0.169, 0.368, 0.880
-0.290, 0.282, 0.898
-0.201, 0.177, 0.922
-0.193, 0.169, 0.923
-0.186, 0.170, 0.924
-0.177, 0.177, 0.924
-0.169, 0.178, 0.924
-0.178, 0.170, 0.924
-0.186, 0.162, 0.925
-0.178, 0.162, 0.927
-0.162, 0.178, 0.925
-0.154, 0.178, 0.925
-0.154, 0.170, 0.925
-0.154, 0.162, 0.928
-0.163, 0.155, 0.932
-0.154, 0.154, 0.931
-0.155, 0.146, 0.931
-0.033, 0.139, 0.937
-0.009, 0.139, 0.936
0.016, 0.131, 0.939
0.024, 0.139, 0.938
0.024, 0.123, 0.939
0.016, 0.115, 0.942
0.024, 0.115, 0.941
0.016, 0.107, 0.943
0.016, 0.099, 0.945
0.016, 0.091, 0.946
0.016, 0.083, 0.947
0.016, 0.075, 0.949
0.016, 0.067, 0.952
0.016, 0.059, 0.953
0.016, 0.050, 0.955
0.008, 0.042, 0.956
0.016, 0.042, 0.957
0.008, 0.034, 0.959
0.016, 0.034, 0.960
0.008, 0.026, 0.963
0.016, 0.026, 0.963
0.008, 0.017, 0.964
0.016, 0.017, 0.965
0.008, 0.009, 0.964
0.016, 0.001, 0.966
0.008, -0.008, 0.970
0.008, 0.001, 0.966
0.089, 0.148, 0.938
0.097, 0.155, 0.936
0.105, 0.163, 0.935
0.154, 0.163, 0.935
0.163, 0.140, 0.940
0.278, 0.018, 0.972
0.273, -0.042, 0.983
0.269, -0.121, 1.002
0.254, -0.337, 1.048
0.255, -0.346, 1.049
0.246, -0.356, 1.051
0.255, -0.356, 1.051
0.247, -0.366, 1.054
0.256, -0.366, 1.053
0.247, -0.375, 1.055
0.256, -0.375, 1.053
0.247, -0.385, 1.056
0.248, -0.395, 1.058
0.264, -0.365, 1.051
0.274, -0.365, 1.052
0.282, -0.356, 1.050
0.282, -0.346, 1.050
0.282, -0.337, 1.050
0.292, -0.366, 1.054
0.283, -0.375, 1.053
0.283, -0.365, 1.052
0.293, -0.376, 1.055
0.304, -0.388, 1.064
0.314, -0.388, 1.063
0.323, -0.398, 1.065
0.314, -0.398, 1.065
0.305, -0.407, 1.064
0.332, -0.397, 1.064
0.341, -0.397, 1.063
RegionID:3
Center:-0.295,-0.398,1.047
Normal:0.003,-0.242,-0.970
NumPatches:48
-0.339, -0.411, 1.051
-0.349, -0.420, 1.052
-0.357, -0.410, 1.050
-0.348, -0.411, 1.051
-0.338, -0.400, 1.048
-0.337, -0.390, 1.045
-0.336, -0.380, 1.042
-0.335, -0.370, 1.039
-0.327, -0.371, 1.042
-0.318, -0.371, 1.042
-0.307, -0.360, 1.037
-0.308, -0.370, 1.040
-0.300, -0.380, 1.041
-0.310, -0.390, 1.044
-0.309, -0.380, 1.042
-0.310, -0.400, 1.046
-0.319, -0.409, 1.046
-0.329, -0.409, 1.048
-0.339, -0.420, 1.053
-0.310, -0.409, 1.047
-0.302, -0.419, 1.049
-0.311, -0.419, 1.050
-0.303, -0.429, 1.052
-0.294, -0.430, 1.054
-0.287, -0.442, 1.061
-0.296, -0.442, 1.059
-0.287, -0.452, 1.062
-0.277, -0.442, 1.060
-0.266, -0.430, 1.053
-0.257, -0.430, 1.053
-0.291, -0.380, 1.043
-0.282, -0.381, 1.044
-0.272, -0.370, 1.040
-0.263, -0.370, 1.040
-0.273, -0.380, 1.042
-0.264, -0.381, 1.044
-0.255, -0.380, 1.043
-0.265, -0.391, 1.046
-0.256, -0.400, 1.048
-0.266, -0.411, 1.051
-0.265, -0.401, 1.049
-0.257, -0.411, 1.052
-0.247, -0.400, 1.048
-0.246, -0.390, 1.045
-0.245, -0.380, 1.041
-0.236, -0.379, 1.040
-0.227, -0.380, 1.042
-0.237, -0.390, 1.044
RegionID:4
Center:0.424,-0.373,1.062
Normal:0.097,-0.252,-0.963
NumPatches:22
0.398, -0.398, 1.066
0.389, -0.398, 1.066
0.380, -0.398, 1.067
0.387, -0.387, 1.062
0.395, -0.376, 1.057
0.404, -0.377, 1.059
0.396, -0.387, 1.061
0.415, -0.369, 1.062
0.422, -0.358, 1.058
0.412, -0.348, 1.056
0.421, -0.338, 1.054
0.430, -0.338, 1.053
0.421, -0.348, 1.055
0.432, -0.358, 1.058
0.424, -0.369, 1.063
0.434, -0.369, 1.063
0.442, -0.359, 1.060
0.443, -0.369, 1.064
0.456, -0.381, 1.072
0.465, -0.390, 1.070
0.474, -0.390, 1.070
0.484, -0.391, 1.072
RegionID:5
Center:-0.065,-0.347,1.043
Normal:0.030,-0.194,-0.980
NumPatches:110
-0.208, -0.360, 1.036
-0.200, -0.352, 1.040
-0.200, -0.343, 1.039
-0.207, -0.331, 1.031
-0.199, -0.333, 1.036
-0.190, -0.333, 1.038
-0.181, -0.333, 1.037
-0.172, -0.332, 1.035
-0.163, -0.332, 1.035
-0.154, -0.333, 1.036
-0.145, -0.324, 1.036
-0.136, -0.324, 1.037
-0.145, -0.334, 1.039
-0.137, -0.334, 1.041
-0.146, -0.343, 1.041
-0.146, -0.353, 1.042
-0.155, -0.362, 1.042
-0.164, -0.372, 1.044
-0.173, -0.362, 1.042
-0.182, -0.362, 1.044
-0.191, -0.352, 1.041
-0.182, -0.353, 1.042
-0.164, -0.362, 1.042
-0.155, -0.371, 1.043
-0.146, -0.362, 1.044
-0.137, -0.372, 1.045
-0.128, -0.372, 1.046
-0.119, -0.373, 1.047
-0.110, -0.363, 1.046
-0.110, -0.354, 1.045
-0.109, -0.343, 1.041
-0.118, -0.333, 1.036
-0.127, -0.324, 1.036
-0.109, -0.333, 1.036
-0.101, -0.344, 1.043
-0.092, -0.344, 1.044
-0.101, -0.354, 1.045
-0.092, -0.354, 1.046
-0.101, -0.363, 1.045
-0.110, -0.373, 1.047
-0.083, -0.345, 1.045
-0.073, -0.353, 1.043
-0.083, -0.363, 1.046
-0.083, -0.354, 1.046
-0.083, -0.373, 1.047
-0.092, -0.383, 1.050
-0.083, -0.382, 1.049
-0.074, -0.382, 1.049
-0.065, -0.382, 1.049
-0.055, -0.373, 1.048
-0.064, -0.363, 1.046
-0.064, -0.353, 1.044
-0.055, -0.343, 1.041
-0.064, -0.333, 1.038
-0.055, -0.333, 1.036
-0.055, -0.364, 1.047
-0.046, -0.372, 1.045
-0.055, -0.382, 1.049
-0.037, -0.362, 1.044
-0.028, -0.362, 1.042
-0.037, -0.372, 1.044
-0.028, -0.372, 1.044
-0.019, -0.372, 1.045
-0.028, -0.382, 1.048
-0.019, -0.383, 1.049
-0.010, -0.374, 1.049
-0.001, -0.364, 1.048
-0.010, -0.354, 1.045
-0.019, -0.345, 1.045
-0.028, -0.336, 1.045
-0.010, -0.335, 1.044
-0.010, -0.325, 1.042
-0.010, -0.316, 1.040
-0.010, -0.306, 1.038
-0.010, -0.296, 1.035
-0.010, -0.286, 1.030
-0.010, -0.276, 1.026
-0.001, -0.267, 1.026
-0.001, -0.286, 1.029
-0.001, -0.296, 1.033
-0.001, -0.306, 1.039
-0.001, -0.316, 1.041
0.008, -0.327, 1.045
-0.001, -0.326, 1.043
0.017, -0.327, 1.046
0.026, -0.326, 1.042
0.035, -0.325, 1.039
0.044, -0.325, 1.039
0.035, -0.335, 1.042
0.026, -0.344, 1.043
0.017, -0.344, 1.044
0.008, -0.354, 1.046
-0.001, -0.355, 1.047
-0.010, -0.345, 1.045
0.008, -0.345, 1.046
0.017, -0.363, 1.044
0.027, -0.375, 1.055
0.027, -0.385, 1.057
0.036, -0.344, 1.044
0.045, -0.335, 1.042
0.054, -0.325, 1.042
0.063, -0.325, 1.041
0.054, -0.335, 1.044
0.063, -0.336, 1.045
0.054, -0.345, 1.045
0.063, -0.346, 1.048
0.054, -0.354, 1.047
-0.001, -0.374, 1.050
-0.010, -0.383, 1.052
-0.001, -0.384, 1.052
RegionID:6
Center:0.193,-0.364,1.052
Normal:0.051,-0.183,-0.982
NumPatches:27
0.164, -0.375, 1.053
0.155, -0.374, 1.052
0.155, -0.365, 1.051
0.163, -0.354, 1.047
0.164, -0.365, 1.050
0.173, -0.375, 1.053
0.164, -0.385, 1.055
0.182, -0.375, 1.054
0.192, -0.375, 1.054
0.200, -0.365, 1.051
0.200, -0.356, 1.050
0.209, -0.347, 1.051
0.199, -0.336, 1.046
0.190, -0.335, 1.045
0.181, -0.335, 1.044
0.172, -0.336, 1.047
0.163, -0.337, 1.048
0.219, -0.347, 1.052
0.210, -0.356, 1.052
0.219, -0.357, 1.053
0.219, -0.366, 1.053
0.219, -0.376, 1.055
0.211, -0.385, 1.057
0.201, -0.385, 1.057
0.201, -0.375, 1.054
0.220, -0.386, 1.058
0.229, -0.386, 1.058
RegionID:7
Center:-0.435,-0.224,1.003
Normal:0.046,-0.223,-0.974
NumPatches:126
-0.480, -0.226, 1.001
-0.490, -0.235, 1.005
-0.480, -0.235, 1.002
-0.471, -0.226, 1.002
-0.462, -0.217, 1.002
-0.452, -0.208, 0.998
-0.442, -0.207, 0.994
-0.453, -0.217, 1.000
-0.462, -0.226, 1.002
-0.453, -0.226, 1.001
-0.443, -0.216, 0.998
-0.436, -0.226, 1.002
-0.445, -0.235, 1.003
-0.445, -0.226, 1.001
-0.437, -0.235, 1.003
-0.447, -0.244, 1.007
-0.438, -0.244, 1.006
-0.429, -0.235, 1.004
-0.418, -0.225, 0.999
-0.410, -0.217, 1.001
-0.402, -0.217, 1.002
-0.395, -0.227, 1.007
-0.404, -0.236, 1.008
-0.414, -0.246, 1.011
-0.423, -0.254, 1.010
-0.431, -0.254, 1.010
-0.441, -0.263, 1.012
-0.450, -0.263, 1.012
-0.459, -0.273, 1.014
-0.468, -0.273, 1.014
-0.459, -0.264, 1.014
-0.459, -0.282, 1.014
-0.461, -0.291, 1.018
-0.471, -0.301, 1.021
-0.462, -0.301, 1.021
-0.463, -0.311, 1.023
-0.454, -0.319, 1.022
-0.464, -0.329, 1.024
-0.463, -0.319, 1.022
-0.454, -0.329, 1.023
-0.465, -0.339, 1.027
-0.477, -0.350, 1.033
-0.467, -0.349, 1.031
-0.456, -0.339, 1.027
-0.458, -0.349, 1.031
-0.445, -0.319, 1.022
-0.445, -0.311, 1.022
-0.445, -0.301, 1.021
-0.434, -0.291, 1.017
-0.433, -0.282, 1.014
-0.442, -0.273, 1.014
-0.433, -0.273, 1.015
-0.435, -0.301, 1.019
-0.439, -0.254, 1.008
-0.430, -0.245, 1.007
-0.414, -0.263, 1.012
-0.407, -0.255, 1.015
-0.397, -0.264, 1.014
-0.407, -0.273, 1.015
-0.406, -0.264, 1.014
-0.398, -0.273, 1.015
-0.389, -0.264, 1.015
-0.379, -0.255, 1.012
-0.379, -0.246, 1.011
-0.387, -0.236, 1.009
-0.396, -0.236, 1.009
-0.402, -0.226, 1.004
-0.387, -0.227, 1.009
-0.377, -0.218, 1.007
-0.369, -0.227, 1.008
-0.378, -0.236, 1.010
-0.378, -0.227, 1.008
-0.360, -0.218, 1.007
-0.360, -0.227, 1.008
-0.361, -0.236, 1.010
-0.380, -0.264, 1.015
-0.390, -0.273, 1.017
-0.399, -0.282, 1.017
-0.390, -0.282, 1.016
-0.433, -0.198, 0.994
-0.442, -0.190, 0.995
-0.449, -0.180, 0.991
-0.440, -0.172, 0.990
-0.439, -0.163, 0.989
-0.447, -0.154, 0.987
-0.454, -0.162, 0.984
-0.463, -0.171, 0.985
-0.472, -0.162, 0.986
-0.480, -0.154, 0.985
-0.472, -0.154, 0.986
-0.464, -0.145, 0.986
-0.464, -0.137, 0.986
-0.463, -0.128, 0.984
-0.468, -0.118, 0.978
-0.477, -0.118, 0.977
-0.485, -0.118, 0.977
-0.496, -0.128, 0.983
-0.476, -0.110, 0.975
-0.466, -0.101, 0.972
-0.458, -0.109, 0.974
-0.452, -0.118, 0.978
-0.455, -0.145, 0.985
-0.463, -0.154, 0.985
-0.455, -0.154, 0.985
-0.463, -0.162, 0.984
-0.466, -0.180, 0.992
-0.430, -0.154, 0.986
-0.429, -0.145, 0.986
-0.428, -0.136, 0.983
-0.428, -0.127, 0.982
-0.421, -0.154, 0.987
-0.430, -0.163, 0.988
-0.413, -0.145, 0.987
-0.404, -0.154, 0.985
-0.413, -0.163, 0.988
-0.413, -0.154, 0.988
-0.405, -0.163, 0.988
-0.414, -0.172, 0.990
-0.424, -0.181, 0.993
-0.433, -0.190, 0.995
-0.441, -0.181, 0.992
-0.425, -0.190, 0.996
-0.415, -0.181, 0.993
-0.407, -0.181, 0.995
-0.395, -0.145, 0.985
-0.481, -0.244, 1.004
RegionID:8
Center:-0.315,-0.317,1.026
Normal:0.010,-0.202,-0.979
NumPatches:38
-0.375, -0.302, 1.025
-0.375, -0.312, 1.026
-0.367, -0.321, 1.027
-0.377, -0.322, 1.029
-0.367, -0.330, 1.027
-0.377, -0.340, 1.030
-0.367, -0.339, 1.027
-0.378, -0.349, 1.032
-0.357, -0.320, 1.024
-0.356, -0.310, 1.022
-0.349, -0.321, 1.026
-0.340, -0.321, 1.028
-0.350, -0.330, 1.028
-0.331, -0.312, 1.026
-0.338, -0.301, 1.022
-0.321, -0.302, 1.022
-0.312, -0.302, 1.022
-0.322, -0.312, 1.026
-0.313, -0.312, 1.028
-0.303, -0.301, 1.022
-0.294, -0.301, 1.021
-0.304, -0.312, 1.026
-0.295, -0.312, 1.027
-0.284, -0.301, 1.019
-0.276, -0.302, 1.022
-0.268, -0.302, 1.024
-0.277, -0.312, 1.026
-0.287, -0.322, 1.030
-0.297, -0.323, 1.033
-0.288, -0.331, 1.031
-0.278, -0.321, 1.028
-0.269, -0.312, 1.026
-0.259, -0.302, 1.025
-0.260, -0.312, 1.026
-0.260, -0.321, 1.027
-0.269, -0.330, 1.027
-0.278, -0.330, 1.028
-0.269, -0.340, 1.029
RegionID:9
Center:0.124,-0.079,0.894
Normal:0.034,-0.215,-0.976
NumPatches:142
0.198, -0.142, 0.912
0.197, -0.134, 0.911
0.197, -0.126, 0.908
0.204, -0.117, 0.905
0.204, -0.109, 0.904
0.203, -0.101, 0.902
0.203, -0.093, 0.900
0.203, -0.085, 0.899
0.202, -0.077, 0.898
0.202, -0.069, 0.895
0.209, -0.062, 0.893
0.209, -0.054, 0.891
0.208, -0.046, 0.889
0.208, -0.038, 0.888
0.207, -0.030, 0.886
0.207, -0.022, 0.885
0.207, -0.015, 0.883
0.206, -0.007, 0.881
0.214, 0.001, 0.880
0.213, 0.008, 0.878
0.213, 0.016, 0.877
0.212, 0.023, 0.875
0.212, 0.031, 0.873
0.211, 0.039, 0.871
0.211, 0.046, 0.870
0.211, 0.054, 0.869
0.211, 0.061, 0.868
0.210, 0.068, 0.865
0.217, 0.076, 0.864
0.209, 0.083, 0.862
0.201, 0.083, 0.860
0.194, 0.083, 0.861
0.187, 0.076, 0.864
0.180, 0.076, 0.864
0.172, 0.076, 0.862
0.164, 0.083, 0.860
0.156, 0.090, 0.859
0.149, 0.090, 0.859
0.141, 0.090, 0.858
0.134, 0.090, 0.858
0.126, 0.090, 0.857
0.119, 0.090, 0.857
0.111, 0.090, 0.856
0.104, 0.090, 0.856
0.096, 0.090, 0.856
0.089, 0.090, 0.855
0.081, 0.090, 0.855
0.074, 0.090, 0.855
0.066, 0.090, 0.855
0.059, 0.090, 0.855
0.051, 0.083, 0.856
0.051, 0.090, 0.856
0.052, 0.075, 0.857
0.052, 0.068, 0.859
0.052, 0.060, 0.860
0.052, 0.053, 0.862
0.052, 0.046, 0.864
0.052, 0.038, 0.866
0.052, 0.031, 0.867
0.052, 0.023, 0.868
0.052, 0.016, 0.870
0.045, 0.008, 0.873
0.052, 0.008, 0.872
0.045, 0.001, 0.875
0.045, -0.007, 0.877
0.045, -0.015, 0.878
0.045, -0.022, 0.880
0.045, -0.030, 0.882
0.045, -0.038, 0.883
0.046, -0.046, 0.885
0.046, -0.053, 0.888
0.046, -0.061, 0.889
0.046, -0.069, 0.890
0.046, -0.077, 0.890
0.046, -0.085, 0.891
0.046, -0.093, 0.894
0.046, -0.101, 0.896
0.038, -0.109, 0.898
0.046, -0.109, 0.898
0.039, -0.117, 0.901
0.039, -0.125, 0.903
0.039, -0.133, 0.905
0.039, -0.141, 0.906
0.039, -0.149, 0.906
0.039, -0.157, 0.908
0.039, -0.166, 0.911
0.039, -0.174, 0.913
0.039, -0.182, 0.915
0.039, -0.191, 0.917
0.031, -0.199, 0.918
0.039, -0.199, 0.917
0.031, -0.207, 0.918
0.031, -0.215, 0.920
0.031, -0.224, 0.923
0.032, -0.233, 0.925
0.032, -0.241, 0.928
0.040, -0.250, 0.930
0.032, -0.259, 0.931
0.032, -0.250, 0.930
0.048, -0.250, 0.930
0.056, -0.259, 0.933
0.048, -0.259, 0.932
0.064, -0.259, 0.933
0.072, -0.259, 0.933
0.081, -0.259, 0.934
0.089, -0.260, 0.935
0.097, -0.259, 0.934
0.105, -0.259, 0.934
0.113, -0.260, 0.935
0.121, -0.260, 0.935
0.129, -0.260, 0.935
0.138, -0.260, 0.936
0.146, -0.260, 0.937
0.154, -0.260, 0.936
0.162, -0.260, 0.935
0.170, -0.259, 0.934
0.178, -0.259, 0.934
0.186, -0.260, 0.935
0.178, -0.268, 0.936
0.194, -0.251, 0.935
0.194, -0.243, 0.932
0.194, -0.234, 0.931
0.193, -0.226, 0.929
0.193, -0.217, 0.928
0.201, -0.209, 0.926
0.200, -0.200, 0.923
0.200, -0.192, 0.921
0.199, -0.183, 0.919
0.198, -0.175, 0.916
0.198, -0.166, 0.915
0.198, -0.158, 0.914
0.198, -0.150, 0.913
0.201, -0.217, 0.928
0.195, -0.260, 0.936
0.164, 0.090, 0.860
0.171, 0.083, 0.860
0.186, 0.083, 0.861
0.217, 0.083, 0.863
0.218, 0.068, 0.866
0.214, -0.007, 0.881
0.209, -0.069, 0.895
0.204, -0.126, 0.907
RegionID:10
Center:-0.112,-0.075,0.886
Normal:0.027,-0.216,-0.976
NumPatches:139
-0.041, -0.258, 0.930
-0.049, -0.258, 0.930
-0.057, -0.258, 0.928
-0.065, -0.248, 0.924
-0.073, -0.258, 0.928
-0.081, -0.257, 0.927
-0.089, -0.257, 0.926
-0.097, -0.257, 0.927
-0.106, -0.257, 0.927
-0.114, -0.258, 0.927
-0.122, -0.257, 0.927
-0.129, -0.257, 0.926
-0.138, -0.257, 0.926
-0.145, -0.257, 0.925
-0.153, -0.256, 0.923
-0.161, -0.256, 0.923
-0.169, -0.256, 0.923
-0.178, -0.257, 0.925
-0.186, -0.257, 0.925
-0.193, -0.256, 0.923
-0.202, -0.256, 0.924
-0.201, -0.248, 0.922
-0.200, -0.239, 0.918
-0.200, -0.230, 0.916
-0.199, -0.222, 0.914
-0.199, -0.214, 0.914
-0.199, -0.206, 0.912
-0.198, -0.197, 0.910
-0.198, -0.189, 0.907
-0.198, -0.181, 0.906
-0.197, -0.173, 0.905
-0.197, -0.164, 0.904
-0.197, -0.156, 0.902
-0.196, -0.148, 0.900
-0.196, -0.140, 0.899
-0.196, -0.132, 0.897
-0.195, -0.124, 0.895
-0.195, -0.116, 0.893
-0.195, -0.108, 0.892
-0.194, -0.100, 0.889
-0.193, -0.092, 0.887
-0.193, -0.084, 0.885
-0.193, -0.076, 0.884
-0.192, -0.068, 0.882
-0.192, -0.061, 0.880
-0.192, -0.053, 0.878
-0.191, -0.045, 0.876
-0.191, -0.037, 0.875
-0.191, -0.030, 0.874
-0.190, -0.022, 0.873
-0.190, -0.015, 0.871
-0.189, -0.007, 0.868
-0.189, 0.001, 0.867
-0.189, 0.008, 0.865
-0.188, 0.016, 0.863
-0.188, 0.023, 0.863
-0.188, 0.031, 0.862
-0.188, 0.038, 0.860
-0.187, 0.045, 0.858
-0.187, 0.053, 0.857
-0.186, 0.060, 0.855
-0.179, 0.067, 0.853
-0.178, 0.075, 0.852
-0.178, 0.082, 0.851
-0.178, 0.089, 0.850
-0.177, 0.096, 0.847
-0.170, 0.097, 0.849
-0.163, 0.097, 0.849
-0.156, 0.097, 0.848
-0.148, 0.096, 0.848
-0.141, 0.096, 0.847
-0.133, 0.096, 0.847
-0.126, 0.089, 0.848
-0.133, 0.089, 0.847
-0.119, 0.089, 0.850
-0.112, 0.089, 0.850
-0.104, 0.089, 0.850
-0.097, 0.089, 0.850
-0.089, 0.089, 0.851
-0.082, 0.089, 0.850
-0.075, 0.089, 0.850
-0.067, 0.089, 0.851
-0.060, 0.090, 0.852
-0.052, 0.090, 0.852
-0.045, 0.089, 0.852
-0.038, 0.090, 0.852
-0.030, 0.082, 0.854
-0.038, 0.082, 0.854
-0.023, 0.082, 0.854
-0.023, 0.075, 0.855
-0.023, 0.068, 0.857
-0.023, 0.060, 0.858
-0.023, 0.053, 0.859
-0.023, 0.046, 0.861
-0.023, 0.038, 0.863
-0.023, 0.031, 0.865
-0.023, 0.023, 0.865
-0.023, 0.016, 0.867
-0.023, 0.008, 0.870
-0.023, 0.001, 0.872
-0.023, -0.007, 0.874
-0.023, -0.015, 0.875
-0.024, -0.022, 0.878
-0.031, -0.030, 0.878
-0.024, -0.030, 0.880
-0.031, -0.038, 0.880
-0.031, -0.045, 0.882
-0.031, -0.053, 0.884
-0.031, -0.061, 0.886
-0.032, -0.069, 0.888
-0.032, -0.077, 0.889
-0.032, -0.085, 0.890
-0.032, -0.092, 0.891
-0.032, -0.100, 0.893
-0.032, -0.108, 0.895
-0.032, -0.117, 0.898
-0.032, -0.124, 0.899
-0.032, -0.132, 0.899
-0.032, -0.141, 0.902
-0.032, -0.149, 0.904
-0.040, -0.157, 0.906
-0.032, -0.157, 0.907
-0.040, -0.165, 0.909
-0.040, -0.174, 0.911
-0.040, -0.182, 0.913
-0.040, -0.190, 0.914
-0.041, -0.199, 0.916
-0.041, -0.207, 0.918
-0.041, -0.215, 0.920
-0.041, -0.224, 0.922
-0.041, -0.232, 0.923
-0.049, -0.241, 0.925
-0.057, -0.241, 0.925
-0.065, -0.240, 0.923
-0.073, -0.249, 0.924
-0.049, -0.250, 0.928
-0.041, -0.241, 0.925
-0.041, -0.250, 0.928
-0.179, 0.060, 0.854
RegionID:11
Center:-0.661,-0.055,0.962
Normal:-0.065,-0.178,-0.982
NumPatches:37
-0.649, -0.008, 0.956
-0.658, -0.016, 0.957
-0.666, -0.024, 0.957
-0.674, -0.024, 0.956
-0.682, -0.024, 0.956
-0.672, -0.016, 0.953
-0.667, -0.033, 0.958
-0.658, -0.024, 0.957
-0.649, -0.024, 0.956
-0.642, -0.033, 0.957
-0.652, -0.041, 0.960
-0.660, -0.041, 0.960
-0.669, -0.041, 0.960
-0.651, -0.033, 0.958
-0.652, -0.049, 0.961
-0.643, -0.049, 0.960
-0.653, -0.058, 0.962
-0.664, -0.067, 0.966
-0.673, -0.067, 0.967
-0.684, -0.075, 0.970
-0.682, -0.067, 0.967
-0.679, -0.058, 0.963
-0.672, -0.058, 0.965
-0.674, -0.084, 0.968
-0.684, -0.084, 0.970
-0.665, -0.083, 0.968
-0.654, -0.075, 0.964
-0.654, -0.066, 0.963
-0.645, -0.058, 0.962
-0.646, -0.066, 0.963
-0.645, -0.075, 0.962
-0.657, -0.083, 0.967
-0.649, -0.092, 0.968
-0.659, -0.101, 0.971
-0.658, -0.092, 0.969
-0.650, -0.101, 0.970
-0.634, -0.033, 0.958
RegionID:12
Center:-0.478,-0.033,0.960
Normal:-0.011,-0.214,-0.977
NumPatches:34
-0.503, 0.009, 0.947
-0.515, 0.001, 0.953
-0.513, 0.009, 0.950
-0.511, 0.017, 0.947
-0.503, 0.017, 0.946
-0.508, -0.008, 0.956
-0.501, -0.016, 0.959
-0.509, -0.016, 0.958
-0.494, -0.024, 0.961
-0.483, -0.016, 0.957
-0.475, -0.016, 0.957
-0.484, -0.024, 0.958
-0.494, -0.033, 0.962
-0.495, -0.041, 0.963
-0.487, -0.050, 0.965
-0.496, -0.050, 0.965
-0.488, -0.058, 0.965
-0.479, -0.058, 0.966
-0.471, -0.067, 0.966
-0.481, -0.075, 0.969
-0.480, -0.067, 0.966
-0.462, -0.058, 0.965
-0.460, -0.049, 0.961
-0.452, -0.041, 0.960
-0.451, -0.033, 0.960
-0.459, -0.024, 0.959
-0.467, -0.016, 0.958
-0.467, -0.008, 0.957
-0.459, -0.016, 0.958
-0.451, -0.024, 0.958
-0.444, -0.033, 0.963
-0.452, -0.050, 0.962
-0.455, -0.067, 0.968
-0.463, -0.067, 0.966
RegionID:13
Center:-0.488,0.256,0.895
Normal:-0.012,-0.250,-0.968
NumPatches:49
-0.550, 0.236, 0.902
-0.557, 0.236, 0.902
-0.557, 0.244, 0.901
-0.548, 0.251, 0.899
-0.537, 0.257, 0.894
-0.538, 0.265, 0.895
-0.530, 0.265, 0.894
-0.529, 0.257, 0.893
-0.539, 0.250, 0.897
-0.549, 0.244, 0.901
-0.542, 0.244, 0.901
-0.531, 0.250, 0.896
-0.523, 0.250, 0.896
-0.533, 0.243, 0.900
-0.524, 0.243, 0.898
-0.515, 0.250, 0.896
-0.506, 0.250, 0.895
-0.516, 0.243, 0.898
-0.507, 0.242, 0.897
-0.499, 0.250, 0.895
-0.493, 0.243, 0.899
-0.500, 0.243, 0.897
-0.484, 0.250, 0.897
-0.475, 0.257, 0.894
-0.469, 0.251, 0.898
-0.478, 0.243, 0.899
-0.487, 0.236, 0.902
-0.470, 0.243, 0.900
-0.461, 0.251, 0.898
-0.460, 0.257, 0.895
-0.450, 0.264, 0.892
-0.458, 0.272, 0.891
-0.449, 0.279, 0.889
-0.457, 0.287, 0.889
-0.464, 0.286, 0.888
-0.456, 0.294, 0.887
-0.448, 0.286, 0.888
-0.440, 0.286, 0.887
-0.441, 0.271, 0.889
-0.449, 0.272, 0.890
-0.442, 0.264, 0.890
-0.452, 0.257, 0.894
-0.444, 0.257, 0.895
-0.453, 0.250, 0.897
-0.462, 0.243, 0.900
-0.446, 0.251, 0.898
-0.436, 0.257, 0.894
-0.434, 0.264, 0.890
-0.429, 0.258, 0.895
RegionID:14
Center:0.481,0.284,0.921
Normal:0.074,-0.170,-0.983
NumPatches:29
0.444, 0.326, 0.912
0.451, 0.318, 0.911
0.462, 0.312, 0.917
0.453, 0.311, 0.915
0.445, 0.303, 0.915
0.453, 0.295, 0.916
0.462, 0.288, 0.917
0.455, 0.280, 0.919
0.447, 0.281, 0.919
0.454, 0.288, 0.917
0.473, 0.281, 0.922
0.480, 0.273, 0.922
0.473, 0.266, 0.923
0.465, 0.265, 0.922
0.459, 0.259, 0.928
0.482, 0.266, 0.924
0.488, 0.273, 0.922
0.495, 0.281, 0.920
0.504, 0.289, 0.922
0.514, 0.290, 0.924
0.505, 0.282, 0.923
0.506, 0.274, 0.924
0.498, 0.266, 0.924
0.490, 0.266, 0.925
0.507, 0.266, 0.926
0.508, 0.259, 0.929
0.521, 0.290, 0.924
0.530, 0.290, 0.924
0.522, 0.282, 0.925
RegionID:15
Center:-0.235,0.393,0.873
Normal:0.045,-0.175,-0.984
NumPatches:22
-0.237, 0.382, 0.878
-0.243, 0.388, 0.872
-0.250, 0.394, 0.870
-0.259, 0.388, 0.873
-0.267, 0.381, 0.874
-0.266, 0.388, 0.873
-0.259, 0.373, 0.874
-0.267, 0.374, 0.875
-0.243, 0.402, 0.870
-0.235, 0.410, 0.871
-0.228, 0.410, 0.872
-0.221, 0.403, 0.873
-0.228, 0.403, 0.872
-0.236, 0.396, 0.873
-0.236, 0.389, 0.875
-0.230, 0.383, 0.878
-0.221, 0.396, 0.875
-0.213, 0.403, 0.872
-0.205, 0.403, 0.872
-0.213, 0.395, 0.872
-0.205, 0.395, 0.872
-0.214, 0.388, 0.874
