NumRegions:15
RegionID:0
Center:0.072,-0.376,0.907
Normal:-0.034,-0.009,-0.999
NumPatches:231
-0.072, -0.460, 0.914
-0.080, -0.467, 0.912
-0.088, -0.476, 0.912
-0.096, -0.477, 0.914
-0.104, -0.477, 0.915
-0.104, -0.469, 0.914
-0.104, -0.460, 0.913
-0.104, -0.451, 0.912
-0.104, -0.444, 0.912
-0.104, -0.436, 0.913
-0.104, -0.428, 0.913
-0.104, -0.420, 0.913
-0.104, -0.412, 0.912
-0.104, -0.404, 0.913
-0.104, -0.397, 0.914
-0.104, -0.389, 0.914
-0.104, -0.381, 0.913
-0.104, -0.373, 0.913
-0.104, -0.365, 0.913
-0.104, -0.357, 0.913
-0.104, -0.349, 0.912
-0.104, -0.341, 0.912
-0.104, -0.332, 0.912
-0.104, -0.324, 0.912
-0.104, -0.316, 0.911
-0.104, -0.308, 0.911
-0.104, -0.300, 0.910
-0.104, -0.292, 0.910
-0.104, -0.285, 0.912
-0.096, -0.277, 0.911
-0.088, -0.277, 0.912
-0.096, -0.285, 0.911
-0.080, -0.277, 0.912
-0.072, -0.276, 0.909
-0.064, -0.276, 0.908
-0.056, -0.276, 0.908
-0.048, -0.276, 0.908
-0.040, -0.276, 0.907
-0.032, -0.276, 0.907
-0.024, -0.276, 0.908
-0.016, -0.276, 0.909
-0.009, -0.284, 0.909
-0.016, -0.284, 0.908
-0.001, -0.284, 0.909
0.007, -0.276, 0.907
0.015, -0.276, 0.908
0.007, -0.284, 0.908
0.023, -0.276, 0.907
0.031, -0.276, 0.907
0.039, -0.276, 0.907
0.047, -0.275, 0.906
0.047, -0.283, 0.904
0.047, -0.290, 0.904
0.047, -0.299, 0.906
0.047, -0.307, 0.908
0.047, -0.315, 0.907
0.047, -0.323, 0.906
0.047, -0.330, 0.906
0.055, -0.339, 0.908
0.047, -0.347, 0.907
0.047, -0.339, 0.907
0.055, -0.347, 0.907
0.047, -0.354, 0.907
0.047, -0.362, 0.907
0.047, -0.370, 0.906
0.054, -0.378, 0.906
0.047, -0.378, 0.907
0.062, -0.378, 0.907
0.071, -0.371, 0.910
0.071, -0.364, 0.910
0.071, -0.356, 0.910
0.063, -0.347, 0.909
0.063, -0.339, 0.909
0.071, -0.348, 0.910
0.078, -0.339, 0.907
0.078, -0.331, 0.907
0.078, -0.322, 0.906
0.078, -0.315, 0.906
0.078, -0.307, 0.907
0.078, -0.299, 0.906
0.078, -0.291, 0.907
0.078, -0.283, 0.907
0.086, -0.283, 0.906
0.094, -0.283, 0.904
0.102, -0.275, 0.904
0.109, -0.275, 0.904
0.102, -0.282, 0.904
0.117, -0.275, 0.904
0.125, -0.274, 0.903
0.133, -0.274, 0.903
0.141, -0.274, 0.903
0.149, -0.274, 0.903
0.156, -0.274, 0.903
0.164, -0.274, 0.903
0.172, -0.274, 0.902
0.180, -0.274, 0.902
0.188, -0.274, 0.903
0.196, -0.274, 0.903
0.203, -0.274, 0.903
0.211, -0.282, 0.902
0.203, -0.282, 0.903
0.219, -0.281, 0.900
0.226, -0.281, 0.900
0.234, -0.281, 0.901
0.242, -0.273, 0.900
0.242, -0.281, 0.900
0.242, -0.289, 0.900
0.242, -0.297, 0.901
0.250, -0.305, 0.901
0.242, -0.305, 0.900
0.250, -0.313, 0.901
0.250, -0.320, 0.900
0.250, -0.328, 0.900
0.242, -0.336, 0.900
0.250, -0.336, 0.900
0.242, -0.344, 0.901
0.242, -0.352, 0.900
0.242, -0.359, 0.900
0.242, -0.368, 0.901
0.250, -0.376, 0.902
0.242, -0.376, 0.902
0.250, -0.384, 0.901
0.250, -0.392, 0.902
0.250, -0.400, 0.902
0.242, -0.407, 0.901
0.235, -0.415, 0.902
0.227, -0.424, 0.904
0.219, -0.431, 0.901
0.211, -0.431, 0.902
0.211, -0.424, 0.903
0.211, -0.416, 0.904
0.219, -0.408, 0.902
0.227, -0.407, 0.901
0.219, -0.416, 0.904
0.234, -0.407, 0.901
0.242, -0.414, 0.900
0.235, -0.424, 0.903
0.227, -0.431, 0.903
0.235, -0.432, 0.904
0.243, -0.431, 0.902
0.242, -0.438, 0.901
0.242, -0.446, 0.900
0.242, -0.453, 0.900
0.242, -0.461, 0.900
0.234, -0.469, 0.900
0.227, -0.470, 0.902
0.219, -0.470, 0.902
0.211, -0.470, 0.901
0.203, -0.470, 0.901
0.195, -0.470, 0.902
0.188, -0.471, 0.903
0.180, -0.471, 0.904
0.172, -0.472, 0.905
0.164, -0.471, 0.904
0.156, -0.470, 0.903
0.148, -0.470, 0.902
0.141, -0.471, 0.903
0.133, -0.471, 0.904
0.125, -0.471, 0.904
0.117, -0.472, 0.905
0.110, -0.472, 0.906
0.102, -0.472, 0.906
0.094, -0.473, 0.907
0.086, -0.473, 0.907
0.078, -0.474, 0.909
0.070, -0.474, 0.909
0.063, -0.474, 0.909
0.055, -0.474, 0.910
0.047, -0.466, 0.910
0.039, -0.473, 0.907
0.031, -0.472, 0.905
0.023, -0.472, 0.906
0.015, -0.473, 0.908
0.007, -0.474, 0.909
-0.001, -0.473, 0.908
-0.009, -0.473, 0.908
-0.017, -0.467, 0.911
-0.024, -0.475, 0.911
-0.032, -0.474, 0.910
-0.040, -0.475, 0.911
-0.048, -0.476, 0.913
-0.056, -0.476, 0.914
-0.064, -0.476, 0.914
-0.072, -0.476, 0.912
-0.080, -0.475, 0.911
-0.088, -0.467, 0.912
-0.096, -0.459, 0.911
-0.096, -0.451, 0.911
-0.088, -0.452, 0.913
-0.080, -0.444, 0.912
-0.080, -0.436, 0.912
-0.072, -0.436, 0.913
-0.064, -0.436, 0.913
-0.056, -0.444, 0.913
-0.064, -0.445, 0.914
-0.072, -0.453, 0.915
-0.080, -0.461, 0.914
-0.080, -0.453, 0.915
-0.064, -0.460, 0.912
-0.056, -0.451, 0.912
-0.056, -0.459, 0.911
-0.024, -0.467, 0.911
-0.009, -0.466, 0.910
0.039, -0.465, 0.908
0.047, -0.458, 0.908
0.055, -0.450, 0.908
0.062, -0.450, 0.908
0.055, -0.457, 0.907
0.062, -0.465, 0.907
0.071, -0.458, 0.910
0.070, -0.450, 0.908
0.070, -0.466, 0.909
0.242, -0.469, 0.899
0.250, -0.407, 0.901
0.078, -0.347, 0.908
0.078, -0.378, 0.907
0.071, -0.387, 0.911
0.063, -0.395, 0.909
0.063, -0.387, 0.909
0.070, -0.379, 0.909
0.062, -0.402, 0.907
0.062, -0.409, 0.906
0.070, -0.418, 0.907
0.062, -0.417, 0.907
0.078, -0.409, 0.906
0.078, -0.402, 0.907
0.078, -0.395, 0.909
0.086, -0.386, 0.906
0.086, -0.378, 0.906
0.086, -0.394, 0.908
0.078, -0.417, 0.907
RegionID:1
Center:0.588,-0.408,1.087
Normal:0.172,-0.189,-0.967
NumPatches:29
0.562, -0.393, 1.078
0.553, -0.403, 1.079
0.551, -0.392, 1.075
0.550, -0.382, 1.073
0.550, -0.373, 1.074
0.562, -0.384, 1.078
0.573, -0.385, 1.082
0.584, -0.386, 1.084
0.594, -0.387, 1.086
0.604, -0.387, 1.086
0.595, -0.396, 1.087
0.605, -0.397, 1.089
0.613, -0.386, 1.086
0.629, -0.400, 1.097
0.638, -0.410, 1.097
0.628, -0.419, 1.096
0.639, -0.420, 1.098
0.647, -0.409, 1.096
0.647, -0.399, 1.095
0.639, -0.429, 1.099
0.606, -0.407, 1.090
0.555, -0.414, 1.083
0.566, -0.425, 1.087
0.558, -0.435, 1.088
0.546, -0.433, 1.084
0.556, -0.424, 1.085
0.569, -0.446, 1.093
0.570, -0.456, 1.093
0.570, -0.466, 1.095
RegionID:2
Center:0.074,0.101,0.953
Normal:-0.015,-0.248,-0.969
NumPatches:2844
0.361, -0.371, 1.067
0.352, -0.371, 1.069
0.344, -0.372, 1.070
0.334, -0.362, 1.070
0.343, -0.362, 1.070
0.352, -0.361, 1.067
0.360, -0.361, 1.065
0.370, -0.370, 1.066
0.362, -0.380, 1.069
0.371, -0.381, 1.069
0.379, -0.370, 1.065
0.378, -0.360, 1.062
0.388, -0.351, 1.065
0.388, -0.342, 1.064
0.396, -0.332, 1.062
0.386, -0.321, 1.058
0.375, -0.311, 1.053
0.366, -0.311, 1.054
0.358, -0.312, 1.057
0.348, -0.312, 1.056
0.338, -0.320, 1.052
0.330, -0.331, 1.058
0.329, -0.320, 1.053
0.329, -0.310, 1.052
0.328, -0.301, 1.051
0.328, -0.291, 1.049
0.337, -0.283, 1.051
0.336, -0.272, 1.046
0.325, -0.262, 1.042
0.317, -0.262, 1.043
0.308, -0.263, 1.044
0.299, -0.262, 1.043
0.288, -0.252, 1.039
0.278, -0.242, 1.034
0.269, -0.242, 1.034
0.260, -0.242, 1.035
0.251, -0.243, 1.036
0.243, -0.243, 1.037
0.234, -0.243, 1.037
0.224, -0.243, 1.036
0.216, -0.243, 1.037
0.215, -0.234, 1.036
0.206, -0.224, 1.035
0.197, -0.225, 1.036
0.197, -0.215, 1.035
0.206, -0.215, 1.032
0.214, -0.205, 1.028
0.214, -0.196, 1.027
0.222, -0.187, 1.025
0.222, -0.177, 1.024
0.230, -0.177, 1.023
0.239, -0.177, 1.021
0.231, -0.187, 1.025
0.222, -0.195, 1.025
0.240, -0.196, 1.027
0.250, -0.205, 1.029
0.242, -0.215, 1.033
0.241, -0.205, 1.030
0.251, -0.215, 1.033
0.258, -0.205, 1.027
0.257, -0.195, 1.024
0.257, -0.186, 1.021
0.247, -0.177, 1.020
0.256, -0.177, 1.019
0.265, -0.177, 1.019
0.274, -0.177, 1.019
0.283, -0.177, 1.019
0.292, -0.177, 1.020
0.301, -0.177, 1.020
0.309, -0.176, 1.018
0.318, -0.176, 1.018
0.327, -0.176, 1.017
0.335, -0.167, 1.016
0.344, -0.158, 1.015
0.333, -0.149, 1.011
0.341, -0.140, 1.009
0.340, -0.130, 1.004
0.339, -0.121, 1.003
0.339, -0.113, 1.002
0.338, -0.104, 1.000
0.338, -0.095, 0.998
0.337, -0.086, 0.995
0.335, -0.077, 0.991
0.343, -0.068, 0.990
0.343, -0.059, 0.988
0.351, -0.059, 0.987
0.359, -0.051, 0.985
0.350, -0.042, 0.983
0.340, -0.033, 0.979
0.340, -0.025, 0.979
0.349, -0.033, 0.980
0.357, -0.025, 0.980
0.364, -0.016, 0.976
0.363, -0.008, 0.973
0.363, 0.001, 0.972
0.354, 0.009, 0.970
0.345, 0.009, 0.970
0.353, 0.018, 0.969
0.361, 0.018, 0.968
0.368, 0.026, 0.964
0.368, 0.034, 0.963
0.375, 0.042, 0.961
0.366, 0.051, 0.959
0.365, 0.059, 0.957
0.365, 0.067, 0.955
0.356, 0.075, 0.953
0.347, 0.075, 0.953
0.340, 0.075, 0.954
0.338, 0.083, 0.951
0.337, 0.091, 0.948
0.337, 0.100, 0.948
0.345, 0.108, 0.946
0.344, 0.116, 0.944
0.343, 0.123, 0.941
0.343, 0.131, 0.940
0.333, 0.139, 0.936
0.332, 0.147, 0.934
0.331, 0.155, 0.931
0.338, 0.162, 0.929
0.337, 0.170, 0.926
0.346, 0.178, 0.926
0.337, 0.186, 0.925
0.344, 0.193, 0.923
0.343, 0.201, 0.920
0.352, 0.201, 0.921
0.360, 0.209, 0.922
0.367, 0.209, 0.920
0.360, 0.201, 0.923
0.368, 0.201, 0.921
0.376, 0.201, 0.922
0.368, 0.193, 0.922
0.369, 0.186, 0.925
0.379, 0.178, 0.928
0.371, 0.171, 0.930
0.364, 0.171, 0.931
0.355, 0.170, 0.929
0.347, 0.162, 0.930
0.340, 0.155, 0.933
0.350, 0.147, 0.937
0.342, 0.139, 0.938
0.341, 0.147, 0.936
0.350, 0.139, 0.938
0.358, 0.139, 0.938
0.366, 0.139, 0.938
0.367, 0.132, 0.940
0.360, 0.124, 0.942
0.353, 0.116, 0.947
0.352, 0.124, 0.943
0.362, 0.108, 0.947
0.353, 0.100, 0.947
0.345, 0.099, 0.946
0.362, 0.100, 0.948
0.369, 0.108, 0.945
0.368, 0.116, 0.943
0.368, 0.124, 0.942
0.376, 0.115, 0.942
0.385, 0.115, 0.943
0.393, 0.107, 0.944
0.385, 0.107, 0.945
0.394, 0.099, 0.947
0.403, 0.100, 0.948
0.411, 0.091, 0.947
0.404, 0.083, 0.949
0.397, 0.075, 0.952
0.405, 0.075, 0.953
0.398, 0.067, 0.955
0.408, 0.059, 0.958
0.399, 0.059, 0.957
0.408, 0.051, 0.960
0.416, 0.059, 0.959
0.416, 0.067, 0.958
0.421, 0.075, 0.952
0.412, 0.083, 0.949
0.403, 0.091, 0.948
0.419, 0.091, 0.946
0.426, 0.099, 0.944
0.426, 0.108, 0.945
0.418, 0.116, 0.943
0.426, 0.116, 0.944
0.434, 0.115, 0.943
0.440, 0.123, 0.939
0.449, 0.131, 0.939
0.440, 0.139, 0.938
0.430, 0.147, 0.935
0.430, 0.155, 0.933
0.419, 0.162, 0.929
0.411, 0.162, 0.928
0.404, 0.171, 0.930
0.419, 0.170, 0.928
0.426, 0.178, 0.927
0.425, 0.186, 0.925
0.417, 0.194, 0.925
0.408, 0.201, 0.922
0.400, 0.193, 0.921
0.392, 0.193, 0.922
0.385, 0.185, 0.924
0.386, 0.178, 0.928
0.379, 0.170, 0.929
0.370, 0.178, 0.928
0.380, 0.163, 0.931
0.392, 0.201, 0.922
0.384, 0.209, 0.922
0.374, 0.216, 0.917
0.366, 0.224, 0.916
0.359, 0.224, 0.919
0.351, 0.225, 0.920
0.345, 0.218, 0.923
0.336, 0.217, 0.922
0.335, 0.224, 0.918
0.333, 0.231, 0.915
0.333, 0.239, 0.913
0.332, 0.246, 0.911
0.331, 0.253, 0.908
0.330, 0.261, 0.905
0.330, 0.268, 0.905
0.329, 0.276, 0.903
0.321, 0.283, 0.901
0.313, 0.283, 0.901
0.305, 0.283, 0.900
0.297, 0.283, 0.900
0.289, 0.283, 0.901
0.282, 0.283, 0.902
0.274, 0.283, 0.903
0.266, 0.283, 0.902
0.258, 0.283, 0.902
0.251, 0.284, 0.903
0.243, 0.284, 0.904
0.236, 0.284, 0.906
0.227, 0.284, 0.905
0.219, 0.283, 0.903
0.212, 0.284, 0.904
0.204, 0.291, 0.903
0.196, 0.284, 0.905
0.188, 0.284, 0.905
0.180, 0.284, 0.905
0.172, 0.284, 0.905
0.165, 0.284, 0.905
0.157, 0.284, 0.905
0.149, 0.284, 0.904
0.141, 0.284, 0.904
0.133, 0.284, 0.905
0.125, 0.284, 0.905
0.117, 0.284, 0.904
0.109, 0.284, 0.904
0.102, 0.277, 0.907
0.094, 0.277, 0.908
0.086, 0.270, 0.910
0.079, 0.262, 0.911
0.071, 0.262, 0.911
0.063, 0.270, 0.911
0.055, 0.270, 0.911
0.047, 0.270, 0.911
0.039, 0.270, 0.910
0.031, 0.270, 0.911
0.023, 0.270, 0.911
0.015, 0.270, 0.911
0.007, 0.270, 0.912
-0.001, 0.270, 0.912
-0.009, 0.271, 0.912
-0.017, 0.270, 0.912
-0.024, 0.270, 0.912
-0.032, 0.270, 0.911
-0.040, 0.270, 0.912
-0.048, 0.271, 0.913
-0.056, 0.271, 0.913
-0.064, 0.271, 0.913
-0.072, 0.271, 0.912
-0.080, 0.271, 0.913
-0.088, 0.271, 0.913
-0.096, 0.270, 0.912
-0.104, 0.270, 0.911
-0.112, 0.270, 0.911
-0.120, 0.270, 0.912
-0.128, 0.271, 0.913
-0.136, 0.271, 0.913
-0.144, 0.271, 0.914
-0.151, 0.278, 0.910
-0.159, 0.270, 0.911
-0.167, 0.263, 0.913
-0.176, 0.255, 0.914
-0.168, 0.256, 0.916
-0.177, 0.249, 0.919
-0.169, 0.249, 0.919
-0.177, 0.241, 0.921
-0.185, 0.233, 0.922
-0.194, 0.226, 0.925
-0.201, 0.233, 0.921
-0.209, 0.233, 0.922
-0.218, 0.226, 0.927
-0.226, 0.218, 0.926
-0.234, 0.218, 0.924
-0.242, 0.210, 0.926
-0.251, 0.202, 0.928
-0.259, 0.203, 0.930
-0.268, 0.195, 0.933
-0.268, 0.203, 0.930
-0.261, 0.188, 0.935
-0.270, 0.180, 0.938
-0.278, 0.180, 0.937
-0.286, 0.180, 0.937
-0.294, 0.172, 0.937
-0.304, 0.164, 0.941
-0.303, 0.172, 0.938
-0.302, 0.180, 0.936
-0.302, 0.188, 0.935
-0.310, 0.196, 0.936
-0.318, 0.196, 0.935
-0.326, 0.196, 0.935
-0.335, 0.196, 0.936
-0.341, 0.203, 0.932
-0.349, 0.211, 0.932
-0.358, 0.204, 0.935
-0.367, 0.196, 0.935
-0.377, 0.189, 0.940
-0.386, 0.181, 0.942
-0.394, 0.173, 0.942
-0.403, 0.165, 0.945
-0.412, 0.157, 0.947
-0.421, 0.149, 0.948
-0.429, 0.149, 0.948
-0.437, 0.157, 0.946
-0.436, 0.165, 0.944
-0.442, 0.172, 0.939
-0.431, 0.180, 0.935
-0.439, 0.188, 0.934
-0.439, 0.196, 0.934
-0.447, 0.204, 0.934
-0.454, 0.211, 0.931
-0.463, 0.204, 0.933
-0.473, 0.196, 0.937
-0.480, 0.204, 0.934
-0.478, 0.211, 0.929
-0.484, 0.218, 0.927
-0.497, 0.220, 0.936
-0.477, 0.219, 0.928
-0.469, 0.219, 0.928
-0.461, 0.219, 0.929
-0.453, 0.219, 0.929
-0.462, 0.211, 0.930
-0.472, 0.204, 0.934
-0.446, 0.211, 0.932
-0.438, 0.212, 0.932
-0.431, 0.212, 0.933
-0.422, 0.211, 0.931
-0.431, 0.204, 0.933
-0.423, 0.204, 0.933
-0.413, 0.211, 0.930
-0.413, 0.219, 0.930
-0.405, 0.219, 0.930
-0.397, 0.219, 0.931
-0.405, 0.211, 0.931
-0.399, 0.204, 0.934
-0.405, 0.203, 0.930
-0.415, 0.196, 0.933
-0.416, 0.188, 0.936
-0.410, 0.181, 0.941
-0.419, 0.173, 0.944
-0.428, 0.165, 0.945
-0.420, 0.157, 0.947
-0.429, 0.157, 0.947
-0.412, 0.165, 0.945
-0.402, 0.173, 0.941
-0.395, 0.165, 0.946
-0.404, 0.157, 0.947
-0.413, 0.149, 0.948
-0.405, 0.149, 0.948
-0.414, 0.141, 0.950
-0.406, 0.141, 0.951
-0.415, 0.133, 0.952
-0.424, 0.125, 0.954
-0.429, 0.133, 0.947
-0.415, 0.125, 0.954
-0.407, 0.133, 0.953
-0.398, 0.133, 0.952
-0.390, 0.125, 0.953
-0.391, 0.117, 0.956
-0.402, 0.109, 0.961
-0.410, 0.101, 0.961
-0.418, 0.101, 0.959
-0.426, 0.092, 0.959
-0.437, 0.085, 0.965
-0.446, 0.085, 0.966
-0.454, 0.076, 0.966
-0.462, 0.076, 0.965
-0.461, 0.084, 0.963
-0.460, 0.093, 0.961
-0.452, 0.093, 0.960
-0.453, 0.084, 0.963
-0.447, 0.068, 0.969
-0.438, 0.076, 0.967
-0.428, 0.084, 0.963
-0.429, 0.076, 0.966
-0.422, 0.068, 0.968
-0.429, 0.068, 0.966
-0.440, 0.060, 0.970
-0.433, 0.052, 0.974
-0.443, 0.043, 0.977
-0.434, 0.035, 0.978
-0.444, 0.026, 0.980
-0.436, 0.018, 0.982
-0.446, 0.009, 0.985
-0.454, 0.009, 0.983
-0.462, 0.001, 0.983
-0.472, 0.001, 0.985
-0.482, -0.008, 0.988
-0.491, -0.017, 0.989
-0.502, -0.025, 0.994
-0.493, -0.025, 0.993
-0.484, -0.025, 0.993
-0.474, -0.017, 0.990
-0.475, -0.025, 0.992
-0.468, -0.034, 0.995
-0.477, -0.043, 0.996
-0.476, -0.034, 0.994
-0.469, -0.043, 0.997
-0.461, -0.043, 0.999
-0.452, -0.043, 0.999
-0.442, -0.043, 0.995
-0.454, -0.052, 1.002
-0.454, -0.060, 1.002
-0.463, -0.069, 1.004
-0.455, -0.069, 1.004
-0.456, -0.078, 1.007
-0.433, -0.034, 0.995
-0.442, -0.025, 0.995
-0.433, -0.017, 0.994
-0.425, -0.025, 0.995
-0.415, -0.034, 0.993
-0.425, -0.043, 0.995
-0.434, -0.051, 0.996
-0.433, -0.043, 0.995
-0.425, -0.051, 0.996
-0.416, -0.043, 0.994
-0.406, -0.034, 0.991
-0.428, -0.060, 1.003
-0.420, -0.069, 1.005
-0.411, -0.069, 1.004
-0.491, 0.001, 0.989
-0.500, 0.001, 0.990
-0.506, 0.009, 0.985
-0.517, 0.001, 0.989
-0.526, 0.001, 0.991
-0.537, -0.008, 0.995
-0.547, -0.017, 0.997
-0.555, -0.025, 0.997
-0.564, -0.017, 0.997
-0.572, -0.008, 0.995
-0.582, -0.017, 0.998
-0.589, -0.008, 0.995
-0.596, 0.001, 0.993
-0.595, 0.009, 0.991
-0.588, 0.001, 0.993
-0.579, 0.001, 0.992
-0.570, 0.001, 0.992
-0.581, -0.008, 0.995
-0.561, 0.009, 0.991
-0.562, 0.001, 0.993
-0.556, -0.008, 0.997
-0.564, -0.008, 0.996
-0.556, -0.017, 0.997
-0.548, -0.025, 0.998
-0.538, -0.017, 0.996
-0.539, -0.025, 0.997
-0.549, -0.034, 1.001
-0.557, -0.043, 1.000
-0.549, -0.052, 1.001
-0.558, -0.052, 1.002
-0.539, -0.034, 0.999
-0.525, 0.009, 0.988
-0.523, 0.018, 0.984
-0.512, 0.026, 0.980
-0.503, 0.026, 0.979
-0.513, 0.018, 0.982
-0.504, 0.018, 0.981
-0.515, 0.009, 0.985
-0.498, 0.009, 0.986
-0.490, 0.009, 0.987
-0.482, 0.001, 0.988
-0.462, 0.009, 0.982
-0.428, 0.018, 0.982
-0.419, 0.018, 0.981
-0.428, 0.009, 0.983
-0.420, 0.001, 0.984
-0.429, 0.001, 0.986
-0.411, 0.001, 0.983
-0.403, 0.001, 0.984
-0.395, 0.001, 0.985
-0.385, 0.009, 0.983
-0.385, 0.018, 0.981
-0.384, 0.026, 0.979
-0.375, 0.035, 0.979
-0.374, 0.043, 0.976
-0.373, 0.051, 0.972
-0.381, 0.060, 0.971
-0.390, 0.060, 0.972
-0.398, 0.060, 0.973
-0.407, 0.051, 0.973
-0.415, 0.051, 0.973
-0.425, 0.043, 0.976
-0.424, 0.052, 0.974
-0.423, 0.060, 0.972
-0.414, 0.068, 0.969
-0.413, 0.076, 0.967
-0.412, 0.085, 0.965
-0.411, 0.093, 0.962
-0.402, 0.101, 0.962
-0.409, 0.109, 0.959
-0.417, 0.109, 0.958
-0.426, 0.101, 0.960
-0.416, 0.117, 0.956
-0.408, 0.117, 0.955
-0.393, 0.109, 0.960
-0.385, 0.109, 0.960
-0.394, 0.101, 0.962
-0.385, 0.101, 0.960
-0.376, 0.101, 0.960
-0.368, 0.109, 0.959
-0.359, 0.109, 0.957
-0.368, 0.101, 0.960
-0.360, 0.101, 0.960
-0.368, 0.093, 0.961
-0.360, 0.093, 0.961
-0.351, 0.101, 0.959
-0.350, 0.109, 0.956
-0.350, 0.117, 0.956
-0.350, 0.125, 0.955
-0.341, 0.125, 0.955
-0.331, 0.133, 0.950
-0.322, 0.141, 0.948
-0.330, 0.149, 0.946
-0.320, 0.156, 0.942
-0.321, 0.149, 0.946
-0.323, 0.133, 0.951
-0.324, 0.125, 0.954
-0.342, 0.109, 0.956
-0.404, 0.085, 0.965
-0.407, 0.060, 0.973
-0.415, 0.060, 0.972
-0.397, 0.068, 0.969
-0.408, 0.043, 0.975
-0.409, 0.035, 0.978
-0.410, 0.026, 0.980
-0.410, 0.018, 0.981
-0.380, 0.068, 0.969
-0.372, 0.068, 0.969
-0.364, 0.060, 0.970
-0.372, 0.060, 0.971
-0.365, 0.051, 0.973
-0.355, 0.060, 0.970
-0.346, 0.068, 0.969
-0.345, 0.076, 0.964
-0.336, 0.076, 0.964
-0.328, 0.076, 0.965
-0.319, 0.076, 0.964
-0.310, 0.084, 0.962
-0.310, 0.093, 0.961
-0.301, 0.093, 0.960
-0.293, 0.093, 0.961
-0.284, 0.101, 0.959
-0.284, 0.109, 0.958
-0.283, 0.117, 0.954
-0.290, 0.125, 0.952
-0.290, 0.133, 0.950
-0.289, 0.141, 0.949
-0.289, 0.149, 0.948
-0.297, 0.157, 0.947
-0.305, 0.157, 0.947
-0.295, 0.164, 0.941
-0.281, 0.141, 0.948
-0.273, 0.141, 0.948
-0.264, 0.141, 0.946
-0.255, 0.149, 0.944
-0.255, 0.157, 0.944
-0.255, 0.165, 0.943
-0.262, 0.172, 0.939
-0.262, 0.180, 0.938
-0.269, 0.188, 0.935
-0.253, 0.180, 0.937
-0.245, 0.180, 0.938
-0.255, 0.173, 0.942
-0.237, 0.180, 0.937
-0.230, 0.173, 0.941
-0.238, 0.173, 0.941
-0.221, 0.172, 0.939
-0.212, 0.180, 0.935
-0.204, 0.188, 0.934
-0.212, 0.196, 0.934
-0.203, 0.203, 0.932
-0.211, 0.211, 0.929
-0.219, 0.211, 0.929
-0.227, 0.210, 0.928
-0.235, 0.203, 0.929
-0.243, 0.202, 0.927
-0.202, 0.211, 0.928
-0.195, 0.203, 0.931
-0.204, 0.196, 0.933
-0.195, 0.195, 0.932
-0.187, 0.203, 0.930
-0.186, 0.210, 0.926
-0.186, 0.218, 0.924
-0.185, 0.226, 0.924
-0.193, 0.233, 0.922
-0.177, 0.233, 0.922
-0.169, 0.241, 0.921
-0.169, 0.233, 0.923
-0.177, 0.226, 0.923
-0.169, 0.225, 0.923
-0.169, 0.218, 0.924
-0.179, 0.195, 0.930
-0.187, 0.195, 0.931
-0.195, 0.187, 0.931
-0.204, 0.180, 0.936
-0.196, 0.172, 0.938
-0.205, 0.172, 0.940
-0.214, 0.165, 0.942
-0.223, 0.157, 0.945
-0.231, 0.157, 0.945
-0.239, 0.149, 0.946
-0.239, 0.157, 0.944
-0.231, 0.140, 0.945
-0.239, 0.141, 0.947
-0.231, 0.132, 0.947
-0.223, 0.133, 0.949
-0.215, 0.141, 0.946
-0.214, 0.148, 0.943
-0.214, 0.157, 0.943
-0.222, 0.165, 0.943
-0.205, 0.156, 0.941
-0.197, 0.164, 0.938
-0.188, 0.172, 0.937
-0.187, 0.179, 0.934
-0.179, 0.187, 0.933
-0.171, 0.195, 0.932
-0.171, 0.188, 0.934
-0.179, 0.179, 0.934
-0.172, 0.180, 0.935
-0.172, 0.172, 0.937
-0.172, 0.164, 0.939
-0.173, 0.156, 0.941
-0.173, 0.148, 0.942
-0.173, 0.140, 0.944
-0.174, 0.132, 0.947
-0.174, 0.125, 0.950
-0.175, 0.117, 0.952
-0.183, 0.109, 0.955
-0.192, 0.109, 0.956
-0.201, 0.101, 0.959
-0.192, 0.092, 0.958
-0.201, 0.084, 0.960
-0.209, 0.084, 0.960
-0.219, 0.076, 0.964
-0.227, 0.068, 0.964
-0.227, 0.076, 0.962
-0.234, 0.084, 0.960
-0.243, 0.076, 0.963
-0.253, 0.068, 0.965
-0.261, 0.068, 0.966
-0.270, 0.060, 0.968
-0.279, 0.060, 0.969
-0.288, 0.060, 0.971
-0.296, 0.051, 0.972
-0.305, 0.051, 0.971
-0.315, 0.043, 0.975
-0.323, 0.035, 0.977
-0.323, 0.043, 0.976
-0.315, 0.035, 0.976
-0.305, 0.035, 0.972
-0.315, 0.026, 0.977
-0.308, 0.018, 0.980
-0.297, 0.026, 0.973
-0.296, 0.034, 0.971
-0.296, 0.043, 0.971
-0.289, 0.026, 0.975
-0.281, 0.026, 0.977
-0.273, 0.018, 0.980
-0.282, 0.018, 0.979
-0.274, 0.009, 0.982
-0.283, 0.001, 0.982
-0.292, -0.008, 0.984
-0.301, -0.016, 0.986
-0.311, -0.025, 0.992
-0.321, -0.034, 0.994
-0.320, -0.025, 0.993
-0.310, -0.016, 0.987
-0.317, -0.008, 0.984
-0.326, -0.008, 0.983
-0.309, 0.001, 0.984
-0.308, 0.009, 0.983
-0.300, 0.001, 0.985
-0.309, -0.008, 0.985
-0.301, -0.008, 0.985
-0.292, -0.016, 0.985
-0.301, -0.025, 0.988
-0.293, -0.034, 0.988
-0.305, -0.043, 0.999
-0.284, -0.025, 0.986
-0.284, -0.016, 0.985
-0.283, -0.008, 0.984
-0.274, 0.001, 0.982
-0.276, -0.034, 0.991
-0.285, -0.034, 0.989
-0.278, -0.043, 0.995
-0.269, -0.043, 0.995
-0.260, -0.043, 0.994
-0.270, -0.051, 0.998
-0.261, -0.051, 0.997
-0.251, -0.042, 0.993
-0.243, -0.043, 0.994
-0.243, -0.051, 0.997
-0.252, -0.060, 0.997
-0.261, -0.069, 0.998
-0.271, -0.078, 1.004
-0.263, -0.087, 1.006
-0.273, -0.096, 1.008
-0.282, -0.105, 1.012
-0.291, -0.114, 1.013
-0.291, -0.105, 1.011
-0.300, -0.096, 1.011
-0.309, -0.105, 1.013
-0.318, -0.105, 1.012
-0.308, -0.096, 1.010
-0.316, -0.087, 1.006
-0.306, -0.078, 1.003
-0.305, -0.069, 1.000
-0.305, -0.060, 0.999
-0.299, -0.087, 1.008
-0.307, -0.087, 1.007
-0.291, -0.096, 1.010
-0.282, -0.096, 1.011
-0.272, -0.087, 1.006
-0.264, -0.096, 1.008
-0.254, -0.087, 1.004
-0.253, -0.078, 1.001
-0.244, -0.069, 0.998
-0.243, -0.060, 0.997
-0.235, -0.060, 0.996
-0.226, -0.060, 0.997
-0.235, -0.069, 0.999
-0.244, -0.078, 1.001
-0.236, -0.078, 1.002
-0.245, -0.087, 1.003
-0.236, -0.087, 1.003
-0.217, -0.051, 0.993
-0.208, -0.051, 0.994
-0.218, -0.060, 0.997
-0.200, -0.051, 0.994
-0.191, -0.051, 0.994
-0.182, -0.042, 0.992
-0.182, -0.034, 0.990
-0.189, -0.025, 0.986
-0.197, -0.016, 0.983
-0.197, -0.008, 0.981
-0.197, 0.001, 0.980
-0.188, 0.001, 0.980
-0.179, 0.001, 0.978
-0.170, 0.009, 0.976
-0.170, 0.018, 0.976
-0.170, 0.026, 0.974
-0.170, 0.034, 0.972
-0.169, 0.043, 0.970
-0.177, 0.051, 0.968
-0.186, 0.043, 0.970
-0.195, 0.043, 0.970
-0.203, 0.043, 0.968
-0.212, 0.034, 0.970
-0.221, 0.026, 0.976
-0.230, 0.018, 0.977
-0.239, 0.018, 0.977
-0.247, 0.018, 0.977
-0.247, 0.026, 0.975
-0.246, 0.035, 0.974
-0.238, 0.043, 0.973
-0.228, 0.051, 0.970
-0.228, 0.060, 0.967
-0.220, 0.060, 0.968
-0.211, 0.068, 0.967
-0.201, 0.076, 0.960
-0.193, 0.084, 0.960
-0.201, 0.092, 0.959
-0.184, 0.092, 0.958
-0.183, 0.100, 0.955
-0.175, 0.108, 0.953
-0.175, 0.100, 0.954
-0.175, 0.092, 0.957
-0.184, 0.084, 0.960
-0.176, 0.084, 0.958
-0.185, 0.076, 0.961
-0.193, 0.068, 0.960
-0.185, 0.068, 0.962
-0.176, 0.076, 0.959
-0.168, 0.068, 0.960
-0.177, 0.059, 0.965
-0.186, 0.051, 0.968
-0.185, 0.059, 0.965
-0.176, 0.068, 0.961
-0.169, 0.051, 0.968
-0.211, 0.060, 0.969
-0.220, 0.051, 0.970
-0.229, 0.043, 0.972
-0.238, 0.035, 0.976
-0.220, 0.034, 0.971
-0.211, 0.043, 0.968
-0.211, 0.051, 0.970
-0.202, 0.051, 0.966
-0.222, 0.018, 0.977
-0.171, 0.001, 0.978
-0.180, -0.008, 0.980
-0.189, -0.016, 0.983
-0.181, -0.025, 0.987
-0.172, -0.016, 0.984
-0.171, -0.008, 0.980
-0.172, -0.025, 0.987
-0.173, -0.034, 0.989
-0.173, -0.051, 0.993
-0.182, -0.051, 0.993
-0.191, -0.060, 0.995
-0.183, -0.069, 0.997
-0.192, -0.078, 1.002
-0.202, -0.087, 1.004
-0.201, -0.078, 1.003
-0.191, -0.069, 0.997
-0.183, -0.078, 1.001
-0.174, -0.069, 0.996
-0.173, -0.060, 0.993
-0.175, -0.087, 1.003
-0.202, -0.095, 1.005
-0.211, -0.104, 1.007
-0.221, -0.114, 1.011
-0.230, -0.114, 1.012
-0.239, -0.123, 1.015
-0.248, -0.123, 1.016
-0.257, -0.123, 1.016
-0.266, -0.132, 1.017
-0.275, -0.132, 1.017
-0.283, -0.123, 1.015
-0.293, -0.132, 1.018
-0.302, -0.141, 1.020
-0.311, -0.150, 1.020
-0.321, -0.160, 1.024
-0.320, -0.141, 1.019
-0.329, -0.141, 1.020
-0.338, -0.141, 1.022
-0.348, -0.151, 1.023
-0.338, -0.132, 1.020
-0.346, -0.123, 1.017
-0.353, -0.114, 1.013
-0.363, -0.114, 1.015
-0.372, -0.114, 1.016
-0.381, -0.123, 1.018
-0.390, -0.123, 1.018
-0.400, -0.133, 1.021
-0.408, -0.123, 1.018
-0.407, -0.114, 1.016
-0.399, -0.123, 1.018
-0.390, -0.114, 1.018
-0.381, -0.105, 1.016
-0.380, -0.096, 1.014
-0.371, -0.096, 1.014
-0.362, -0.096, 1.013
-0.352, -0.087, 1.008
-0.350, -0.078, 1.004
-0.349, -0.069, 1.002
-0.358, -0.060, 1.002
-0.366, -0.052, 1.001
-0.357, -0.043, 1.000
-0.365, -0.034, 0.997
-0.372, -0.025, 0.993
-0.380, -0.025, 0.991
-0.388, -0.025, 0.991
-0.396, -0.017, 0.989
-0.387, -0.008, 0.988
-0.386, 0.001, 0.986
-0.378, 0.001, 0.986
-0.379, -0.008, 0.988
-0.388, -0.017, 0.989
-0.379, -0.017, 0.989
-0.371, -0.017, 0.989
-0.363, -0.025, 0.993
-0.355, -0.034, 0.995
-0.346, -0.025, 0.992
-0.346, -0.017, 0.991
-0.344, -0.008, 0.986
-0.337, -0.034, 0.991
-0.349, -0.043, 1.000
-0.346, -0.034, 0.992
-0.339, -0.051, 0.997
-0.349, -0.060, 1.001
-0.349, -0.051, 1.000
-0.339, -0.060, 0.998
-0.341, -0.069, 1.002
-0.344, -0.096, 1.013
-0.353, -0.105, 1.012
-0.353, -0.096, 1.012
-0.344, -0.114, 1.014
-0.337, -0.114, 1.016
-0.329, -0.123, 1.019
-0.338, -0.123, 1.019
-0.319, -0.123, 1.017
-0.309, -0.114, 1.013
-0.310, -0.123, 1.016
-0.302, -0.132, 1.019
-0.311, -0.141, 1.019
-0.302, -0.150, 1.020
-0.292, -0.123, 1.016
-0.381, -0.114, 1.017
-0.392, -0.142, 1.023
-0.402, -0.151, 1.026
-0.413, -0.161, 1.030
-0.421, -0.169, 1.029
-0.432, -0.179, 1.034
-0.442, -0.179, 1.035
-0.453, -0.189, 1.041
-0.462, -0.189, 1.040
-0.472, -0.199, 1.041
-0.481, -0.208, 1.041
-0.481, -0.199, 1.042
-0.470, -0.189, 1.039
-0.460, -0.179, 1.035
-0.450, -0.170, 1.033
-0.451, -0.180, 1.036
-0.471, -0.208, 1.041
-0.434, -0.189, 1.039
-0.423, -0.179, 1.033
-0.413, -0.170, 1.031
-0.403, -0.160, 1.028
-0.404, -0.170, 1.031
-0.424, -0.189, 1.036
-0.425, -0.198, 1.037
-0.425, -0.207, 1.038
-0.418, -0.217, 1.042
-0.402, -0.142, 1.024
-0.382, -0.132, 1.021
-0.383, -0.142, 1.023
-0.275, -0.114, 1.017
-0.266, -0.114, 1.017
-0.266, -0.123, 1.016
-0.267, -0.141, 1.019
-0.257, -0.141, 1.017
-0.249, -0.141, 1.018
-0.258, -0.150, 1.018
-0.249, -0.150, 1.020
-0.240, -0.141, 1.019
-0.231, -0.132, 1.018
-0.222, -0.123, 1.015
-0.211, -0.113, 1.010
-0.220, -0.104, 1.007
-0.203, -0.105, 1.009
-0.203, -0.123, 1.012
-0.214, -0.132, 1.020
-0.222, -0.132, 1.019
-0.231, -0.141, 1.019
-0.222, -0.150, 1.019
-0.214, -0.141, 1.021
-0.204, -0.132, 1.018
-0.194, -0.123, 1.012
-0.186, -0.123, 1.012
-0.195, -0.132, 1.015
-0.187, -0.141, 1.020
-0.196, -0.141, 1.019
-0.205, -0.150, 1.019
-0.214, -0.159, 1.022
-0.224, -0.169, 1.027
-0.205, -0.159, 1.022
-0.197, -0.160, 1.027
-0.187, -0.151, 1.023
-0.178, -0.141, 1.021
-0.178, -0.132, 1.016
-0.177, -0.123, 1.012
-0.169, -0.141, 1.020
-0.178, -0.150, 1.021
-0.188, -0.160, 1.028
-0.179, -0.159, 1.023
-0.189, -0.170, 1.030
-0.180, -0.169, 1.028
-0.189, -0.179, 1.031
-0.180, -0.188, 1.031
-0.190, -0.197, 1.035
-0.199, -0.207, 1.038
-0.208, -0.216, 1.036
-0.218, -0.225, 1.040
-0.228, -0.236, 1.046
-0.238, -0.236, 1.047
-0.246, -0.226, 1.043
-0.254, -0.235, 1.040
-0.264, -0.244, 1.042
-0.273, -0.254, 1.044
-0.285, -0.266, 1.056
-0.255, -0.244, 1.043
-0.256, -0.254, 1.047
-0.256, -0.264, 1.050
-0.236, -0.217, 1.042
-0.244, -0.207, 1.037
-0.253, -0.207, 1.037
-0.262, -0.197, 1.036
-0.270, -0.188, 1.031
-0.278, -0.179, 1.030
-0.269, -0.178, 1.030
-0.261, -0.188, 1.032
-0.234, -0.196, 1.030
-0.242, -0.187, 1.026
-0.224, -0.187, 1.026
-0.216, -0.196, 1.029
-0.225, -0.196, 1.029
-0.235, -0.207, 1.036
-0.217, -0.206, 1.035
-0.227, -0.226, 1.042
-0.237, -0.226, 1.044
-0.219, -0.235, 1.044
-0.228, -0.245, 1.047
-0.219, -0.245, 1.046
-0.209, -0.235, 1.042
-0.199, -0.225, 1.038
-0.191, -0.216, 1.040
-0.191, -0.207, 1.039
-0.199, -0.197, 1.034
-0.189, -0.188, 1.032
-0.181, -0.197, 1.036
-0.172, -0.206, 1.035
-0.182, -0.216, 1.040
-0.191, -0.226, 1.040
-0.200, -0.235, 1.043
-0.191, -0.235, 1.044
-0.201, -0.245, 1.046
-0.210, -0.254, 1.048
-0.220, -0.264, 1.051
-0.230, -0.275, 1.055
-0.240, -0.285, 1.059
-0.250, -0.294, 1.060
-0.259, -0.294, 1.059
-0.250, -0.304, 1.062
-0.260, -0.314, 1.065
-0.251, -0.314, 1.065
-0.262, -0.325, 1.071
-0.272, -0.336, 1.075
-0.282, -0.346, 1.077
-0.291, -0.346, 1.078
-0.301, -0.356, 1.079
-0.310, -0.346, 1.078
-0.300, -0.336, 1.075
-0.299, -0.326, 1.072
-0.291, -0.336, 1.076
-0.301, -0.346, 1.078
-0.282, -0.336, 1.077
-0.262, -0.336, 1.074
-0.253, -0.335, 1.073
-0.242, -0.324, 1.067
-0.233, -0.315, 1.068
-0.241, -0.305, 1.064
-0.241, -0.294, 1.060
-0.232, -0.305, 1.065
-0.223, -0.305, 1.064
-0.213, -0.294, 1.060
-0.212, -0.284, 1.057
-0.221, -0.274, 1.054
-0.211, -0.264, 1.051
-0.219, -0.254, 1.048
-0.201, -0.255, 1.048
-0.192, -0.246, 1.049
-0.182, -0.235, 1.044
-0.173, -0.235, 1.043
-0.183, -0.246, 1.050
-0.184, -0.255, 1.051
-0.183, -0.264, 1.050
-0.194, -0.276, 1.059
-0.204, -0.285, 1.060
-0.212, -0.275, 1.055
-0.194, -0.294, 1.058
-0.204, -0.304, 1.063
-0.213, -0.314, 1.063
-0.224, -0.325, 1.071
-0.234, -0.335, 1.071
-0.244, -0.345, 1.074
-0.253, -0.345, 1.074
-0.243, -0.334, 1.070
-0.234, -0.345, 1.074
-0.225, -0.345, 1.075
-0.215, -0.335, 1.073
-0.214, -0.325, 1.068
-0.205, -0.324, 1.067
-0.195, -0.314, 1.064
-0.195, -0.304, 1.062
-0.186, -0.314, 1.063
-0.176, -0.304, 1.062
-0.176, -0.294, 1.058
-0.184, -0.284, 1.055
-0.184, -0.275, 1.056
-0.175, -0.284, 1.055
-0.167, -0.294, 1.059
-0.157, -0.283, 1.054
-0.156, -0.274, 1.053
-0.147, -0.264, 1.051
-0.146, -0.254, 1.046
-0.146, -0.245, 1.045
-0.155, -0.235, 1.041
-0.164, -0.234, 1.040
-0.146, -0.235, 1.042
-0.136, -0.225, 1.037
-0.145, -0.215, 1.034
-0.153, -0.215, 1.033
-0.162, -0.215, 1.033
-0.172, -0.215, 1.035
-0.181, -0.207, 1.038
-0.162, -0.206, 1.033
-0.163, -0.197, 1.034
-0.162, -0.187, 1.029
-0.153, -0.188, 1.030
-0.145, -0.188, 1.035
-0.136, -0.197, 1.034
-0.145, -0.198, 1.036
-0.127, -0.197, 1.033
-0.117, -0.187, 1.030
-0.108, -0.187, 1.029
-0.117, -0.197, 1.032
-0.099, -0.188, 1.030
-0.090, -0.187, 1.030
-0.099, -0.197, 1.032
-0.090, -0.197, 1.031
-0.100, -0.206, 1.033
-0.100, -0.216, 1.038
-0.109, -0.225, 1.040
-0.119, -0.235, 1.043
-0.127, -0.225, 1.036
-0.136, -0.215, 1.034
-0.118, -0.225, 1.039
-0.109, -0.235, 1.041
-0.100, -0.225, 1.040
-0.091, -0.235, 1.043
-0.100, -0.244, 1.042
-0.147, -0.274, 1.053
-0.157, -0.294, 1.058
-0.185, -0.322, 1.061
-0.195, -0.333, 1.065
-0.205, -0.343, 1.069
-0.205, -0.334, 1.069
-0.213, -0.304, 1.063
-0.240, -0.275, 1.056
-0.170, -0.159, 1.022
-0.170, -0.169, 1.026
-0.241, -0.159, 1.022
-0.250, -0.160, 1.024
-0.238, -0.114, 1.012
-0.321, -0.043, 0.996
-0.304, 0.060, 0.969
-0.312, 0.068, 0.967
-0.320, 0.060, 0.968
-0.330, 0.060, 0.971
-0.339, 0.051, 0.972
-0.348, 0.043, 0.974
-0.358, 0.043, 0.978
-0.368, 0.035, 0.982
-0.376, 0.026, 0.981
-0.368, 0.026, 0.982
-0.359, 0.026, 0.981
-0.349, 0.035, 0.978
-0.339, 0.043, 0.973
-0.340, 0.035, 0.975
-0.350, 0.026, 0.980
-0.359, 0.018, 0.981
-0.351, 0.018, 0.982
-0.342, 0.018, 0.980
-0.351, 0.009, 0.983
-0.342, 0.009, 0.982
-0.356, 0.051, 0.972
-0.347, 0.060, 0.970
-0.338, 0.060, 0.970
-0.320, 0.068, 0.966
-0.311, 0.076, 0.964
-0.304, 0.068, 0.968
-0.287, 0.068, 0.969
-0.286, 0.076, 0.965
-0.285, 0.084, 0.962
-0.285, 0.093, 0.960
-0.276, 0.101, 0.958
-0.275, 0.109, 0.956
-0.274, 0.117, 0.953
-0.282, 0.125, 0.952
-0.266, 0.117, 0.952
-0.257, 0.116, 0.951
-0.249, 0.116, 0.951
-0.241, 0.117, 0.952
-0.242, 0.109, 0.956
-0.234, 0.101, 0.960
-0.242, 0.101, 0.957
-0.235, 0.093, 0.960
-0.243, 0.084, 0.960
-0.252, 0.076, 0.964
-0.260, 0.084, 0.963
-0.226, 0.101, 0.961
-0.225, 0.109, 0.955
-0.216, 0.117, 0.952
-0.208, 0.117, 0.953
-0.216, 0.108, 0.953
-0.200, 0.117, 0.953
-0.191, 0.117, 0.953
-0.226, 0.084, 0.959
-0.218, 0.084, 0.960
-0.277, 0.076, 0.963
-0.270, 0.068, 0.966
-0.197, 0.156, 0.939
-0.215, 0.133, 0.948
-0.255, 0.140, 0.945
-0.386, 0.173, 0.942
-0.377, 0.181, 0.942
-0.385, 0.189, 0.940
-0.393, 0.189, 0.940
-0.399, 0.196, 0.935
-0.391, 0.204, 0.936
-0.390, 0.212, 0.933
-0.389, 0.219, 0.931
-0.380, 0.227, 0.929
-0.379, 0.234, 0.927
-0.379, 0.242, 0.925
-0.386, 0.249, 0.922
-0.393, 0.249, 0.921
-0.400, 0.256, 0.918
-0.411, 0.250, 0.925
-0.399, 0.264, 0.916
-0.398, 0.271, 0.915
-0.406, 0.279, 0.914
-0.414, 0.279, 0.914
-0.422, 0.279, 0.914
-0.430, 0.279, 0.915
-0.440, 0.272, 0.918
-0.447, 0.280, 0.917
-0.456, 0.281, 0.919
-0.439, 0.280, 0.916
-0.441, 0.265, 0.920
-0.450, 0.257, 0.922
-0.456, 0.249, 0.919
-0.449, 0.249, 0.921
-0.457, 0.241, 0.921
-0.468, 0.234, 0.927
-0.441, 0.257, 0.921
-0.414, 0.287, 0.913
-0.405, 0.294, 0.912
-0.412, 0.302, 0.910
-0.418, 0.308, 0.905
-0.405, 0.286, 0.912
-0.390, 0.271, 0.915
-0.383, 0.279, 0.915
-0.391, 0.263, 0.915
-0.384, 0.256, 0.919
-0.392, 0.256, 0.918
-0.377, 0.257, 0.921
-0.371, 0.250, 0.925
-0.378, 0.250, 0.923
-0.361, 0.257, 0.921
-0.353, 0.265, 0.920
-0.353, 0.257, 0.921
-0.362, 0.250, 0.924
-0.354, 0.249, 0.922
-0.354, 0.242, 0.924
-0.347, 0.234, 0.925
-0.355, 0.234, 0.926
-0.347, 0.226, 0.926
-0.339, 0.218, 0.925
-0.348, 0.219, 0.928
-0.358, 0.212, 0.933
-0.365, 0.211, 0.932
-0.373, 0.219, 0.931
-0.381, 0.211, 0.931
-0.381, 0.219, 0.931
-0.365, 0.219, 0.931
-0.331, 0.218, 0.926
-0.323, 0.218, 0.927
-0.332, 0.211, 0.929
-0.333, 0.204, 0.933
-0.315, 0.219, 0.928
-0.306, 0.226, 0.925
-0.298, 0.234, 0.923
-0.290, 0.241, 0.923
-0.289, 0.249, 0.921
-0.288, 0.256, 0.918
-0.295, 0.264, 0.916
-0.302, 0.270, 0.911
-0.310, 0.279, 0.913
-0.310, 0.286, 0.912
-0.301, 0.285, 0.909
-0.294, 0.286, 0.910
-0.287, 0.271, 0.914
-0.279, 0.264, 0.916
-0.272, 0.264, 0.917
-0.280, 0.256, 0.917
-0.272, 0.256, 0.918
-0.281, 0.249, 0.921
-0.282, 0.242, 0.923
-0.290, 0.234, 0.925
-0.298, 0.226, 0.924
-0.307, 0.218, 0.926
-0.282, 0.234, 0.925
-0.275, 0.226, 0.927
-0.283, 0.226, 0.926
-0.275, 0.219, 0.928
-0.267, 0.218, 0.927
-0.259, 0.226, 0.927
-0.249, 0.233, 0.921
-0.241, 0.241, 0.922
-0.241, 0.249, 0.922
-0.241, 0.257, 0.920
-0.248, 0.264, 0.916
-0.256, 0.272, 0.916
-0.263, 0.272, 0.916
-0.263, 0.279, 0.914
-0.254, 0.285, 0.910
-0.253, 0.292, 0.906
-0.252, 0.300, 0.904
-0.260, 0.307, 0.904
-0.268, 0.307, 0.903
-0.275, 0.307, 0.902
-0.283, 0.307, 0.903
-0.283, 0.314, 0.902
-0.275, 0.314, 0.901
-0.267, 0.322, 0.901
-0.258, 0.328, 0.897
-0.249, 0.335, 0.894
-0.242, 0.336, 0.896
-0.250, 0.328, 0.897
-0.259, 0.322, 0.900
-0.268, 0.315, 0.903
-0.260, 0.315, 0.903
-0.251, 0.321, 0.899
-0.243, 0.321, 0.899
-0.236, 0.322, 0.901
-0.236, 0.315, 0.902
-0.244, 0.306, 0.901
-0.252, 0.307, 0.902
-0.236, 0.307, 0.903
-0.229, 0.308, 0.905
-0.237, 0.300, 0.905
-0.229, 0.300, 0.907
-0.237, 0.292, 0.907
-0.230, 0.285, 0.909
-0.238, 0.278, 0.911
-0.248, 0.271, 0.916
-0.255, 0.279, 0.913
-0.239, 0.271, 0.915
-0.230, 0.278, 0.910
-0.238, 0.285, 0.908
-0.222, 0.285, 0.910
-0.222, 0.293, 0.910
-0.214, 0.285, 0.909
-0.207, 0.286, 0.911
-0.199, 0.286, 0.912
-0.207, 0.279, 0.913
-0.199, 0.271, 0.913
-0.207, 0.271, 0.914
-0.215, 0.263, 0.914
-0.224, 0.256, 0.917
-0.232, 0.256, 0.918
-0.240, 0.264, 0.917
-0.216, 0.256, 0.916
-0.208, 0.255, 0.915
-0.208, 0.248, 0.918
-0.209, 0.241, 0.921
-0.218, 0.234, 0.924
-0.226, 0.226, 0.926
-0.234, 0.226, 0.924
-0.242, 0.218, 0.924
-0.250, 0.218, 0.926
-0.259, 0.218, 0.927
-0.241, 0.225, 0.923
-0.234, 0.234, 0.925
-0.233, 0.242, 0.923
-0.191, 0.270, 0.912
-0.183, 0.270, 0.911
-0.175, 0.270, 0.912
-0.167, 0.278, 0.912
-0.175, 0.286, 0.910
-0.183, 0.286, 0.910
-0.191, 0.286, 0.911
-0.182, 0.293, 0.908
-0.189, 0.300, 0.904
-0.181, 0.307, 0.903
-0.189, 0.314, 0.902
-0.197, 0.314, 0.901
-0.204, 0.314, 0.901
-0.212, 0.307, 0.902
-0.221, 0.307, 0.904
-0.212, 0.314, 0.901
-0.181, 0.314, 0.902
-0.173, 0.321, 0.899
-0.180, 0.329, 0.898
-0.188, 0.329, 0.899
-0.196, 0.329, 0.899
-0.203, 0.336, 0.897
-0.211, 0.335, 0.895
-0.219, 0.336, 0.896
-0.226, 0.343, 0.895
-0.235, 0.336, 0.897
-0.234, 0.343, 0.896
-0.226, 0.350, 0.892
-0.233, 0.357, 0.890
-0.219, 0.343, 0.895
-0.203, 0.343, 0.894
-0.196, 0.337, 0.898
-0.180, 0.336, 0.896
-0.172, 0.328, 0.897
-0.165, 0.337, 0.898
-0.157, 0.344, 0.897
-0.148, 0.349, 0.890
-0.155, 0.356, 0.888
-0.162, 0.362, 0.884
-0.170, 0.362, 0.884
-0.178, 0.362, 0.885
-0.186, 0.371, 0.886
-0.193, 0.378, 0.885
-0.201, 0.371, 0.886
-0.209, 0.363, 0.887
-0.216, 0.370, 0.885
-0.224, 0.371, 0.886
-0.232, 0.372, 0.889
-0.240, 0.372, 0.889
-0.248, 0.379, 0.888
-0.255, 0.371, 0.888
-0.263, 0.379, 0.889
-0.270, 0.385, 0.885
-0.269, 0.392, 0.883
-0.277, 0.400, 0.882
-0.262, 0.392, 0.883
-0.254, 0.392, 0.883
-0.262, 0.386, 0.886
-0.255, 0.385, 0.885
-0.247, 0.386, 0.885
-0.216, 0.378, 0.884
-0.209, 0.371, 0.886
-0.201, 0.378, 0.885
-0.202, 0.364, 0.889
-0.195, 0.358, 0.892
-0.202, 0.358, 0.892
-0.185, 0.378, 0.885
-0.177, 0.369, 0.883
-0.169, 0.376, 0.881
-0.162, 0.385, 0.883
-0.170, 0.393, 0.884
-0.177, 0.392, 0.883
-0.177, 0.399, 0.882
-0.184, 0.406, 0.879
-0.192, 0.406, 0.879
-0.199, 0.405, 0.877
-0.207, 0.397, 0.877
-0.214, 0.405, 0.878
-0.207, 0.405, 0.877
-0.176, 0.406, 0.879
-0.170, 0.400, 0.883
-0.161, 0.406, 0.879
-0.153, 0.406, 0.878
-0.162, 0.400, 0.883
-0.154, 0.400, 0.882
-0.162, 0.393, 0.884
-0.154, 0.385, 0.883
-0.162, 0.377, 0.883
-0.169, 0.369, 0.881
-0.146, 0.385, 0.883
-0.139, 0.378, 0.886
-0.147, 0.378, 0.884
-0.132, 0.386, 0.886
-0.123, 0.392, 0.882
-0.116, 0.392, 0.881
-0.124, 0.386, 0.885
-0.132, 0.379, 0.887
-0.116, 0.385, 0.884
-0.108, 0.385, 0.883
-0.100, 0.390, 0.879
-0.100, 0.398, 0.878
-0.092, 0.383, 0.880
-0.100, 0.376, 0.881
-0.108, 0.377, 0.884
-0.101, 0.370, 0.885
-0.109, 0.364, 0.888
-0.117, 0.356, 0.889
-0.124, 0.349, 0.890
-0.133, 0.343, 0.893
-0.141, 0.343, 0.894
-0.149, 0.336, 0.898
-0.157, 0.337, 0.899
-0.148, 0.343, 0.894
-0.140, 0.349, 0.890
-0.140, 0.356, 0.889
-0.147, 0.364, 0.888
-0.155, 0.363, 0.886
-0.140, 0.364, 0.889
-0.125, 0.342, 0.892
-0.117, 0.349, 0.891
-0.109, 0.356, 0.889
-0.101, 0.363, 0.887
-0.093, 0.370, 0.886
-0.085, 0.378, 0.884
-0.085, 0.384, 0.881
-0.077, 0.384, 0.881
-0.078, 0.371, 0.888
-0.085, 0.371, 0.886
-0.093, 0.363, 0.887
-0.086, 0.356, 0.889
-0.093, 0.356, 0.887
-0.101, 0.349, 0.890
-0.110, 0.343, 0.894
-0.117, 0.335, 0.894
-0.126, 0.329, 0.897
-0.118, 0.328, 0.897
-0.126, 0.321, 0.900
-0.126, 0.314, 0.900
-0.134, 0.307, 0.902
-0.142, 0.307, 0.904
-0.151, 0.301, 0.907
-0.158, 0.300, 0.907
-0.166, 0.300, 0.907
-0.174, 0.293, 0.908
-0.182, 0.300, 0.905
-0.174, 0.300, 0.905
-0.167, 0.286, 0.912
-0.158, 0.307, 0.904
-0.165, 0.314, 0.901
-0.165, 0.322, 0.900
-0.157, 0.314, 0.900
-0.150, 0.307, 0.904
-0.151, 0.294, 0.910
-0.143, 0.293, 0.910
-0.135, 0.285, 0.907
-0.127, 0.293, 0.907
-0.127, 0.300, 0.906
-0.126, 0.307, 0.903
-0.118, 0.307, 0.903
-0.110, 0.306, 0.901
-0.119, 0.300, 0.904
-0.111, 0.292, 0.904
-0.119, 0.292, 0.906
-0.127, 0.285, 0.908
-0.127, 0.278, 0.911
-0.111, 0.285, 0.907
-0.103, 0.285, 0.907
-0.095, 0.292, 0.907
-0.103, 0.299, 0.902
-0.102, 0.306, 0.900
-0.102, 0.314, 0.900
-0.102, 0.321, 0.899
-0.095, 0.321, 0.899
-0.087, 0.321, 0.899
-0.079, 0.314, 0.899
-0.087, 0.313, 0.899
-0.095, 0.306, 0.901
-0.087, 0.300, 0.905
-0.095, 0.299, 0.904
-0.079, 0.307, 0.902
-0.079, 0.300, 0.905
-0.096, 0.285, 0.909
-0.110, 0.336, 0.895
-0.102, 0.343, 0.894
-0.094, 0.343, 0.894
-0.086, 0.350, 0.892
-0.086, 0.343, 0.894
-0.078, 0.364, 0.888
-0.070, 0.363, 0.887
-0.062, 0.370, 0.885
-0.055, 0.370, 0.885
-0.062, 0.363, 0.887
-0.047, 0.377, 0.884
-0.047, 0.384, 0.882
-0.054, 0.392, 0.882
-0.062, 0.398, 0.879
-0.069, 0.403, 0.872
-0.076, 0.410, 0.872
-0.084, 0.411, 0.873
-0.076, 0.418, 0.872
-0.076, 0.425, 0.872
-0.069, 0.425, 0.872
-0.069, 0.418, 0.872
-0.069, 0.410, 0.871
-0.061, 0.403, 0.874
-0.047, 0.399, 0.880
-0.039, 0.392, 0.881
-0.047, 0.392, 0.882
-0.031, 0.391, 0.881
-0.024, 0.398, 0.879
-0.016, 0.391, 0.880
-0.024, 0.391, 0.880
-0.008, 0.391, 0.881
-0.001, 0.391, 0.881
0.007, 0.390, 0.878
-0.001, 0.385, 0.883
0.007, 0.383, 0.880
-0.001, 0.378, 0.885
0.007, 0.369, 0.883
-0.001, 0.370, 0.885
0.007, 0.363, 0.886
0.015, 0.363, 0.886
0.022, 0.371, 0.886
0.015, 0.376, 0.881
0.015, 0.383, 0.879
0.015, 0.390, 0.877
0.015, 0.397, 0.875
0.022, 0.390, 0.878
0.030, 0.390, 0.878
0.022, 0.383, 0.880
0.030, 0.384, 0.880
0.038, 0.391, 0.879
0.038, 0.398, 0.878
0.045, 0.398, 0.878
0.053, 0.397, 0.877
0.060, 0.398, 0.878
0.068, 0.398, 0.879
0.076, 0.405, 0.877
0.075, 0.411, 0.873
0.083, 0.411, 0.873
0.090, 0.417, 0.871
0.083, 0.425, 0.871
0.098, 0.424, 0.869
0.105, 0.417, 0.870
0.098, 0.417, 0.870
0.090, 0.410, 0.872
0.106, 0.411, 0.873
0.113, 0.418, 0.872
0.114, 0.404, 0.875
0.106, 0.398, 0.877
0.099, 0.391, 0.879
0.091, 0.397, 0.877
0.083, 0.397, 0.877
0.076, 0.398, 0.878
0.068, 0.391, 0.879
0.068, 0.383, 0.879
0.061, 0.376, 0.880
0.068, 0.376, 0.880
0.061, 0.370, 0.884
0.069, 0.363, 0.887
0.061, 0.363, 0.887
0.069, 0.357, 0.890
0.077, 0.356, 0.888
0.084, 0.356, 0.888
0.092, 0.356, 0.889
0.100, 0.363, 0.887
0.107, 0.370, 0.884
0.107, 0.377, 0.882
0.107, 0.384, 0.881
0.106, 0.391, 0.880
0.099, 0.398, 0.878
0.106, 0.404, 0.875
0.114, 0.391, 0.879
0.121, 0.397, 0.877
0.122, 0.383, 0.880
0.114, 0.384, 0.881
0.122, 0.376, 0.881
0.115, 0.369, 0.883
0.107, 0.363, 0.886
0.100, 0.356, 0.889
0.108, 0.357, 0.889
0.115, 0.356, 0.889
0.108, 0.350, 0.892
0.116, 0.350, 0.891
0.108, 0.342, 0.892
0.116, 0.335, 0.893
0.108, 0.334, 0.892
0.123, 0.342, 0.891
0.130, 0.347, 0.886
0.138, 0.355, 0.886
0.130, 0.362, 0.885
0.123, 0.363, 0.886
0.122, 0.369, 0.883
0.129, 0.376, 0.880
0.137, 0.382, 0.877
0.144, 0.389, 0.876
0.152, 0.382, 0.878
0.145, 0.376, 0.881
0.138, 0.370, 0.884
0.130, 0.370, 0.884
0.138, 0.363, 0.885
0.146, 0.370, 0.885
0.154, 0.363, 0.886
0.146, 0.356, 0.887
0.146, 0.363, 0.887
0.161, 0.362, 0.884
0.168, 0.369, 0.882
0.160, 0.376, 0.881
0.160, 0.383, 0.879
0.168, 0.376, 0.880
0.175, 0.368, 0.880
0.183, 0.369, 0.881
0.175, 0.361, 0.881
0.183, 0.361, 0.882
0.192, 0.362, 0.884
0.184, 0.355, 0.885
0.177, 0.347, 0.886
0.185, 0.348, 0.887
0.177, 0.341, 0.890
0.170, 0.335, 0.893
0.162, 0.327, 0.893
0.155, 0.327, 0.893
0.163, 0.320, 0.894
0.170, 0.327, 0.894
0.178, 0.335, 0.893
0.171, 0.313, 0.898
0.163, 0.313, 0.898
0.156, 0.306, 0.900
0.148, 0.298, 0.901
0.141, 0.291, 0.903
0.133, 0.291, 0.902
0.125, 0.298, 0.901
0.125, 0.306, 0.900
0.124, 0.314, 0.899
0.132, 0.321, 0.898
0.132, 0.328, 0.896
0.124, 0.335, 0.893
0.131, 0.335, 0.893
0.140, 0.328, 0.896
0.140, 0.320, 0.896
0.132, 0.313, 0.899
0.140, 0.305, 0.897
0.132, 0.298, 0.899
0.147, 0.312, 0.895
0.149, 0.291, 0.903
0.156, 0.299, 0.902
0.164, 0.299, 0.902
0.172, 0.306, 0.900
0.172, 0.298, 0.901
0.162, 0.341, 0.890
0.192, 0.355, 0.886
0.200, 0.355, 0.886
0.207, 0.355, 0.885
0.200, 0.348, 0.886
0.207, 0.347, 0.885
0.200, 0.341, 0.889
0.200, 0.333, 0.890
0.208, 0.326, 0.890
0.201, 0.319, 0.892
0.194, 0.312, 0.895
0.202, 0.312, 0.894
0.195, 0.306, 0.899
0.195, 0.298, 0.901
0.195, 0.291, 0.902
0.209, 0.319, 0.892
0.201, 0.326, 0.890
0.216, 0.326, 0.891
0.216, 0.333, 0.889
0.215, 0.340, 0.887
0.215, 0.347, 0.885
0.215, 0.354, 0.884
0.215, 0.362, 0.885
0.221, 0.368, 0.880
0.214, 0.376, 0.880
0.213, 0.382, 0.877
0.220, 0.389, 0.876
0.228, 0.396, 0.875
0.227, 0.403, 0.872
0.235, 0.404, 0.875
0.243, 0.397, 0.875
0.235, 0.396, 0.875
0.251, 0.389, 0.876
0.259, 0.389, 0.877
0.251, 0.382, 0.878
0.259, 0.383, 0.879
0.251, 0.375, 0.877
0.244, 0.368, 0.879
0.237, 0.361, 0.881
0.230, 0.354, 0.884
0.222, 0.361, 0.882
0.229, 0.368, 0.880
0.221, 0.375, 0.879
0.221, 0.382, 0.877
0.237, 0.368, 0.880
0.244, 0.360, 0.880
0.238, 0.355, 0.885
0.231, 0.348, 0.886
0.239, 0.341, 0.888
0.231, 0.340, 0.888
0.247, 0.341, 0.889
0.247, 0.333, 0.890
0.255, 0.326, 0.890
0.247, 0.326, 0.890
0.262, 0.333, 0.889
0.270, 0.333, 0.889
0.262, 0.326, 0.890
0.270, 0.326, 0.890
0.263, 0.319, 0.892
0.271, 0.319, 0.892
0.264, 0.312, 0.895
0.273, 0.305, 0.899
0.265, 0.305, 0.898
0.273, 0.298, 0.899
0.280, 0.297, 0.897
0.288, 0.305, 0.897
0.280, 0.312, 0.896
0.279, 0.319, 0.892
0.278, 0.326, 0.890
0.286, 0.326, 0.890
0.294, 0.334, 0.891
0.285, 0.341, 0.888
0.276, 0.347, 0.884
0.284, 0.347, 0.884
0.292, 0.347, 0.885
0.300, 0.347, 0.886
0.293, 0.341, 0.888
0.307, 0.354, 0.884
0.314, 0.354, 0.883
0.307, 0.347, 0.886
0.315, 0.348, 0.886
0.323, 0.348, 0.887
0.330, 0.355, 0.884
0.331, 0.348, 0.887
0.339, 0.340, 0.887
0.331, 0.341, 0.888
0.339, 0.333, 0.889
0.332, 0.326, 0.891
0.325, 0.319, 0.893
0.317, 0.326, 0.891
0.309, 0.319, 0.892
0.303, 0.312, 0.896
0.296, 0.305, 0.896
0.288, 0.297, 0.897
0.296, 0.297, 0.896
0.304, 0.297, 0.897
0.311, 0.305, 0.897
0.320, 0.298, 0.899
0.312, 0.297, 0.898
0.328, 0.306, 0.900
0.326, 0.312, 0.896
0.333, 0.318, 0.891
0.325, 0.327, 0.892
0.340, 0.326, 0.890
0.334, 0.312, 0.894
0.343, 0.306, 0.899
0.336, 0.306, 0.899
0.329, 0.299, 0.902
0.350, 0.305, 0.897
0.356, 0.311, 0.891
0.364, 0.319, 0.891
0.355, 0.326, 0.890
0.363, 0.311, 0.891
0.357, 0.304, 0.895
0.364, 0.304, 0.893
0.373, 0.304, 0.894
0.381, 0.312, 0.895
0.389, 0.305, 0.897
0.381, 0.304, 0.895
0.397, 0.313, 0.897
0.397, 0.305, 0.897
0.404, 0.297, 0.896
0.398, 0.297, 0.898
0.406, 0.290, 0.899
0.399, 0.283, 0.901
0.393, 0.276, 0.905
0.384, 0.284, 0.904
0.376, 0.283, 0.902
0.368, 0.275, 0.903
0.361, 0.276, 0.904
0.354, 0.269, 0.907
0.347, 0.261, 0.908
0.346, 0.269, 0.907
0.353, 0.276, 0.905
0.347, 0.254, 0.909
0.348, 0.246, 0.911
0.357, 0.239, 0.914
0.349, 0.239, 0.914
0.358, 0.232, 0.916
0.365, 0.231, 0.914
0.372, 0.238, 0.911
0.371, 0.246, 0.910
0.378, 0.253, 0.907
0.379, 0.246, 0.910
0.389, 0.239, 0.914
0.381, 0.232, 0.915
0.374, 0.224, 0.916
0.380, 0.239, 0.912
0.389, 0.231, 0.915
0.396, 0.231, 0.913
0.404, 0.238, 0.911
0.411, 0.238, 0.910
0.419, 0.246, 0.910
0.410, 0.253, 0.907
0.417, 0.261, 0.906
0.416, 0.268, 0.904
0.416, 0.276, 0.904
0.407, 0.283, 0.901
0.414, 0.290, 0.899
0.424, 0.276, 0.905
0.433, 0.269, 0.908
0.425, 0.269, 0.906
0.434, 0.261, 0.908
0.425, 0.253, 0.906
0.434, 0.246, 0.909
0.426, 0.238, 0.909
0.435, 0.238, 0.910
0.427, 0.230, 0.911
0.438, 0.224, 0.918
0.447, 0.224, 0.919
0.453, 0.232, 0.915
0.444, 0.239, 0.912
0.443, 0.246, 0.910
0.442, 0.254, 0.910
0.442, 0.261, 0.908
0.449, 0.261, 0.908
0.456, 0.261, 0.906
0.464, 0.261, 0.906
0.465, 0.253, 0.908
0.466, 0.246, 0.910
0.468, 0.239, 0.914
0.461, 0.232, 0.915
0.454, 0.224, 0.918
0.447, 0.217, 0.920
0.455, 0.216, 0.918
0.447, 0.209, 0.920
0.441, 0.201, 0.923
0.433, 0.201, 0.923
0.425, 0.193, 0.923
0.424, 0.201, 0.921
0.448, 0.201, 0.921
0.454, 0.208, 0.918
0.462, 0.208, 0.918
0.455, 0.201, 0.919
0.449, 0.193, 0.923
0.441, 0.186, 0.924
0.450, 0.186, 0.925
0.443, 0.178, 0.927
0.444, 0.170, 0.929
0.445, 0.163, 0.931
0.437, 0.155, 0.933
0.428, 0.163, 0.931
0.427, 0.170, 0.929
0.445, 0.155, 0.933
0.454, 0.155, 0.933
0.447, 0.147, 0.935
0.454, 0.147, 0.934
0.448, 0.139, 0.938
0.456, 0.131, 0.939
0.449, 0.123, 0.940
0.441, 0.115, 0.940
0.434, 0.107, 0.943
0.441, 0.107, 0.941
0.435, 0.099, 0.945
0.449, 0.115, 0.941
0.457, 0.123, 0.941
0.466, 0.115, 0.942
0.458, 0.115, 0.942
0.467, 0.107, 0.945
0.468, 0.099, 0.946
0.461, 0.091, 0.949
0.469, 0.091, 0.948
0.463, 0.084, 0.953
0.470, 0.083, 0.950
0.480, 0.075, 0.954
0.471, 0.075, 0.952
0.464, 0.067, 0.955
0.474, 0.059, 0.959
0.467, 0.059, 0.959
0.475, 0.051, 0.959
0.468, 0.043, 0.962
0.482, 0.059, 0.958
0.482, 0.067, 0.957
0.490, 0.067, 0.956
0.498, 0.067, 0.956
0.490, 0.059, 0.957
0.483, 0.051, 0.959
0.491, 0.051, 0.958
0.485, 0.043, 0.963
0.492, 0.042, 0.961
0.505, 0.075, 0.954
0.504, 0.083, 0.951
0.511, 0.091, 0.949
0.500, 0.099, 0.945
0.499, 0.107, 0.943
0.490, 0.115, 0.941
0.499, 0.115, 0.941
0.507, 0.124, 0.942
0.498, 0.132, 0.940
0.490, 0.132, 0.941
0.490, 0.140, 0.940
0.480, 0.147, 0.937
0.471, 0.155, 0.934
0.462, 0.155, 0.933
0.469, 0.163, 0.931
0.474, 0.170, 0.925
0.482, 0.178, 0.926
0.482, 0.186, 0.925
0.474, 0.194, 0.925
0.463, 0.201, 0.920
0.471, 0.209, 0.920
0.479, 0.217, 0.920
0.478, 0.224, 0.918
0.469, 0.232, 0.916
0.478, 0.232, 0.917
0.485, 0.224, 0.915
0.494, 0.216, 0.918
0.487, 0.208, 0.919
0.480, 0.201, 0.922
0.473, 0.201, 0.922
0.491, 0.178, 0.927
0.483, 0.170, 0.926
0.476, 0.162, 0.930
0.484, 0.162, 0.929
0.486, 0.155, 0.933
0.499, 0.186, 0.927
0.506, 0.194, 0.926
0.512, 0.201, 0.922
0.519, 0.201, 0.920
0.513, 0.193, 0.923
0.514, 0.186, 0.924
0.506, 0.178, 0.925
0.515, 0.178, 0.926
0.522, 0.178, 0.925
0.530, 0.178, 0.924
0.537, 0.185, 0.924
0.546, 0.186, 0.924
0.538, 0.178, 0.924
0.554, 0.194, 0.925
0.553, 0.202, 0.924
0.543, 0.209, 0.920
0.535, 0.209, 0.919
0.528, 0.201, 0.921
0.526, 0.208, 0.918
0.526, 0.216, 0.918
0.526, 0.224, 0.917
0.516, 0.231, 0.915
0.506, 0.238, 0.911
0.514, 0.246, 0.911
0.504, 0.253, 0.907
0.504, 0.261, 0.906
0.503, 0.268, 0.905
0.495, 0.276, 0.904
0.485, 0.282, 0.900
0.491, 0.290, 0.898
0.502, 0.284, 0.903
0.510, 0.275, 0.903
0.517, 0.267, 0.902
0.510, 0.268, 0.903
0.525, 0.268, 0.903
0.534, 0.268, 0.904
0.541, 0.276, 0.903
0.540, 0.283, 0.902
0.539, 0.290, 0.900
0.529, 0.297, 0.895
0.521, 0.304, 0.895
0.513, 0.304, 0.896
0.506, 0.297, 0.897
0.506, 0.304, 0.896
0.504, 0.312, 0.893
0.495, 0.318, 0.890
0.487, 0.326, 0.890
0.486, 0.333, 0.888
0.486, 0.341, 0.888
0.493, 0.340, 0.887
0.500, 0.347, 0.886
0.501, 0.340, 0.888
0.503, 0.319, 0.892
0.512, 0.319, 0.893
0.519, 0.326, 0.891
0.518, 0.334, 0.890
0.526, 0.334, 0.891
0.527, 0.327, 0.893
0.520, 0.319, 0.893
0.528, 0.319, 0.894
0.528, 0.312, 0.894
0.536, 0.304, 0.895
0.528, 0.304, 0.894
0.538, 0.297, 0.898
0.542, 0.268, 0.905
0.551, 0.261, 0.906
0.543, 0.261, 0.905
0.552, 0.253, 0.908
0.545, 0.246, 0.910
0.537, 0.246, 0.910
0.531, 0.239, 0.913
0.525, 0.232, 0.916
0.515, 0.239, 0.913
0.533, 0.232, 0.916
0.541, 0.232, 0.915
0.547, 0.239, 0.913
0.554, 0.246, 0.911
0.562, 0.246, 0.911
0.555, 0.239, 0.913
0.563, 0.239, 0.913
0.556, 0.231, 0.914
0.567, 0.225, 0.920
0.574, 0.224, 0.918
0.581, 0.232, 0.916
0.570, 0.238, 0.911
0.584, 0.217, 0.921
0.575, 0.217, 0.919
0.583, 0.209, 0.919
0.530, 0.246, 0.910
0.513, 0.253, 0.908
0.534, 0.216, 0.917
0.552, 0.209, 0.921
0.554, 0.186, 0.925
0.563, 0.178, 0.926
0.572, 0.178, 0.928
0.583, 0.171, 0.932
0.575, 0.163, 0.932
0.566, 0.155, 0.931
0.559, 0.147, 0.932
0.551, 0.147, 0.933
0.545, 0.139, 0.936
0.537, 0.139, 0.937
0.529, 0.139, 0.938
0.521, 0.139, 0.937
0.513, 0.139, 0.938
0.506, 0.132, 0.940
0.497, 0.139, 0.938
0.505, 0.148, 0.939
0.513, 0.147, 0.937
0.506, 0.140, 0.939
0.543, 0.147, 0.933
0.542, 0.155, 0.931
0.560, 0.139, 0.934
0.566, 0.146, 0.931
0.574, 0.155, 0.931
0.583, 0.163, 0.932
0.574, 0.171, 0.931
0.591, 0.163, 0.931
0.581, 0.154, 0.929
0.589, 0.154, 0.929
0.581, 0.146, 0.929
0.575, 0.139, 0.933
0.567, 0.139, 0.933
0.561, 0.131, 0.937
0.563, 0.123, 0.940
0.572, 0.115, 0.941
0.566, 0.108, 0.945
0.558, 0.107, 0.944
0.549, 0.099, 0.944
0.543, 0.091, 0.947
0.534, 0.091, 0.946
0.527, 0.083, 0.948
0.519, 0.083, 0.948
0.518, 0.091, 0.947
0.509, 0.099, 0.946
0.525, 0.091, 0.945
0.541, 0.099, 0.943
0.548, 0.107, 0.942
0.565, 0.116, 0.943
0.575, 0.099, 0.946
0.581, 0.107, 0.942
0.589, 0.115, 0.942
0.588, 0.123, 0.940
0.586, 0.131, 0.936
0.583, 0.139, 0.932
0.596, 0.123, 0.940
0.597, 0.115, 0.941
0.589, 0.107, 0.942
0.583, 0.099, 0.945
0.591, 0.099, 0.944
0.598, 0.099, 0.943
0.593, 0.091, 0.948
0.587, 0.084, 0.952
0.581, 0.075, 0.955
0.572, 0.067, 0.954
0.564, 0.059, 0.955
0.556, 0.067, 0.955
0.584, 0.059, 0.961
0.591, 0.067, 0.958
0.596, 0.075, 0.953
0.594, 0.083, 0.950
0.601, 0.091, 0.948
0.602, 0.083, 0.950
0.592, 0.059, 0.960
0.592, 0.051, 0.960
0.584, 0.042, 0.961
0.577, 0.034, 0.963
0.569, 0.026, 0.963
0.563, 0.018, 0.967
0.554, 0.017, 0.966
0.547, 0.009, 0.969
0.539, 0.009, 0.970
0.532, 0.001, 0.972
0.524, -0.008, 0.974
0.515, -0.016, 0.973
0.509, -0.025, 0.976
0.502, -0.033, 0.980
0.500, -0.025, 0.976
0.499, -0.016, 0.974
0.506, -0.008, 0.971
0.505, 0.001, 0.969
0.504, 0.009, 0.968
0.511, 0.017, 0.965
0.502, 0.026, 0.963
0.519, 0.017, 0.963
0.513, 0.009, 0.968
0.521, 0.009, 0.968
0.528, 0.017, 0.964
0.526, 0.026, 0.961
0.526, 0.034, 0.961
0.534, 0.042, 0.961
0.533, 0.051, 0.959
0.531, 0.059, 0.956
0.544, 0.034, 0.963
0.535, 0.034, 0.963
0.552, 0.034, 0.963
0.560, 0.034, 0.962
0.553, 0.026, 0.965
0.569, 0.043, 0.964
0.537, 0.017, 0.966
0.523, 0.001, 0.971
0.515, -0.008, 0.972
0.507, -0.016, 0.973
0.516, -0.025, 0.975
0.510, -0.033, 0.979
0.526, -0.033, 0.977
0.536, -0.033, 0.980
0.528, -0.042, 0.980
0.538, -0.051, 0.984
0.529, -0.051, 0.983
0.547, -0.051, 0.985
0.549, -0.059, 0.988
0.550, -0.068, 0.990
0.553, -0.077, 0.994
0.544, -0.086, 0.994
0.534, -0.094, 0.992
0.527, -0.103, 0.996
0.521, -0.112, 1.000
0.515, -0.122, 1.005
0.507, -0.131, 1.006
0.498, -0.131, 1.006
0.496, -0.121, 1.002
0.495, -0.112, 1.000
0.484, -0.103, 0.996
0.477, -0.112, 0.999
0.470, -0.113, 1.002
0.461, -0.113, 1.003
0.453, -0.122, 1.004
0.443, -0.112, 1.001
0.434, -0.112, 1.000
0.425, -0.112, 1.000
0.416, -0.104, 0.998
0.409, -0.113, 1.002
0.400, -0.113, 1.002
0.392, -0.122, 1.004
0.383, -0.130, 1.004
0.375, -0.130, 1.005
0.367, -0.139, 1.007
0.360, -0.149, 1.013
0.352, -0.149, 1.013
0.342, -0.149, 1.012
0.351, -0.140, 1.010
0.359, -0.131, 1.009
0.348, -0.121, 1.003
0.356, -0.113, 1.002
0.356, -0.104, 0.999
0.355, -0.095, 0.999
0.355, -0.086, 0.997
0.344, -0.077, 0.992
0.352, -0.068, 0.991
0.362, -0.068, 0.992
0.370, -0.060, 0.990
0.369, -0.051, 0.988
0.359, -0.042, 0.984
0.358, -0.033, 0.981
0.365, -0.025, 0.979
0.373, -0.016, 0.977
0.372, -0.008, 0.974
0.371, 0.001, 0.972
0.362, 0.009, 0.971
0.369, 0.017, 0.966
0.377, 0.017, 0.966
0.387, 0.018, 0.968
0.379, 0.009, 0.969
0.387, 0.001, 0.970
0.379, 0.001, 0.971
0.398, -0.008, 0.976
0.405, 0.001, 0.972
0.413, 0.009, 0.970
0.419, 0.017, 0.966
0.409, 0.026, 0.962
0.402, 0.026, 0.964
0.395, 0.018, 0.969
0.394, 0.026, 0.965
0.409, 0.034, 0.962
0.409, 0.042, 0.961
0.416, 0.051, 0.959
0.425, 0.051, 0.959
0.433, 0.051, 0.960
0.441, 0.059, 0.958
0.431, 0.067, 0.955
0.423, 0.067, 0.956
0.430, 0.075, 0.952
0.420, 0.083, 0.948
0.435, 0.083, 0.946
0.448, 0.075, 0.955
0.440, 0.067, 0.956
0.450, 0.059, 0.959
0.441, 0.051, 0.959
0.450, 0.042, 0.961
0.428, 0.018, 0.967
0.421, 0.009, 0.969
0.414, 0.001, 0.972
0.406, -0.008, 0.975
0.416, -0.016, 0.978
0.408, -0.025, 0.978
0.399, -0.025, 0.978
0.391, -0.025, 0.979
0.383, -0.025, 0.980
0.382, -0.016, 0.979
0.407, -0.016, 0.976
0.417, -0.025, 0.980
0.408, -0.033, 0.980
0.418, -0.042, 0.982
0.409, -0.051, 0.981
0.402, -0.059, 0.984
0.394, -0.059, 0.987
0.386, -0.068, 0.989
0.379, -0.077, 0.992
0.371, -0.086, 0.995
0.363, -0.086, 0.996
0.362, -0.077, 0.994
0.371, -0.077, 0.993
0.378, -0.068, 0.990
0.378, -0.060, 0.989
0.386, -0.059, 0.987
0.387, -0.077, 0.990
0.380, -0.086, 0.994
0.388, -0.086, 0.992
0.397, -0.094, 0.994
0.389, -0.103, 0.996
0.391, -0.112, 1.001
0.408, -0.104, 1.000
0.400, -0.051, 0.981
0.409, -0.042, 0.981
0.418, -0.051, 0.982
0.427, -0.042, 0.983
0.427, -0.034, 0.983
0.433, -0.025, 0.978
0.424, -0.016, 0.976
0.424, -0.008, 0.976
0.432, -0.008, 0.976
0.439, 0.001, 0.972
0.438, 0.009, 0.970
0.437, 0.018, 0.968
0.436, 0.026, 0.967
0.445, 0.026, 0.966
0.453, 0.026, 0.965
0.445, 0.018, 0.968
0.446, 0.009, 0.969
0.453, 0.001, 0.966
0.448, -0.008, 0.973
0.441, -0.016, 0.977
0.440, -0.008, 0.975
0.450, -0.016, 0.977
0.442, -0.025, 0.979
0.435, -0.033, 0.983
0.443, -0.033, 0.982
0.435, -0.042, 0.983
0.443, -0.042, 0.982
0.435, -0.051, 0.982
0.427, -0.059, 0.983
0.419, -0.068, 0.986
0.418, -0.059, 0.984
0.428, -0.068, 0.987
0.438, -0.068, 0.989
0.445, -0.059, 0.986
0.444, -0.051, 0.983
0.452, -0.042, 0.982
0.459, -0.033, 0.978
0.450, -0.025, 0.979
0.458, -0.016, 0.978
0.467, -0.016, 0.978
0.474, -0.008, 0.974
0.472, 0.001, 0.971
0.462, 0.009, 0.966
0.462, 0.018, 0.967
0.471, 0.009, 0.969
0.482, 0.001, 0.973
0.476, -0.025, 0.978
0.467, -0.025, 0.979
0.460, -0.042, 0.982
0.453, -0.051, 0.985
0.454, -0.059, 0.987
0.447, -0.068, 0.990
0.448, -0.077, 0.993
0.458, -0.086, 0.995
0.450, -0.095, 0.996
0.442, -0.103, 0.998
0.452, -0.113, 1.001
0.459, -0.103, 0.998
0.459, -0.095, 0.997
0.450, -0.086, 0.996
0.466, -0.086, 0.995
0.464, -0.077, 0.990
0.475, -0.086, 0.994
0.482, -0.077, 0.992
0.489, -0.068, 0.988
0.497, -0.059, 0.988
0.491, -0.077, 0.991
0.475, -0.095, 0.995
0.476, -0.103, 0.997
0.366, -0.122, 1.005
0.357, -0.122, 1.005
0.367, -0.131, 1.007
0.374, -0.121, 1.002
0.368, -0.149, 1.010
0.376, -0.148, 1.008
0.384, -0.139, 1.005
0.393, -0.130, 1.005
0.402, -0.140, 1.008
0.393, -0.139, 1.006
0.385, -0.148, 1.007
0.378, -0.158, 1.013
0.370, -0.167, 1.014
0.361, -0.176, 1.015
0.354, -0.185, 1.019
0.345, -0.194, 1.020
0.345, -0.185, 1.019
0.336, -0.176, 1.018
0.344, -0.168, 1.018
0.353, -0.167, 1.017
0.345, -0.177, 1.019
0.361, -0.167, 1.015
0.370, -0.176, 1.015
0.379, -0.167, 1.016
0.356, -0.195, 1.024
0.345, -0.204, 1.021
0.356, -0.213, 1.025
0.348, -0.223, 1.027
0.340, -0.233, 1.032
0.338, -0.222, 1.026
0.346, -0.213, 1.024
0.356, -0.223, 1.027
0.365, -0.214, 1.027
0.375, -0.205, 1.029
0.383, -0.195, 1.025
0.375, -0.223, 1.030
0.366, -0.223, 1.028
0.357, -0.232, 1.029
0.376, -0.233, 1.031
0.385, -0.223, 1.030
0.386, -0.242, 1.035
0.379, -0.253, 1.041
0.370, -0.262, 1.041
0.361, -0.262, 1.041
0.352, -0.261, 1.039
0.342, -0.252, 1.036
0.334, -0.262, 1.041
0.341, -0.242, 1.035
0.350, -0.251, 1.035
0.380, -0.262, 1.042
0.390, -0.272, 1.044
0.380, -0.271, 1.043
0.391, -0.282, 1.048
0.383, -0.292, 1.050
0.393, -0.292, 1.052
0.384, -0.302, 1.053
0.394, -0.312, 1.056
0.385, -0.311, 1.055
0.395, -0.321, 1.058
0.402, -0.311, 1.054
0.403, -0.302, 1.054
0.411, -0.301, 1.052
0.418, -0.291, 1.047
0.420, -0.301, 1.052
0.411, -0.310, 1.052
0.404, -0.321, 1.057
0.405, -0.332, 1.061
0.397, -0.342, 1.065
0.406, -0.351, 1.064
0.398, -0.352, 1.066
0.388, -0.360, 1.064
0.421, -0.311, 1.055
0.404, -0.149, 1.012
0.411, -0.140, 1.008
0.419, -0.131, 1.006
0.427, -0.130, 1.004
0.421, -0.140, 1.009
0.412, -0.149, 1.010
0.421, -0.158, 1.011
0.412, -0.158, 1.011
0.430, -0.149, 1.010
0.437, -0.139, 1.007
0.436, -0.130, 1.004
0.438, -0.149, 1.009
0.431, -0.158, 1.012
0.440, -0.167, 1.014
0.432, -0.167, 1.016
0.424, -0.176, 1.018
0.417, -0.186, 1.022
0.408, -0.195, 1.023
0.399, -0.195, 1.021
0.410, -0.205, 1.027
0.403, -0.214, 1.031
0.412, -0.215, 1.031
0.419, -0.205, 1.028
0.418, -0.195, 1.025
0.425, -0.185, 1.019
0.427, -0.195, 1.025
0.429, -0.214, 1.030
0.422, -0.224, 1.034
0.421, -0.215, 1.031
0.430, -0.224, 1.032
0.423, -0.234, 1.037
0.431, -0.233, 1.035
0.423, -0.243, 1.038
0.438, -0.223, 1.030
0.438, -0.214, 1.029
0.447, -0.214, 1.029
0.455, -0.205, 1.027
0.453, -0.195, 1.023
0.462, -0.195, 1.022
0.472, -0.205, 1.026
0.464, -0.205, 1.027
0.456, -0.214, 1.029
0.465, -0.223, 1.030
0.456, -0.223, 1.031
0.465, -0.232, 1.031
0.459, -0.243, 1.037
0.452, -0.253, 1.041
0.442, -0.262, 1.040
0.444, -0.272, 1.044
0.436, -0.281, 1.046
0.446, -0.282, 1.047
0.438, -0.292, 1.050
0.448, -0.302, 1.054
0.440, -0.302, 1.055
0.449, -0.312, 1.056
0.458, -0.311, 1.056
0.468, -0.302, 1.056
0.466, -0.292, 1.053
0.455, -0.282, 1.049
0.465, -0.282, 1.049
0.477, -0.302, 1.056
0.468, -0.312, 1.058
0.478, -0.312, 1.059
0.468, -0.321, 1.057
0.478, -0.322, 1.059
0.469, -0.331, 1.059
0.486, -0.312, 1.056
0.485, -0.302, 1.053
0.494, -0.311, 1.053
0.502, -0.301, 1.051
0.502, -0.310, 1.052
0.494, -0.320, 1.054
0.504, -0.320, 1.055
0.497, -0.331, 1.060
0.513, -0.321, 1.056
0.523, -0.321, 1.058
0.534, -0.322, 1.060
0.441, -0.243, 1.037
0.467, -0.242, 1.034
0.474, -0.232, 1.030
0.473, -0.223, 1.028
0.473, -0.214, 1.028
0.479, -0.204, 1.022
0.488, -0.213, 1.022
0.497, -0.204, 1.022
0.498, -0.213, 1.024
0.484, -0.242, 1.033
0.476, -0.242, 1.034
0.469, -0.252, 1.038
0.480, -0.263, 1.044
0.471, -0.262, 1.043
0.441, -0.176, 1.016
0.449, -0.167, 1.013
0.447, -0.157, 1.010
0.456, -0.149, 1.009
0.455, -0.140, 1.008
0.454, -0.131, 1.007
0.464, -0.140, 1.008
0.472, -0.148, 1.007
0.466, -0.158, 1.012
0.457, -0.158, 1.012
0.473, -0.157, 1.009
0.481, -0.148, 1.007
0.490, -0.148, 1.008
0.482, -0.157, 1.009
0.475, -0.167, 1.014
0.485, -0.167, 1.016
0.492, -0.158, 1.011
0.499, -0.149, 1.009
0.507, -0.148, 1.007
0.500, -0.158, 1.011
0.510, -0.158, 1.012
0.520, -0.158, 1.015
0.528, -0.158, 1.013
0.538, -0.167, 1.016
0.547, -0.158, 1.016
0.544, -0.149, 1.010
0.552, -0.140, 1.009
0.562, -0.149, 1.011
0.553, -0.149, 1.011
0.563, -0.158, 1.013
0.557, -0.167, 1.017
0.548, -0.168, 1.018
0.564, -0.167, 1.015
0.571, -0.167, 1.012
0.565, -0.176, 1.016
0.558, -0.185, 1.019
0.566, -0.185, 1.019
0.573, -0.176, 1.015
0.582, -0.176, 1.015
0.574, -0.185, 1.018
0.584, -0.185, 1.019
0.575, -0.194, 1.018
0.586, -0.195, 1.022
0.592, -0.176, 1.017
0.589, -0.167, 1.012
0.588, -0.158, 1.011
0.588, -0.149, 1.010
0.596, -0.149, 1.010
0.605, -0.149, 1.009
0.613, -0.140, 1.007
0.611, -0.130, 1.006
0.611, -0.122, 1.006
0.599, -0.112, 0.999
0.598, -0.103, 0.998
0.589, -0.095, 0.998
0.580, -0.086, 0.996
0.571, -0.095, 0.996
0.563, -0.103, 0.997
0.554, -0.112, 0.997
0.547, -0.112, 1.000
0.540, -0.121, 1.003
0.530, -0.121, 1.001
0.529, -0.112, 0.999
0.519, -0.103, 0.996
0.513, -0.112, 1.001
0.503, -0.112, 0.999
0.501, -0.103, 0.994
0.510, -0.103, 0.996
0.525, -0.094, 0.992
0.534, -0.086, 0.991
0.538, -0.112, 0.999
0.555, -0.121, 0.999
0.563, -0.112, 0.997
0.572, -0.112, 0.998
0.562, -0.095, 0.996
0.554, -0.086, 0.997
0.570, -0.086, 0.995
0.578, -0.077, 0.993
0.585, -0.077, 0.991
0.594, -0.077, 0.991
0.602, -0.077, 0.991
0.595, -0.086, 0.993
0.604, -0.086, 0.993
0.597, -0.095, 0.996
0.605, -0.095, 0.996
0.607, -0.104, 0.999
0.617, -0.112, 1.001
0.609, -0.113, 1.002
0.620, -0.122, 1.006
0.629, -0.122, 1.005
0.637, -0.122, 1.005
0.629, -0.131, 1.006
0.621, -0.140, 1.008
0.613, -0.149, 1.009
0.623, -0.149, 1.010
0.631, -0.140, 1.008
0.638, -0.131, 1.007
0.624, -0.158, 1.012
0.616, -0.167, 1.013
0.606, -0.166, 1.011
0.598, -0.167, 1.012
0.626, -0.167, 1.016
0.628, -0.177, 1.019
0.639, -0.186, 1.022
0.648, -0.186, 1.022
0.611, -0.077, 0.990
0.619, -0.077, 0.990
0.626, -0.068, 0.987
0.617, -0.059, 0.987
0.608, -0.051, 0.985
0.600, -0.051, 0.987
0.593, -0.060, 0.989
0.582, -0.059, 0.986
0.575, -0.059, 0.987
0.567, -0.059, 0.988
0.566, -0.051, 0.987
0.564, -0.042, 0.984
0.553, -0.033, 0.980
0.545, -0.033, 0.980
0.544, -0.025, 0.978
0.560, -0.025, 0.977
0.558, -0.016, 0.973
0.557, -0.008, 0.972
0.547, 0.001, 0.970
0.557, 0.001, 0.971
0.567, -0.016, 0.975
0.575, -0.016, 0.974
0.568, -0.025, 0.977
0.562, -0.033, 0.980
0.569, -0.033, 0.978
0.571, -0.042, 0.982
0.583, -0.008, 0.972
0.581, 0.001, 0.969
0.579, 0.009, 0.966
0.570, 0.017, 0.966
0.578, 0.026, 0.964
0.585, 0.034, 0.962
0.592, 0.042, 0.960
0.602, 0.034, 0.962
0.595, 0.026, 0.965
0.586, 0.017, 0.964
0.578, 0.017, 0.965
0.586, 0.026, 0.964
0.594, 0.034, 0.963
0.604, 0.017, 0.966
0.611, 0.026, 0.963
0.610, 0.034, 0.962
0.611, 0.017, 0.964
0.605, 0.009, 0.968
0.599, 0.001, 0.972
0.591, -0.008, 0.972
0.584, -0.016, 0.975
0.592, -0.016, 0.974
0.601, -0.016, 0.974
0.593, -0.025, 0.976
0.602, -0.025, 0.975
0.609, -0.016, 0.975
0.609, -0.008, 0.973
0.617, -0.008, 0.973
0.618, -0.016, 0.974
0.610, -0.025, 0.976
0.611, -0.033, 0.976
0.604, -0.042, 0.979
0.616, -0.051, 0.986
0.625, -0.059, 0.986
0.592, -0.051, 0.987
0.628, -0.077, 0.990
0.424, -0.103, 0.997
0.579, 0.084, 0.952
0.508, 0.115, 0.943
0.462, 0.139, 0.934
0.458, 0.186, 0.925
0.452, 0.239, 0.913
0.441, 0.277, 0.907
0.368, 0.283, 0.902
0.392, 0.283, 0.903
0.412, 0.304, 0.895
0.412, 0.312, 0.895
0.419, 0.312, 0.894
0.427, 0.312, 0.895
0.419, 0.304, 0.895
0.427, 0.304, 0.895
0.287, 0.312, 0.895
0.295, 0.312, 0.895
0.302, 0.319, 0.893
0.294, 0.326, 0.891
0.309, 0.326, 0.891
0.252, 0.368, 0.879
0.259, 0.375, 0.878
0.267, 0.383, 0.880
0.266, 0.390, 0.878
0.274, 0.390, 0.878
0.281, 0.397, 0.876
0.288, 0.403, 0.872
0.280, 0.410, 0.871
0.287, 0.410, 0.871
0.293, 0.416, 0.867
0.302, 0.416, 0.869
0.295, 0.410, 0.871
0.302, 0.409, 0.870
0.295, 0.403, 0.873
0.288, 0.396, 0.875
0.282, 0.390, 0.878
0.275, 0.383, 0.879
0.282, 0.383, 0.878
0.289, 0.390, 0.877
0.296, 0.396, 0.874
0.302, 0.402, 0.871
0.309, 0.409, 0.869
0.318, 0.403, 0.872
0.311, 0.396, 0.874
0.304, 0.389, 0.876
0.319, 0.396, 0.875
0.325, 0.402, 0.871
0.331, 0.408, 0.867
0.319, 0.389, 0.875
0.289, 0.382, 0.878
0.297, 0.374, 0.877
0.309, 0.424, 0.869
0.316, 0.424, 0.868
0.259, 0.368, 0.879
0.225, 0.320, 0.894
0.217, 0.319, 0.893
0.225, 0.312, 0.896
0.233, 0.312, 0.895
0.233, 0.305, 0.896
0.234, 0.298, 0.899
0.235, 0.291, 0.904
0.144, 0.382, 0.878
0.076, 0.371, 0.886
0.076, 0.376, 0.881
0.038, 0.377, 0.882
0.030, 0.377, 0.883
0.038, 0.370, 0.885
0.030, 0.363, 0.886
0.022, 0.363, 0.887
0.038, 0.363, 0.885
-0.047, 0.370, 0.885
-0.167, 0.270, 0.912
-0.159, 0.263, 0.913
-0.384, 0.196, 0.937
-0.368, 0.188, 0.937
-0.368, 0.180, 0.939
-0.378, 0.173, 0.942
-0.378, 0.165, 0.943
-0.301, 0.196, 0.934
-0.293, 0.180, 0.935
0.071, 0.270, 0.909
0.078, 0.270, 0.909
0.086, 0.277, 0.908
0.079, 0.255, 0.913
0.079, 0.247, 0.915
0.079, 0.240, 0.917
0.079, 0.233, 0.920
0.079, 0.225, 0.922
0.080, 0.218, 0.924
0.080, 0.210, 0.926
0.080, 0.202, 0.928
0.080, 0.195, 0.929
0.080, 0.187, 0.930
0.080, 0.179, 0.931
0.102, 0.284, 0.906
0.329, 0.283, 0.902
0.343, 0.225, 0.920
0.400, 0.201, 0.921
0.346, 0.170, 0.927
0.345, 0.186, 0.925
0.364, 0.075, 0.952
0.375, 0.051, 0.960
0.376, 0.034, 0.962
0.267, -0.204, 1.025
0.275, -0.213, 1.024
0.267, -0.214, 1.028
0.260, -0.224, 1.034
0.251, -0.233, 1.033
0.242, -0.233, 1.034
0.233, -0.233, 1.035
0.224, -0.233, 1.034
0.215, -0.224, 1.033
0.215, -0.215, 1.032
0.224, -0.224, 1.033
0.269, -0.233, 1.034
0.277, -0.233, 1.031
0.288, -0.243, 1.037
0.298, -0.253, 1.040
0.305, -0.243, 1.036
0.313, -0.233, 1.032
0.305, -0.224, 1.033
0.303, -0.214, 1.028
0.293, -0.204, 1.024
0.284, -0.213, 1.024
0.284, -0.204, 1.022
0.302, -0.204, 1.025
0.313, -0.224, 1.032
0.314, -0.242, 1.033
0.306, -0.252, 1.039
0.338, -0.292, 1.052
0.338, -0.311, 1.053
0.331, -0.340, 1.059
0.381, -0.381, 1.070
0.382, -0.391, 1.073
0.396, -0.405, 1.086
RegionID:3
Center:0.578,-0.250,1.038
Normal:0.007,-0.304,-0.953
NumPatches:44
0.533, -0.262, 1.040
0.542, -0.253, 1.040
0.532, -0.243, 1.038
0.522, -0.243, 1.036
0.529, -0.233, 1.033
0.537, -0.223, 1.031
0.535, -0.214, 1.027
0.542, -0.213, 1.024
0.550, -0.204, 1.022
0.551, -0.213, 1.023
0.544, -0.223, 1.028
0.538, -0.233, 1.033
0.540, -0.243, 1.037
0.551, -0.253, 1.040
0.561, -0.253, 1.041
0.552, -0.262, 1.042
0.562, -0.272, 1.045
0.554, -0.281, 1.045
0.553, -0.272, 1.044
0.554, -0.290, 1.046
0.560, -0.303, 1.056
0.571, -0.262, 1.043
0.569, -0.253, 1.041
0.576, -0.243, 1.037
0.586, -0.243, 1.038
0.578, -0.252, 1.039
0.588, -0.253, 1.041
0.579, -0.262, 1.042
0.571, -0.272, 1.044
0.594, -0.243, 1.036
0.591, -0.232, 1.031
0.600, -0.233, 1.031
0.603, -0.243, 1.036
0.615, -0.253, 1.041
0.623, -0.253, 1.040
0.630, -0.243, 1.037
0.638, -0.242, 1.035
0.632, -0.253, 1.040
0.624, -0.262, 1.041
0.616, -0.272, 1.043
0.644, -0.263, 1.044
0.650, -0.252, 1.039
0.661, -0.262, 1.042
0.652, -0.262, 1.043
RegionID:4
Center:0.170,-0.263,0.972
Normal:-0.007,1.000,-0.003
NumPatches:38
0.148, -0.263, 0.948
0.144, -0.263, 0.978
0.135, -0.263, 0.978
0.123, -0.264, 0.952
0.115, -0.264, 0.951
0.106, -0.263, 0.948
0.099, -0.264, 0.951
0.090, -0.264, 0.950
0.102, -0.265, 0.984
0.110, -0.264, 0.981
0.122, -0.263, 1.011
0.131, -0.263, 1.012
0.119, -0.264, 0.981
0.127, -0.263, 0.979
0.140, -0.263, 1.010
0.148, -0.262, 1.008
0.157, -0.263, 1.009
0.153, -0.264, 0.981
0.156, -0.264, 0.949
0.164, -0.263, 0.949
0.172, -0.262, 0.945
0.186, -0.262, 0.975
0.194, -0.262, 0.976
0.180, -0.262, 0.945
0.188, -0.262, 0.943
0.203, -0.263, 0.978
0.212, -0.263, 0.976
0.197, -0.263, 0.947
0.205, -0.262, 0.945
0.220, -0.263, 0.977
0.227, -0.262, 1.009
0.236, -0.263, 1.009
0.245, -0.263, 1.011
0.238, -0.263, 0.979
0.222, -0.263, 0.949
0.213, -0.262, 0.945
0.231, -0.264, 0.950
0.238, -0.263, 0.946
RegionID:5
Center:-0.318,-0.220,1.043
Normal:-0.036,-0.269,-0.963
NumPatches:29
-0.290, -0.217, 1.041
-0.299, -0.207, 1.039
-0.308, -0.207, 1.038
-0.317, -0.216, 1.038
-0.328, -0.227, 1.046
-0.337, -0.236, 1.045
-0.337, -0.227, 1.046
-0.328, -0.236, 1.046
-0.338, -0.245, 1.048
-0.350, -0.257, 1.056
-0.358, -0.256, 1.055
-0.368, -0.256, 1.056
-0.329, -0.245, 1.048
-0.320, -0.236, 1.048
-0.319, -0.227, 1.046
-0.310, -0.227, 1.047
-0.311, -0.236, 1.049
-0.312, -0.246, 1.052
-0.317, -0.198, 1.039
-0.326, -0.198, 1.037
-0.324, -0.188, 1.034
-0.316, -0.188, 1.035
-0.307, -0.188, 1.035
-0.297, -0.188, 1.033
-0.307, -0.198, 1.037
-0.298, -0.197, 1.035
-0.288, -0.197, 1.034
-0.290, -0.207, 1.038
-0.281, -0.217, 1.041
RegionID:6
Center:0.057,-0.201,1.030
Normal:-0.013,-0.257,-0.966
NumPatches:121
0.008, -0.234, 1.038
0.017, -0.244, 1.040
0.026, -0.234, 1.039
0.026, -0.225, 1.036
0.026, -0.215, 1.035
0.026, -0.206, 1.034
0.017, -0.197, 1.031
0.008, -0.206, 1.032
-0.001, -0.206, 1.032
-0.010, -0.215, 1.033
-0.019, -0.206, 1.033
-0.028, -0.206, 1.035
-0.037, -0.216, 1.039
-0.046, -0.206, 1.035
-0.055, -0.206, 1.033
-0.064, -0.215, 1.035
-0.063, -0.205, 1.030
-0.063, -0.196, 1.029
-0.055, -0.188, 1.031
-0.046, -0.197, 1.032
-0.037, -0.207, 1.036
-0.028, -0.196, 1.028
-0.019, -0.187, 1.027
-0.010, -0.187, 1.027
-0.019, -0.196, 1.029
-0.010, -0.206, 1.033
-0.001, -0.187, 1.029
0.008, -0.187, 1.028
0.017, -0.187, 1.028
0.008, -0.196, 1.029
0.026, -0.187, 1.028
0.035, -0.187, 1.027
0.026, -0.197, 1.031
0.044, -0.187, 1.027
0.053, -0.187, 1.030
0.062, -0.188, 1.031
0.071, -0.178, 1.027
0.079, -0.168, 1.022
0.079, -0.159, 1.017
0.079, -0.149, 1.015
0.079, -0.140, 1.013
0.078, -0.131, 1.010
0.078, -0.122, 1.006
0.078, -0.113, 1.005
0.078, -0.104, 1.004
0.078, -0.095, 1.004
0.087, -0.104, 1.004
0.087, -0.113, 1.004
0.087, -0.122, 1.006
0.087, -0.131, 1.010
0.087, -0.140, 1.013
0.088, -0.149, 1.015
0.088, -0.159, 1.018
0.097, -0.168, 1.022
0.088, -0.168, 1.022
0.080, -0.178, 1.026
0.071, -0.187, 1.030
0.097, -0.177, 1.024
0.106, -0.177, 1.024
0.115, -0.177, 1.022
0.106, -0.187, 1.026
0.098, -0.196, 1.029
0.107, -0.196, 1.029
0.098, -0.206, 1.031
0.089, -0.215, 1.035
0.080, -0.215, 1.034
0.071, -0.206, 1.031
0.062, -0.215, 1.034
0.053, -0.225, 1.037
0.053, -0.215, 1.035
0.062, -0.206, 1.032
0.053, -0.234, 1.039
0.044, -0.243, 1.040
0.035, -0.244, 1.040
0.026, -0.244, 1.041
0.053, -0.243, 1.039
0.062, -0.243, 1.039
0.080, -0.205, 1.030
0.098, -0.215, 1.033
0.107, -0.215, 1.032
0.098, -0.224, 1.035
0.107, -0.224, 1.034
0.098, -0.234, 1.037
0.116, -0.215, 1.034
0.116, -0.206, 1.031
0.125, -0.205, 1.030
0.134, -0.206, 1.032
0.125, -0.215, 1.033
0.134, -0.215, 1.033
0.143, -0.215, 1.034
0.134, -0.224, 1.034
0.143, -0.224, 1.036
0.152, -0.215, 1.033
0.152, -0.205, 1.031
0.151, -0.196, 1.030
0.142, -0.187, 1.028
0.133, -0.177, 1.022
0.124, -0.177, 1.021
0.115, -0.186, 1.024
0.160, -0.187, 1.029
0.160, -0.205, 1.030
0.170, -0.206, 1.031
0.161, -0.215, 1.031
0.152, -0.224, 1.035
0.144, -0.234, 1.037
0.153, -0.234, 1.038
0.144, -0.243, 1.037
0.153, -0.243, 1.039
0.162, -0.244, 1.040
0.171, -0.234, 1.040
0.161, -0.224, 1.035
0.171, -0.244, 1.042
-0.064, -0.225, 1.038
-0.073, -0.234, 1.039
-0.064, -0.234, 1.040
-0.055, -0.235, 1.040
-0.046, -0.235, 1.041
-0.037, -0.225, 1.039
-0.028, -0.225, 1.038
-0.037, -0.235, 1.042
-0.028, -0.235, 1.041
RegionID:7
Center:-0.043,0.052,0.872
Normal:-0.016,-0.248,-0.969
NumPatches:136
0.036, 0.190, 0.835
0.036, 0.196, 0.834
0.036, 0.203, 0.832
0.028, 0.210, 0.831
0.021, 0.210, 0.831
0.014, 0.217, 0.830
0.007, 0.217, 0.831
-0.001, 0.218, 0.832
-0.008, 0.217, 0.831
-0.015, 0.217, 0.830
-0.022, 0.218, 0.831
-0.030, 0.218, 0.832
-0.037, 0.218, 0.832
-0.044, 0.217, 0.831
-0.051, 0.217, 0.830
-0.058, 0.217, 0.830
-0.066, 0.217, 0.830
-0.073, 0.217, 0.829
-0.080, 0.217, 0.830
-0.087, 0.218, 0.832
-0.095, 0.218, 0.832
-0.102, 0.218, 0.832
-0.109, 0.218, 0.832
-0.117, 0.211, 0.833
-0.124, 0.204, 0.836
-0.124, 0.211, 0.834
-0.116, 0.218, 0.832
-0.124, 0.197, 0.837
-0.125, 0.190, 0.838
-0.125, 0.183, 0.839
-0.125, 0.176, 0.841
-0.125, 0.169, 0.843
-0.126, 0.162, 0.845
-0.126, 0.155, 0.847
-0.119, 0.148, 0.850
-0.126, 0.148, 0.850
-0.119, 0.141, 0.850
-0.119, 0.134, 0.851
-0.119, 0.127, 0.854
-0.120, 0.120, 0.857
-0.120, 0.113, 0.858
-0.120, 0.105, 0.860
-0.121, 0.098, 0.862
-0.121, 0.091, 0.864
-0.121, 0.083, 0.866
-0.121, 0.076, 0.868
-0.122, 0.069, 0.870
-0.122, 0.061, 0.872
-0.122, 0.054, 0.874
-0.122, 0.046, 0.875
-0.123, 0.039, 0.876
-0.123, 0.031, 0.878
-0.123, 0.024, 0.880
-0.123, 0.016, 0.882
-0.124, 0.008, 0.884
-0.124, 0.001, 0.886
-0.124, -0.007, 0.888
-0.124, -0.015, 0.890
-0.125, -0.023, 0.892
-0.125, -0.031, 0.895
-0.125, -0.038, 0.896
-0.126, -0.046, 0.899
-0.126, -0.054, 0.900
-0.126, -0.062, 0.903
-0.127, -0.070, 0.905
-0.119, -0.078, 0.907
-0.127, -0.078, 0.908
-0.119, -0.086, 0.910
-0.120, -0.095, 0.912
-0.120, -0.103, 0.914
-0.120, -0.111, 0.916
-0.120, -0.119, 0.917
-0.113, -0.127, 0.919
-0.121, -0.127, 0.919
-0.105, -0.127, 0.919
-0.097, -0.127, 0.919
-0.089, -0.127, 0.919
-0.081, -0.127, 0.919
-0.073, -0.127, 0.919
-0.065, -0.127, 0.918
-0.057, -0.127, 0.919
-0.049, -0.127, 0.919
-0.041, -0.127, 0.920
-0.033, -0.127, 0.920
-0.025, -0.127, 0.920
-0.017, -0.127, 0.919
-0.009, -0.127, 0.918
-0.001, -0.127, 0.918
0.007, -0.127, 0.918
0.015, -0.127, 0.918
0.023, -0.127, 0.918
0.031, -0.127, 0.919
0.039, -0.119, 0.915
0.039, -0.110, 0.912
0.039, -0.102, 0.910
0.039, -0.094, 0.908
0.039, -0.086, 0.907
0.039, -0.078, 0.906
0.039, -0.070, 0.904
0.039, -0.062, 0.901
0.038, -0.054, 0.899
0.038, -0.046, 0.896
0.038, -0.038, 0.895
0.038, -0.030, 0.892
0.038, -0.023, 0.890
0.038, -0.015, 0.887
0.038, -0.007, 0.885
0.038, 0.001, 0.884
0.038, 0.008, 0.883
0.038, 0.016, 0.880
0.038, 0.024, 0.879
0.038, 0.031, 0.877
0.037, 0.039, 0.875
0.037, 0.046, 0.873
0.037, 0.054, 0.871
0.037, 0.061, 0.870
0.037, 0.068, 0.867
0.037, 0.076, 0.865
0.037, 0.083, 0.863
0.037, 0.090, 0.861
0.037, 0.098, 0.859
0.037, 0.105, 0.858
0.037, 0.112, 0.856
0.037, 0.120, 0.854
0.036, 0.127, 0.852
0.036, 0.134, 0.850
0.036, 0.141, 0.848
0.036, 0.148, 0.846
0.036, 0.155, 0.845
0.036, 0.162, 0.843
0.036, 0.169, 0.841
0.036, 0.176, 0.839
0.036, 0.183, 0.837
0.039, -0.127, 0.918
0.021, 0.217, 0.829
0.035, 0.210, 0.830
RegionID:8
Center:0.192,0.060,0.866
Normal:-0.014,-0.247,-0.969
NumPatches:143
0.276, 0.076, 0.861
0.270, 0.068, 0.863
0.269, 0.075, 0.861
0.276, 0.083, 0.859
0.275, 0.090, 0.856
0.274, 0.097, 0.855
0.274, 0.105, 0.855
0.274, 0.112, 0.854
0.273, 0.119, 0.851
0.272, 0.126, 0.849
0.272, 0.133, 0.846
0.271, 0.140, 0.844
0.270, 0.147, 0.841
0.270, 0.154, 0.840
0.269, 0.161, 0.839
0.269, 0.168, 0.838
0.275, 0.175, 0.836
0.275, 0.182, 0.834
0.275, 0.189, 0.833
0.275, 0.196, 0.833
0.274, 0.203, 0.831
0.273, 0.209, 0.828
0.272, 0.216, 0.826
0.265, 0.223, 0.824
0.257, 0.223, 0.824
0.250, 0.223, 0.824
0.243, 0.223, 0.825
0.236, 0.223, 0.826
0.229, 0.223, 0.827
0.222, 0.223, 0.826
0.215, 0.223, 0.826
0.208, 0.223, 0.826
0.200, 0.223, 0.826
0.193, 0.223, 0.827
0.186, 0.224, 0.827
0.179, 0.223, 0.825
0.172, 0.223, 0.825
0.165, 0.223, 0.826
0.157, 0.223, 0.826
0.150, 0.223, 0.826
0.143, 0.223, 0.826
0.136, 0.223, 0.825
0.129, 0.223, 0.825
0.122, 0.223, 0.826
0.114, 0.224, 0.827
0.107, 0.217, 0.828
0.107, 0.224, 0.828
0.108, 0.210, 0.830
0.108, 0.203, 0.832
0.108, 0.196, 0.834
0.108, 0.190, 0.835
0.109, 0.183, 0.838
0.109, 0.176, 0.840
0.109, 0.169, 0.840
0.109, 0.161, 0.840
0.109, 0.154, 0.842
0.110, 0.148, 0.845
0.110, 0.141, 0.847
0.110, 0.134, 0.849
0.110, 0.126, 0.850
0.110, 0.119, 0.852
0.111, 0.112, 0.853
0.111, 0.105, 0.855
0.111, 0.098, 0.858
0.112, 0.090, 0.860
0.112, 0.083, 0.862
0.112, 0.076, 0.864
0.112, 0.068, 0.866
0.113, 0.061, 0.868
0.113, 0.054, 0.870
0.113, 0.046, 0.872
0.113, 0.039, 0.873
0.113, 0.031, 0.874
0.114, 0.024, 0.877
0.114, 0.016, 0.878
0.114, 0.008, 0.880
0.114, 0.001, 0.882
0.115, -0.007, 0.884
0.115, -0.015, 0.888
0.115, -0.023, 0.890
0.116, -0.030, 0.891
0.116, -0.038, 0.892
0.116, -0.046, 0.895
0.116, -0.054, 0.897
0.117, -0.062, 0.899
0.117, -0.070, 0.901
0.109, -0.078, 0.902
0.117, -0.078, 0.902
0.109, -0.086, 0.905
0.110, -0.094, 0.908
0.110, -0.102, 0.910
0.110, -0.110, 0.911
0.118, -0.118, 0.913
0.111, -0.119, 0.913
0.126, -0.118, 0.913
0.134, -0.118, 0.912
0.143, -0.127, 0.916
0.135, -0.127, 0.916
0.151, -0.127, 0.915
0.158, -0.127, 0.915
0.167, -0.127, 0.916
0.175, -0.127, 0.917
0.182, -0.119, 0.914
0.190, -0.119, 0.913
0.183, -0.127, 0.916
0.198, -0.118, 0.912
0.206, -0.118, 0.912
0.214, -0.118, 0.913
0.222, -0.118, 0.912
0.229, -0.118, 0.911
0.237, -0.118, 0.910
0.245, -0.118, 0.911
0.237, -0.126, 0.913
0.253, -0.118, 0.913
0.261, -0.118, 0.913
0.268, -0.110, 0.908
0.275, -0.102, 0.905
0.275, -0.094, 0.905
0.274, -0.086, 0.903
0.273, -0.078, 0.900
0.273, -0.070, 0.898
0.272, -0.062, 0.897
0.272, -0.054, 0.896
0.271, -0.046, 0.893
0.271, -0.038, 0.891
0.278, -0.030, 0.889
0.277, -0.023, 0.886
0.276, -0.015, 0.883
0.275, -0.007, 0.881
0.275, 0.001, 0.879
0.274, 0.008, 0.878
0.274, 0.016, 0.876
0.273, 0.023, 0.876
0.273, 0.031, 0.873
0.272, 0.038, 0.870
0.271, 0.046, 0.868
0.271, 0.053, 0.867
0.270, 0.061, 0.865
0.278, -0.038, 0.891
0.276, -0.110, 0.908
0.269, -0.118, 0.911
0.272, 0.223, 0.824
0.276, 0.168, 0.838
RegionID:9
Center:0.079,0.035,0.967
Normal:-0.033,-0.245,-0.969
NumPatches:41
0.081, 0.163, 0.935
0.081, 0.156, 0.937
0.081, 0.148, 0.939
0.081, 0.140, 0.941
0.081, 0.132, 0.943
0.081, 0.124, 0.945
0.082, 0.116, 0.946
0.082, 0.108, 0.948
0.082, 0.100, 0.950
0.074, 0.092, 0.952
0.082, 0.092, 0.952
0.074, 0.084, 0.956
0.074, 0.076, 0.959
0.074, 0.068, 0.961
0.075, 0.059, 0.962
0.083, 0.051, 0.964
0.075, 0.043, 0.965
0.075, 0.051, 0.963
0.083, 0.043, 0.965
0.075, 0.034, 0.966
0.083, 0.034, 0.966
0.075, 0.026, 0.968
0.083, 0.026, 0.968
0.075, 0.018, 0.972
0.084, 0.018, 0.971
0.084, 0.009, 0.973
0.076, 0.001, 0.975
0.084, 0.001, 0.975
0.076, -0.008, 0.976
0.084, -0.008, 0.976
0.076, -0.016, 0.980
0.076, -0.025, 0.982
0.076, -0.034, 0.983
0.085, -0.042, 0.986
0.077, -0.051, 0.991
0.076, -0.042, 0.987
0.086, -0.060, 0.993
0.077, -0.068, 0.994
0.077, -0.060, 0.993
0.086, -0.068, 0.994
0.077, -0.077, 0.997
RegionID:10
Center:-0.518,0.106,0.963
Normal:-0.016,-0.228,-0.973
NumPatches:63
-0.578, 0.109, 0.962
-0.580, 0.101, 0.965
-0.572, 0.093, 0.966
-0.574, 0.085, 0.970
-0.567, 0.077, 0.972
-0.575, 0.077, 0.971
-0.556, 0.085, 0.967
-0.548, 0.077, 0.969
-0.540, 0.085, 0.970
-0.539, 0.093, 0.968
-0.547, 0.101, 0.966
-0.545, 0.110, 0.963
-0.537, 0.110, 0.964
-0.528, 0.110, 0.963
-0.538, 0.102, 0.966
-0.520, 0.118, 0.962
-0.509, 0.126, 0.958
-0.507, 0.134, 0.955
-0.499, 0.142, 0.955
-0.506, 0.150, 0.952
-0.504, 0.158, 0.950
-0.495, 0.165, 0.947
-0.489, 0.158, 0.951
-0.498, 0.150, 0.953
-0.497, 0.158, 0.950
-0.491, 0.142, 0.956
-0.500, 0.134, 0.956
-0.492, 0.134, 0.957
-0.484, 0.126, 0.957
-0.492, 0.126, 0.958
-0.486, 0.118, 0.961
-0.496, 0.110, 0.965
-0.504, 0.110, 0.965
-0.513, 0.110, 0.965
-0.521, 0.102, 0.966
-0.520, 0.110, 0.964
-0.511, 0.118, 0.962
-0.521, 0.093, 0.965
-0.532, 0.085, 0.969
-0.522, 0.085, 0.967
-0.532, 0.077, 0.970
-0.524, 0.077, 0.970
-0.533, 0.068, 0.971
-0.543, 0.060, 0.974
-0.556, 0.052, 0.982
-0.546, 0.052, 0.979
-0.556, 0.043, 0.982
-0.534, 0.060, 0.973
-0.524, 0.068, 0.970
-0.516, 0.060, 0.971
-0.526, 0.052, 0.974
-0.537, 0.043, 0.979
-0.536, 0.052, 0.976
-0.524, 0.060, 0.971
-0.487, 0.110, 0.964
-0.476, 0.117, 0.959
-0.467, 0.126, 0.958
-0.477, 0.109, 0.960
-0.482, 0.150, 0.953
-0.479, 0.166, 0.948
-0.471, 0.166, 0.948
-0.463, 0.166, 0.949
-0.464, 0.158, 0.952
RegionID:11
Center:-0.338,0.320,0.904
Normal:-0.056,-0.208,-0.977
NumPatches:25
-0.327, 0.350, 0.893
-0.328, 0.344, 0.896
-0.330, 0.338, 0.901
-0.338, 0.331, 0.903
-0.347, 0.323, 0.904
-0.355, 0.315, 0.904
-0.363, 0.316, 0.906
-0.363, 0.323, 0.905
-0.354, 0.323, 0.904
-0.346, 0.331, 0.903
-0.356, 0.309, 0.908
-0.348, 0.308, 0.907
-0.357, 0.301, 0.909
-0.348, 0.301, 0.908
-0.340, 0.308, 0.906
-0.339, 0.315, 0.904
-0.331, 0.315, 0.903
-0.323, 0.315, 0.904
-0.315, 0.323, 0.903
-0.322, 0.330, 0.901
-0.331, 0.331, 0.904
-0.314, 0.329, 0.900
-0.315, 0.315, 0.904
-0.332, 0.300, 0.906
-0.348, 0.293, 0.909
RegionID:12
Center:0.400,0.360,0.881
Normal:-0.001,-0.257,-0.966
NumPatches:37
0.392, 0.355, 0.885
0.384, 0.354, 0.884
0.377, 0.347, 0.885
0.369, 0.340, 0.886
0.368, 0.347, 0.884
0.377, 0.340, 0.887
0.386, 0.341, 0.889
0.393, 0.348, 0.888
0.399, 0.354, 0.884
0.390, 0.361, 0.881
0.381, 0.367, 0.878
0.374, 0.360, 0.878
0.367, 0.368, 0.881
0.374, 0.376, 0.880
0.388, 0.374, 0.876
0.387, 0.380, 0.873
0.394, 0.387, 0.872
0.402, 0.381, 0.874
0.395, 0.374, 0.876
0.389, 0.367, 0.878
0.397, 0.368, 0.879
0.405, 0.369, 0.881
0.413, 0.369, 0.882
0.420, 0.376, 0.880
0.420, 0.383, 0.879
0.428, 0.368, 0.880
0.421, 0.368, 0.881
0.428, 0.360, 0.879
0.421, 0.354, 0.882
0.414, 0.354, 0.882
0.406, 0.354, 0.882
0.422, 0.346, 0.883
0.428, 0.353, 0.881
0.422, 0.339, 0.884
0.423, 0.332, 0.887
0.425, 0.326, 0.890
0.394, 0.380, 0.873
RegionID:13
Center:0.465,0.386,0.874
Normal:0.084,-0.170,-0.982
NumPatches:22
0.438, 0.402, 0.870
0.446, 0.395, 0.871
0.453, 0.401, 0.869
0.461, 0.402, 0.870
0.453, 0.394, 0.870
0.447, 0.387, 0.872
0.441, 0.381, 0.875
0.447, 0.381, 0.873
0.454, 0.387, 0.871
0.461, 0.394, 0.870
0.471, 0.396, 0.874
0.462, 0.388, 0.872
0.471, 0.381, 0.875
0.463, 0.381, 0.874
0.479, 0.389, 0.875
0.479, 0.396, 0.875
0.487, 0.382, 0.876
0.480, 0.375, 0.877
0.479, 0.382, 0.876
0.488, 0.375, 0.878
0.480, 0.367, 0.878
0.481, 0.360, 0.880
RegionID:14
Center:0.178,0.413,0.870
Normal:0.012,-0.294,-0.956
NumPatches:22
0.136, 0.410, 0.872
0.143, 0.410, 0.872
0.151, 0.417, 0.871
0.158, 0.423, 0.867
0.165, 0.423, 0.866
0.158, 0.417, 0.870
0.165, 0.416, 0.868
0.173, 0.422, 0.866
0.180, 0.416, 0.868
0.173, 0.415, 0.867
0.181, 0.410, 0.872
0.174, 0.403, 0.872
0.174, 0.396, 0.874
0.188, 0.416, 0.869
0.188, 0.423, 0.866
0.196, 0.417, 0.870
0.189, 0.410, 0.872
0.197, 0.403, 0.873
0.189, 0.403, 0.873
0.204, 0.411, 0.873
0.204, 0.417, 0.871
0.205, 0.404, 0.874
