NumRegions:10
RegionID:0
Center:0.132,-0.239,0.829
Normal:-0.118,-0.012,-0.993
NumPatches:264
0.100, -0.079, 0.829
0.100, -0.071, 0.829
0.093, -0.065, 0.832
0.086, -0.057, 0.833
0.079, -0.057, 0.834
0.072, -0.058, 0.835
0.065, -0.058, 0.835
0.058, -0.058, 0.836
0.050, -0.058, 0.838
0.043, -0.058, 0.838
0.036, -0.058, 0.838
0.029, -0.058, 0.839
0.021, -0.058, 0.841
0.014, -0.058, 0.842
0.007, -0.058, 0.843
-0.001, -0.065, 0.844
-0.008, -0.066, 0.845
-0.015, -0.066, 0.846
-0.023, -0.066, 0.847
-0.030, -0.066, 0.847
-0.037, -0.066, 0.847
-0.045, -0.066, 0.848
-0.052, -0.073, 0.848
-0.060, -0.081, 0.850
-0.052, -0.080, 0.847
-0.060, -0.088, 0.850
-0.060, -0.096, 0.851
-0.060, -0.103, 0.851
-0.052, -0.110, 0.848
-0.060, -0.110, 0.850
-0.052, -0.118, 0.849
-0.052, -0.125, 0.849
-0.052, -0.132, 0.847
-0.052, -0.140, 0.848
-0.052, -0.147, 0.848
-0.052, -0.155, 0.850
-0.052, -0.162, 0.852
-0.052, -0.170, 0.851
-0.052, -0.177, 0.850
-0.052, -0.184, 0.849
-0.052, -0.192, 0.850
-0.052, -0.199, 0.850
-0.052, -0.206, 0.848
-0.052, -0.213, 0.849
-0.052, -0.221, 0.850
-0.052, -0.229, 0.851
-0.052, -0.236, 0.852
-0.045, -0.244, 0.850
-0.052, -0.244, 0.851
-0.045, -0.251, 0.851
-0.045, -0.258, 0.851
-0.045, -0.266, 0.850
-0.045, -0.274, 0.852
-0.045, -0.281, 0.853
-0.045, -0.288, 0.852
-0.045, -0.296, 0.852
-0.045, -0.303, 0.852
-0.045, -0.310, 0.851
-0.045, -0.318, 0.851
-0.045, -0.325, 0.852
-0.045, -0.333, 0.852
-0.045, -0.340, 0.852
-0.045, -0.348, 0.852
-0.038, -0.355, 0.852
-0.045, -0.356, 0.853
-0.038, -0.363, 0.853
-0.038, -0.371, 0.854
-0.038, -0.378, 0.854
-0.038, -0.385, 0.853
-0.038, -0.392, 0.851
-0.038, -0.399, 0.851
-0.038, -0.407, 0.851
-0.038, -0.414, 0.850
-0.030, -0.421, 0.849
-0.038, -0.421, 0.850
-0.030, -0.429, 0.851
-0.023, -0.428, 0.850
-0.015, -0.428, 0.849
-0.008, -0.427, 0.848
-0.001, -0.427, 0.847
0.007, -0.426, 0.846
0.014, -0.426, 0.846
0.021, -0.426, 0.846
0.029, -0.426, 0.845
0.036, -0.425, 0.844
0.043, -0.425, 0.843
0.051, -0.424, 0.842
0.058, -0.423, 0.840
0.065, -0.416, 0.840
0.065, -0.409, 0.840
0.072, -0.409, 0.840
0.080, -0.409, 0.841
0.087, -0.415, 0.839
0.080, -0.416, 0.840
0.072, -0.423, 0.840
0.065, -0.423, 0.840
0.094, -0.415, 0.838
0.101, -0.421, 0.835
0.094, -0.421, 0.836
0.108, -0.421, 0.835
0.115, -0.413, 0.834
0.122, -0.412, 0.832
0.115, -0.420, 0.834
0.130, -0.412, 0.832
0.137, -0.412, 0.831
0.144, -0.411, 0.830
0.151, -0.410, 0.829
0.157, -0.416, 0.826
0.151, -0.417, 0.828
0.164, -0.416, 0.825
0.172, -0.416, 0.825
0.179, -0.415, 0.824
0.185, -0.415, 0.823
0.193, -0.415, 0.824
0.200, -0.415, 0.824
0.207, -0.415, 0.823
0.214, -0.414, 0.822
0.207, -0.422, 0.823
0.214, -0.422, 0.822
0.221, -0.413, 0.820
0.228, -0.413, 0.820
0.234, -0.413, 0.819
0.241, -0.411, 0.817
0.248, -0.411, 0.816
0.255, -0.411, 0.815
0.261, -0.410, 0.815
0.268, -0.410, 0.814
0.275, -0.410, 0.813
0.282, -0.410, 0.813
0.289, -0.409, 0.812
0.295, -0.408, 0.811
0.302, -0.408, 0.810
0.309, -0.408, 0.809
0.316, -0.401, 0.809
0.316, -0.393, 0.808
0.316, -0.386, 0.808
0.309, -0.380, 0.809
0.309, -0.373, 0.810
0.310, -0.366, 0.811
0.309, -0.359, 0.810
0.309, -0.352, 0.810
0.309, -0.345, 0.810
0.310, -0.338, 0.811
0.309, -0.331, 0.810
0.309, -0.323, 0.809
0.309, -0.316, 0.809
0.309, -0.309, 0.809
0.309, -0.302, 0.809
0.309, -0.295, 0.809
0.309, -0.288, 0.809
0.309, -0.281, 0.809
0.309, -0.274, 0.808
0.309, -0.267, 0.808
0.302, -0.260, 0.810
0.302, -0.253, 0.810
0.302, -0.246, 0.810
0.302, -0.239, 0.809
0.302, -0.232, 0.809
0.302, -0.225, 0.810
0.302, -0.218, 0.810
0.302, -0.211, 0.810
0.302, -0.204, 0.809
0.302, -0.197, 0.810
0.302, -0.190, 0.810
0.302, -0.183, 0.810
0.302, -0.175, 0.809
0.302, -0.168, 0.809
0.302, -0.161, 0.809
0.302, -0.154, 0.808
0.302, -0.147, 0.809
0.302, -0.140, 0.809
0.301, -0.133, 0.808
0.301, -0.126, 0.808
0.302, -0.119, 0.808
0.295, -0.112, 0.810
0.295, -0.105, 0.810
0.295, -0.098, 0.809
0.294, -0.091, 0.808
0.294, -0.084, 0.808
0.295, -0.077, 0.809
0.295, -0.070, 0.809
0.295, -0.063, 0.808
0.295, -0.056, 0.809
0.288, -0.049, 0.809
0.281, -0.049, 0.809
0.274, -0.049, 0.810
0.268, -0.049, 0.812
0.261, -0.056, 0.812
0.254, -0.056, 0.812
0.247, -0.056, 0.813
0.240, -0.049, 0.814
0.234, -0.049, 0.816
0.227, -0.049, 0.817
0.220, -0.049, 0.817
0.213, -0.049, 0.817
0.206, -0.049, 0.818
0.199, -0.056, 0.819
0.192, -0.056, 0.820
0.185, -0.057, 0.822
0.178, -0.057, 0.824
0.171, -0.057, 0.824
0.164, -0.057, 0.824
0.157, -0.057, 0.824
0.150, -0.057, 0.825
0.143, -0.057, 0.827
0.136, -0.064, 0.828
0.129, -0.072, 0.830
0.136, -0.071, 0.828
0.136, -0.079, 0.829
0.136, -0.086, 0.830
0.136, -0.093, 0.828
0.129, -0.100, 0.830
0.136, -0.100, 0.827
0.129, -0.108, 0.830
0.129, -0.115, 0.829
0.129, -0.122, 0.829
0.129, -0.129, 0.830
0.129, -0.137, 0.830
0.136, -0.143, 0.827
0.129, -0.144, 0.829
0.136, -0.151, 0.828
0.136, -0.158, 0.828
0.136, -0.165, 0.828
0.136, -0.172, 0.828
0.136, -0.179, 0.828
0.136, -0.187, 0.827
0.136, -0.194, 0.827
0.129, -0.201, 0.829
0.122, -0.202, 0.830
0.115, -0.194, 0.830
0.115, -0.187, 0.830
0.115, -0.180, 0.830
0.115, -0.173, 0.831
0.115, -0.166, 0.832
0.108, -0.158, 0.831
0.108, -0.151, 0.830
0.108, -0.144, 0.830
0.108, -0.137, 0.831
0.108, -0.130, 0.832
0.108, -0.123, 0.833
0.101, -0.115, 0.831
0.101, -0.108, 0.831
0.100, -0.101, 0.830
0.100, -0.093, 0.830
0.100, -0.086, 0.830
0.108, -0.115, 0.831
0.115, -0.115, 0.831
0.115, -0.123, 0.834
0.115, -0.158, 0.831
0.122, -0.195, 0.831
0.136, -0.201, 0.828
0.136, -0.057, 0.829
0.199, -0.049, 0.820
0.247, -0.049, 0.812
0.261, -0.049, 0.812
0.295, -0.049, 0.809
0.302, -0.112, 0.809
0.309, -0.260, 0.810
0.316, -0.379, 0.809
0.316, -0.407, 0.808
-0.052, -0.066, 0.850
-0.001, -0.058, 0.844
0.093, -0.057, 0.832
0.100, -0.064, 0.830
RegionID:1
Center:-0.184,-0.364,1.085
Normal:-0.158,-0.270,-0.950
NumPatches:41
-0.183, -0.420, 1.100
-0.192, -0.420, 1.100
-0.202, -0.420, 1.101
-0.212, -0.411, 1.102
-0.211, -0.401, 1.100
-0.201, -0.391, 1.098
-0.191, -0.380, 1.093
-0.200, -0.369, 1.090
-0.209, -0.369, 1.090
-0.219, -0.359, 1.089
-0.218, -0.348, 1.084
-0.217, -0.338, 1.081
-0.217, -0.328, 1.080
-0.207, -0.327, 1.077
-0.197, -0.316, 1.072
-0.187, -0.315, 1.069
-0.197, -0.327, 1.076
-0.177, -0.315, 1.067
-0.178, -0.326, 1.072
-0.169, -0.336, 1.077
-0.179, -0.336, 1.076
-0.170, -0.347, 1.080
-0.160, -0.336, 1.075
-0.150, -0.335, 1.071
-0.160, -0.346, 1.078
-0.170, -0.357, 1.081
-0.170, -0.366, 1.082
-0.181, -0.378, 1.088
-0.190, -0.369, 1.090
-0.171, -0.377, 1.085
-0.171, -0.387, 1.087
-0.162, -0.398, 1.091
-0.172, -0.398, 1.092
-0.163, -0.409, 1.095
-0.153, -0.408, 1.092
-0.143, -0.417, 1.091
-0.134, -0.428, 1.095
-0.144, -0.437, 1.095
-0.140, -0.333, 1.065
-0.209, -0.359, 1.088
-0.202, -0.401, 1.099
RegionID:2
Center:-0.348,-0.374,1.105
Normal:-0.074,-0.281,-0.957
NumPatches:36
-0.380, -0.322, 1.091
-0.371, -0.331, 1.090
-0.362, -0.342, 1.094
-0.374, -0.353, 1.101
-0.365, -0.354, 1.101
-0.375, -0.364, 1.103
-0.377, -0.375, 1.108
-0.368, -0.386, 1.112
-0.379, -0.397, 1.115
-0.390, -0.398, 1.118
-0.378, -0.386, 1.113
-0.369, -0.396, 1.114
-0.379, -0.407, 1.116
-0.369, -0.407, 1.115
-0.380, -0.418, 1.118
-0.370, -0.417, 1.118
-0.358, -0.385, 1.110
-0.357, -0.374, 1.106
-0.347, -0.374, 1.106
-0.336, -0.363, 1.102
-0.335, -0.352, 1.097
-0.324, -0.342, 1.094
-0.323, -0.331, 1.091
-0.316, -0.352, 1.097
-0.326, -0.353, 1.098
-0.317, -0.363, 1.102
-0.327, -0.374, 1.105
-0.337, -0.374, 1.104
-0.348, -0.385, 1.108
-0.327, -0.383, 1.104
-0.318, -0.374, 1.104
-0.307, -0.373, 1.101
-0.317, -0.383, 1.103
-0.308, -0.383, 1.104
-0.318, -0.393, 1.105
-0.308, -0.393, 1.105
RegionID:3
Center:0.057,0.063,0.950
Normal:-0.085,-0.249,-0.965
NumPatches:2195
0.408, -0.178, 0.979
0.400, -0.187, 0.981
0.400, -0.178, 0.980
0.399, -0.169, 0.977
0.398, -0.160, 0.975
0.406, -0.161, 0.975
0.414, -0.160, 0.974
0.407, -0.169, 0.977
0.415, -0.169, 0.976
0.422, -0.160, 0.973
0.421, -0.151, 0.970
0.420, -0.143, 0.969
0.420, -0.134, 0.968
0.411, -0.125, 0.966
0.403, -0.126, 0.968
0.395, -0.126, 0.969
0.394, -0.117, 0.966
0.392, -0.108, 0.961
0.391, -0.099, 0.959
0.391, -0.091, 0.959
0.399, -0.091, 0.958
0.408, -0.091, 0.960
0.416, -0.083, 0.958
0.414, -0.074, 0.955
0.413, -0.065, 0.951
0.403, -0.057, 0.948
0.396, -0.065, 0.950
0.395, -0.057, 0.949
0.403, -0.049, 0.948
0.395, -0.041, 0.948
0.385, -0.032, 0.945
0.379, -0.041, 0.948
0.377, -0.032, 0.944
0.376, -0.024, 0.942
0.367, -0.016, 0.939
0.359, -0.016, 0.941
0.352, -0.016, 0.942
0.344, -0.016, 0.943
0.335, -0.008, 0.942
0.327, -0.008, 0.943
0.320, -0.016, 0.945
0.312, -0.016, 0.948
0.304, -0.016, 0.948
0.295, -0.008, 0.946
0.287, -0.008, 0.946
0.279, -0.016, 0.946
0.271, -0.016, 0.947
0.263, -0.016, 0.949
0.256, -0.016, 0.951
0.247, -0.008, 0.949
0.240, -0.016, 0.954
0.232, -0.024, 0.954
0.223, -0.024, 0.954
0.223, -0.016, 0.953
0.215, -0.008, 0.953
0.206, 0.001, 0.951
0.198, -0.008, 0.952
0.191, -0.016, 0.957
0.183, -0.016, 0.959
0.174, -0.016, 0.959
0.166, -0.024, 0.960
0.158, -0.016, 0.961
0.150, -0.016, 0.963
0.142, -0.008, 0.963
0.133, -0.008, 0.962
0.125, -0.016, 0.963
0.117, -0.025, 0.967
0.108, -0.025, 0.966
0.100, -0.025, 0.965
0.092, -0.025, 0.966
0.091, -0.016, 0.962
0.083, -0.008, 0.964
0.075, -0.016, 0.968
0.066, -0.008, 0.966
0.058, -0.016, 0.971
0.050, -0.025, 0.973
0.042, -0.025, 0.973
0.033, -0.025, 0.972
0.025, -0.025, 0.973
0.016, -0.025, 0.974
0.008, -0.025, 0.974
-0.001, -0.025, 0.976
-0.009, -0.033, 0.979
-0.018, -0.033, 0.980
-0.026, -0.033, 0.981
-0.035, -0.033, 0.981
-0.043, -0.033, 0.980
-0.052, -0.033, 0.981
-0.060, -0.033, 0.982
-0.069, -0.034, 0.983
-0.078, -0.034, 0.986
-0.087, -0.034, 0.987
-0.095, -0.042, 0.989
-0.104, -0.051, 0.992
-0.104, -0.042, 0.989
-0.113, -0.034, 0.989
-0.121, -0.034, 0.990
-0.130, -0.042, 0.992
-0.139, -0.051, 0.997
-0.148, -0.051, 0.996
-0.157, -0.051, 0.998
-0.166, -0.051, 0.998
-0.175, -0.060, 1.001
-0.184, -0.060, 1.002
-0.193, -0.069, 1.006
-0.202, -0.069, 1.008
-0.210, -0.060, 1.005
-0.210, -0.052, 1.002
-0.218, -0.043, 1.000
-0.227, -0.043, 0.999
-0.235, -0.043, 1.000
-0.246, -0.052, 1.006
-0.254, -0.043, 1.005
-0.254, -0.034, 1.003
-0.261, -0.025, 0.999
-0.270, -0.017, 1.001
-0.280, -0.025, 1.004
-0.289, -0.026, 1.005
-0.299, -0.034, 1.010
-0.309, -0.043, 1.012
-0.317, -0.043, 1.012
-0.326, -0.034, 1.010
-0.335, -0.043, 1.013
-0.346, -0.052, 1.018
-0.355, -0.052, 1.019
-0.364, -0.052, 1.018
-0.372, -0.043, 1.016
-0.381, -0.044, 1.018
-0.391, -0.053, 1.020
-0.401, -0.053, 1.023
-0.411, -0.062, 1.025
-0.420, -0.062, 1.025
-0.430, -0.071, 1.028
-0.441, -0.080, 1.034
-0.440, -0.071, 1.031
-0.411, -0.053, 1.024
-0.410, -0.044, 1.023
-0.409, -0.035, 1.020
-0.408, -0.026, 1.018
-0.406, -0.017, 1.014
-0.397, -0.008, 1.012
-0.405, 0.001, 1.012
-0.405, 0.009, 1.010
-0.413, 0.018, 1.008
-0.401, 0.027, 1.001
-0.400, 0.035, 0.998
-0.408, 0.044, 0.996
-0.417, 0.044, 0.998
-0.426, 0.044, 0.999
-0.436, 0.036, 1.001
-0.446, 0.027, 1.004
-0.456, 0.027, 1.006
-0.466, 0.018, 1.009
-0.476, 0.010, 1.013
-0.474, 0.018, 1.009
-0.467, 0.010, 1.013
-0.454, 0.036, 1.003
-0.444, 0.044, 0.999
-0.435, 0.044, 0.998
-0.445, 0.036, 1.002
-0.437, 0.027, 1.004
-0.447, 0.018, 1.007
-0.399, 0.053, 0.994
-0.406, 0.061, 0.993
-0.404, 0.069, 0.987
-0.413, 0.078, 0.987
-0.422, 0.087, 0.988
-0.431, 0.087, 0.989
-0.440, 0.087, 0.991
-0.450, 0.078, 0.993
-0.460, 0.070, 0.996
-0.469, 0.061, 0.996
-0.479, 0.053, 1.001
-0.478, 0.061, 0.998
-0.478, 0.070, 0.999
-0.478, 0.079, 0.998
-0.469, 0.070, 0.996
-0.459, 0.078, 0.993
-0.457, 0.087, 0.990
-0.466, 0.096, 0.991
-0.475, 0.096, 0.991
-0.483, 0.095, 0.989
-0.474, 0.104, 0.990
-0.482, 0.112, 0.988
-0.473, 0.112, 0.987
-0.462, 0.120, 0.982
-0.464, 0.112, 0.986
-0.457, 0.104, 0.989
-0.466, 0.104, 0.990
-0.457, 0.095, 0.989
-0.447, 0.104, 0.988
-0.447, 0.112, 0.987
-0.437, 0.112, 0.985
-0.426, 0.120, 0.978
-0.417, 0.120, 0.977
-0.428, 0.112, 0.984
-0.419, 0.112, 0.981
-0.410, 0.103, 0.981
-0.420, 0.103, 0.985
-0.401, 0.111, 0.978
-0.394, 0.103, 0.983
-0.402, 0.103, 0.982
-0.384, 0.111, 0.979
-0.383, 0.120, 0.976
-0.374, 0.119, 0.975
-0.365, 0.119, 0.975
-0.356, 0.128, 0.972
-0.347, 0.127, 0.970
-0.356, 0.119, 0.973
-0.366, 0.111, 0.977
-0.376, 0.103, 0.980
-0.385, 0.103, 0.981
-0.376, 0.095, 0.981
-0.387, 0.087, 0.986
-0.396, 0.087, 0.988
-0.404, 0.087, 0.987
-0.413, 0.087, 0.987
-0.378, 0.086, 0.985
-0.347, 0.119, 0.972
-0.338, 0.127, 0.969
-0.329, 0.127, 0.967
-0.339, 0.119, 0.971
-0.348, 0.111, 0.973
-0.329, 0.119, 0.969
-0.320, 0.127, 0.966
-0.319, 0.135, 0.962
-0.310, 0.143, 0.961
-0.318, 0.151, 0.961
-0.326, 0.159, 0.958
-0.334, 0.159, 0.958
-0.341, 0.167, 0.955
-0.349, 0.175, 0.955
-0.349, 0.183, 0.955
-0.349, 0.192, 0.955
-0.349, 0.200, 0.954
-0.348, 0.208, 0.951
-0.338, 0.215, 0.946
-0.337, 0.222, 0.943
-0.336, 0.230, 0.940
-0.328, 0.222, 0.942
-0.330, 0.215, 0.946
-0.339, 0.207, 0.949
-0.340, 0.199, 0.951
-0.323, 0.207, 0.950
-0.340, 0.183, 0.953
-0.332, 0.175, 0.954
-0.341, 0.175, 0.954
-0.325, 0.167, 0.957
-0.301, 0.143, 0.960
-0.311, 0.135, 0.963
-0.303, 0.127, 0.965
-0.293, 0.134, 0.960
-0.292, 0.142, 0.957
-0.292, 0.151, 0.957
-0.301, 0.159, 0.958
-0.299, 0.167, 0.954
-0.308, 0.175, 0.956
-0.298, 0.182, 0.950
-0.290, 0.182, 0.950
-0.299, 0.175, 0.954
-0.291, 0.175, 0.953
-0.283, 0.175, 0.953
-0.272, 0.182, 0.946
-0.271, 0.189, 0.943
-0.271, 0.197, 0.942
-0.262, 0.197, 0.941
-0.254, 0.197, 0.941
-0.247, 0.190, 0.945
-0.256, 0.182, 0.946
-0.264, 0.181, 0.945
-0.273, 0.174, 0.950
-0.274, 0.166, 0.952
-0.266, 0.159, 0.955
-0.275, 0.159, 0.955
-0.267, 0.151, 0.957
-0.276, 0.143, 0.959
-0.284, 0.142, 0.957
-0.267, 0.142, 0.958
-0.258, 0.150, 0.956
-0.249, 0.158, 0.951
-0.248, 0.166, 0.948
-0.240, 0.174, 0.947
-0.247, 0.182, 0.946
-0.255, 0.190, 0.944
-0.239, 0.190, 0.944
-0.230, 0.197, 0.942
-0.229, 0.205, 0.938
-0.236, 0.212, 0.934
-0.228, 0.220, 0.935
-0.236, 0.228, 0.931
-0.243, 0.227, 0.930
-0.252, 0.228, 0.934
-0.235, 0.235, 0.929
-0.235, 0.243, 0.929
-0.226, 0.243, 0.927
-0.217, 0.250, 0.923
-0.226, 0.258, 0.926
-0.233, 0.265, 0.922
-0.225, 0.265, 0.922
-0.216, 0.272, 0.918
-0.217, 0.265, 0.920
-0.209, 0.257, 0.921
-0.201, 0.249, 0.923
-0.209, 0.249, 0.922
-0.194, 0.250, 0.924
-0.185, 0.257, 0.922
-0.193, 0.266, 0.924
-0.185, 0.273, 0.919
-0.192, 0.280, 0.916
-0.199, 0.287, 0.914
-0.199, 0.294, 0.911
-0.191, 0.301, 0.910
-0.198, 0.309, 0.909
-0.206, 0.309, 0.909
-0.214, 0.309, 0.909
-0.222, 0.302, 0.911
-0.230, 0.302, 0.910
-0.239, 0.302, 0.913
-0.248, 0.296, 0.918
-0.257, 0.297, 0.919
-0.238, 0.310, 0.911
-0.246, 0.318, 0.911
-0.255, 0.326, 0.913
-0.263, 0.326, 0.913
-0.271, 0.319, 0.914
-0.280, 0.312, 0.917
-0.287, 0.303, 0.916
-0.296, 0.296, 0.918
-0.305, 0.289, 0.922
-0.313, 0.297, 0.922
-0.322, 0.290, 0.924
-0.331, 0.282, 0.926
-0.340, 0.276, 0.930
-0.340, 0.283, 0.928
-0.331, 0.291, 0.926
-0.321, 0.297, 0.922
-0.329, 0.305, 0.920
-0.337, 0.313, 0.921
-0.346, 0.314, 0.922
-0.354, 0.314, 0.924
-0.363, 0.315, 0.926
-0.329, 0.313, 0.921
-0.323, 0.282, 0.925
-0.315, 0.275, 0.926
-0.324, 0.268, 0.930
-0.333, 0.268, 0.931
-0.342, 0.261, 0.934
-0.351, 0.253, 0.936
-0.359, 0.253, 0.936
-0.367, 0.253, 0.936
-0.377, 0.246, 0.940
-0.376, 0.254, 0.938
-0.366, 0.261, 0.934
-0.374, 0.269, 0.934
-0.382, 0.277, 0.934
-0.391, 0.277, 0.935
-0.398, 0.285, 0.933
-0.407, 0.285, 0.933
-0.398, 0.293, 0.933
-0.390, 0.293, 0.933
-0.381, 0.284, 0.932
-0.390, 0.285, 0.933
-0.374, 0.276, 0.932
-0.358, 0.260, 0.933
-0.369, 0.238, 0.941
-0.378, 0.230, 0.943
-0.389, 0.224, 0.949
-0.397, 0.224, 0.950
-0.407, 0.216, 0.953
-0.406, 0.224, 0.950
-0.399, 0.208, 0.955
-0.408, 0.209, 0.956
-0.400, 0.200, 0.956
-0.408, 0.192, 0.957
-0.402, 0.185, 0.961
-0.411, 0.177, 0.963
-0.420, 0.177, 0.964
-0.431, 0.170, 0.970
-0.439, 0.169, 0.969
-0.438, 0.177, 0.967
-0.429, 0.177, 0.966
-0.423, 0.161, 0.971
-0.431, 0.153, 0.970
-0.423, 0.153, 0.972
-0.415, 0.153, 0.971
-0.415, 0.145, 0.973
-0.403, 0.168, 0.964
-0.393, 0.176, 0.959
-0.383, 0.184, 0.956
-0.391, 0.192, 0.956
-0.391, 0.200, 0.954
-0.390, 0.208, 0.953
-0.390, 0.216, 0.952
-0.379, 0.223, 0.947
-0.370, 0.230, 0.943
-0.378, 0.238, 0.942
-0.361, 0.238, 0.941
-0.351, 0.245, 0.938
-0.343, 0.253, 0.936
-0.343, 0.245, 0.937
-0.353, 0.238, 0.941
-0.380, 0.215, 0.949
-0.382, 0.192, 0.954
-0.374, 0.192, 0.955
-0.366, 0.183, 0.955
-0.384, 0.176, 0.958
-0.385, 0.168, 0.962
-0.395, 0.160, 0.965
-0.378, 0.160, 0.965
-0.370, 0.160, 0.965
-0.379, 0.152, 0.968
-0.341, 0.268, 0.932
-0.323, 0.275, 0.927
-0.316, 0.268, 0.930
-0.307, 0.275, 0.928
-0.298, 0.282, 0.925
-0.299, 0.275, 0.928
-0.308, 0.268, 0.930
-0.300, 0.268, 0.930
-0.309, 0.261, 0.934
-0.301, 0.260, 0.932
-0.291, 0.267, 0.928
-0.282, 0.274, 0.925
-0.275, 0.267, 0.926
-0.284, 0.260, 0.931
-0.293, 0.252, 0.932
-0.301, 0.245, 0.935
-0.310, 0.237, 0.937
-0.302, 0.237, 0.936
-0.310, 0.229, 0.937
-0.302, 0.229, 0.937
-0.294, 0.229, 0.936
-0.303, 0.221, 0.939
-0.285, 0.236, 0.934
-0.292, 0.244, 0.932
-0.301, 0.253, 0.934
-0.292, 0.260, 0.931
-0.285, 0.252, 0.934
-0.277, 0.245, 0.934
-0.268, 0.251, 0.930
-0.268, 0.244, 0.933
-0.277, 0.237, 0.935
-0.286, 0.229, 0.936
-0.277, 0.229, 0.936
-0.286, 0.221, 0.938
-0.278, 0.221, 0.937
-0.287, 0.213, 0.941
-0.279, 0.214, 0.942
-0.287, 0.206, 0.942
-0.269, 0.229, 0.936
-0.269, 0.237, 0.935
-0.304, 0.304, 0.919
-0.295, 0.311, 0.916
-0.287, 0.311, 0.915
-0.279, 0.319, 0.915
-0.262, 0.334, 0.912
-0.269, 0.340, 0.908
-0.277, 0.340, 0.908
-0.285, 0.341, 0.909
-0.293, 0.341, 0.909
-0.301, 0.341, 0.910
-0.277, 0.348, 0.907
-0.276, 0.355, 0.906
-0.268, 0.347, 0.905
-0.261, 0.341, 0.909
-0.253, 0.347, 0.905
-0.252, 0.354, 0.903
-0.244, 0.361, 0.901
-0.251, 0.369, 0.901
-0.235, 0.368, 0.898
-0.227, 0.367, 0.896
-0.235, 0.361, 0.899
-0.244, 0.353, 0.901
-0.235, 0.353, 0.899
-0.244, 0.346, 0.903
-0.254, 0.341, 0.909
-0.245, 0.340, 0.908
-0.236, 0.345, 0.900
-0.227, 0.353, 0.899
-0.227, 0.360, 0.898
-0.219, 0.360, 0.897
-0.211, 0.360, 0.897
-0.219, 0.352, 0.899
-0.212, 0.352, 0.898
-0.220, 0.345, 0.900
-0.212, 0.345, 0.900
-0.220, 0.338, 0.902
-0.203, 0.352, 0.896
-0.196, 0.344, 0.898
-0.204, 0.338, 0.901
-0.204, 0.344, 0.898
-0.246, 0.333, 0.910
-0.237, 0.324, 0.907
-0.246, 0.325, 0.910
-0.238, 0.317, 0.909
-0.230, 0.317, 0.908
-0.221, 0.323, 0.904
-0.213, 0.323, 0.905
-0.222, 0.316, 0.908
-0.222, 0.309, 0.909
-0.190, 0.316, 0.907
-0.182, 0.324, 0.905
-0.182, 0.331, 0.905
-0.173, 0.338, 0.901
-0.172, 0.344, 0.898
-0.164, 0.344, 0.897
-0.157, 0.344, 0.896
-0.165, 0.337, 0.899
-0.173, 0.331, 0.903
-0.165, 0.330, 0.902
-0.157, 0.336, 0.898
-0.149, 0.337, 0.898
-0.141, 0.336, 0.897
-0.150, 0.330, 0.902
-0.158, 0.323, 0.905
-0.166, 0.323, 0.904
-0.158, 0.316, 0.906
-0.150, 0.316, 0.905
-0.142, 0.322, 0.902
-0.142, 0.329, 0.900
-0.142, 0.315, 0.902
-0.142, 0.307, 0.904
-0.135, 0.301, 0.908
-0.143, 0.294, 0.911
-0.152, 0.287, 0.913
-0.160, 0.279, 0.913
-0.168, 0.272, 0.916
-0.176, 0.264, 0.918
-0.176, 0.272, 0.917
-0.184, 0.280, 0.917
-0.176, 0.287, 0.915
-0.175, 0.294, 0.911
-0.183, 0.302, 0.910
-0.190, 0.309, 0.909
-0.182, 0.316, 0.907
-0.175, 0.301, 0.909
-0.167, 0.293, 0.910
-0.159, 0.293, 0.910
-0.151, 0.294, 0.911
-0.143, 0.301, 0.908
-0.144, 0.287, 0.913
-0.152, 0.279, 0.914
-0.144, 0.279, 0.914
-0.136, 0.279, 0.913
-0.136, 0.271, 0.914
-0.136, 0.264, 0.916
-0.136, 0.256, 0.917
-0.128, 0.248, 0.916
-0.137, 0.241, 0.919
-0.136, 0.248, 0.918
-0.137, 0.233, 0.921
-0.129, 0.225, 0.922
-0.138, 0.218, 0.926
-0.137, 0.225, 0.923
-0.138, 0.211, 0.929
-0.138, 0.203, 0.930
-0.147, 0.196, 0.934
-0.138, 0.195, 0.931
-0.147, 0.188, 0.937
-0.140, 0.180, 0.939
-0.148, 0.180, 0.940
-0.140, 0.172, 0.940
-0.131, 0.172, 0.939
-0.131, 0.164, 0.939
-0.132, 0.156, 0.941
-0.132, 0.148, 0.943
-0.124, 0.140, 0.945
-0.132, 0.141, 0.947
-0.124, 0.133, 0.947
-0.125, 0.125, 0.950
-0.125, 0.117, 0.952
-0.125, 0.109, 0.955
-0.134, 0.100, 0.956
-0.142, 0.100, 0.956
-0.151, 0.101, 0.957
-0.159, 0.101, 0.959
-0.168, 0.093, 0.962
-0.177, 0.085, 0.965
-0.185, 0.085, 0.964
-0.193, 0.093, 0.963
-0.202, 0.093, 0.963
-0.210, 0.085, 0.965
-0.220, 0.077, 0.970
-0.211, 0.076, 0.968
-0.220, 0.068, 0.971
-0.212, 0.060, 0.972
-0.221, 0.060, 0.973
-0.204, 0.060, 0.972
-0.204, 0.052, 0.974
-0.205, 0.043, 0.977
-0.197, 0.035, 0.980
-0.205, 0.035, 0.980
-0.187, 0.043, 0.974
-0.179, 0.052, 0.974
-0.169, 0.060, 0.968
-0.169, 0.068, 0.965
-0.160, 0.068, 0.964
-0.152, 0.068, 0.965
-0.143, 0.068, 0.965
-0.135, 0.076, 0.963
-0.135, 0.084, 0.962
-0.134, 0.092, 0.956
-0.125, 0.100, 0.956
-0.125, 0.092, 0.955
-0.126, 0.084, 0.959
-0.126, 0.076, 0.962
-0.135, 0.068, 0.963
-0.144, 0.060, 0.966
-0.153, 0.051, 0.971
-0.162, 0.043, 0.974
-0.170, 0.051, 0.972
-0.179, 0.043, 0.975
-0.188, 0.035, 0.978
-0.153, 0.043, 0.973
-0.162, 0.035, 0.975
-0.153, 0.026, 0.975
-0.162, 0.026, 0.977
-0.171, 0.018, 0.981
-0.180, 0.018, 0.983
-0.189, 0.009, 0.982
-0.198, 0.001, 0.988
-0.207, -0.008, 0.989
-0.217, -0.017, 0.994
-0.216, -0.008, 0.990
-0.207, 0.001, 0.989
-0.198, 0.009, 0.986
-0.189, 0.018, 0.982
-0.209, -0.025, 0.996
-0.218, -0.025, 0.997
-0.209, -0.034, 0.997
-0.200, -0.034, 0.996
-0.209, -0.043, 0.999
-0.201, -0.043, 0.999
-0.192, -0.052, 1.001
-0.202, -0.060, 1.005
-0.201, -0.052, 1.002
-0.193, -0.060, 1.003
-0.183, -0.051, 1.000
-0.174, -0.043, 0.996
-0.182, -0.034, 0.992
-0.173, -0.025, 0.989
-0.181, -0.016, 0.988
-0.190, -0.017, 0.989
-0.199, -0.017, 0.990
-0.189, -0.008, 0.986
-0.180, 0.001, 0.982
-0.171, 0.009, 0.982
-0.172, 0.001, 0.983
-0.181, -0.008, 0.985
-0.172, -0.016, 0.988
-0.165, -0.034, 0.992
-0.173, -0.034, 0.992
-0.165, -0.043, 0.995
-0.174, -0.051, 0.998
-0.156, -0.034, 0.991
-0.156, -0.025, 0.990
-0.147, -0.025, 0.990
-0.138, -0.025, 0.990
-0.130, -0.016, 0.988
-0.138, -0.008, 0.984
-0.137, 0.001, 0.981
-0.146, 0.009, 0.980
-0.154, 0.018, 0.979
-0.145, 0.018, 0.979
-0.137, 0.009, 0.978
-0.129, -0.008, 0.984
-0.120, 0.001, 0.980
-0.112, 0.001, 0.981
-0.120, -0.008, 0.983
-0.112, -0.008, 0.981
-0.121, -0.016, 0.988
-0.130, -0.025, 0.990
-0.138, -0.034, 0.990
-0.147, -0.042, 0.991
-0.130, -0.034, 0.990
-0.112, -0.025, 0.988
-0.104, -0.016, 0.985
-0.095, -0.008, 0.983
-0.103, 0.001, 0.982
-0.103, 0.009, 0.978
-0.103, 0.018, 0.977
-0.102, 0.026, 0.975
-0.102, 0.034, 0.972
-0.110, 0.043, 0.970
-0.119, 0.035, 0.972
-0.119, 0.043, 0.970
-0.118, 0.051, 0.965
-0.126, 0.059, 0.963
-0.135, 0.059, 0.965
-0.144, 0.051, 0.968
-0.126, 0.068, 0.962
-0.118, 0.068, 0.962
-0.118, 0.059, 0.962
-0.110, 0.051, 0.966
-0.102, 0.043, 0.970
-0.093, 0.051, 0.968
-0.094, 0.043, 0.970
-0.094, 0.035, 0.972
-0.085, 0.026, 0.972
-0.094, 0.026, 0.975
-0.077, 0.026, 0.969
-0.068, 0.034, 0.967
-0.068, 0.043, 0.967
-0.068, 0.051, 0.965
-0.059, 0.051, 0.964
-0.051, 0.051, 0.962
-0.043, 0.051, 0.962
-0.034, 0.051, 0.962
-0.026, 0.051, 0.962
-0.017, 0.059, 0.956
-0.009, 0.059, 0.956
-0.017, 0.051, 0.961
-0.001, 0.059, 0.956
0.008, 0.059, 0.955
0.016, 0.059, 0.954
0.024, 0.059, 0.953
0.032, 0.059, 0.952
0.024, 0.051, 0.956
0.033, 0.051, 0.955
0.024, 0.042, 0.957
0.033, 0.034, 0.958
0.024, 0.034, 0.959
0.033, 0.026, 0.961
0.041, 0.026, 0.960
0.049, 0.034, 0.958
0.041, 0.042, 0.954
0.041, 0.050, 0.952
0.041, 0.059, 0.951
0.049, 0.059, 0.951
0.057, 0.058, 0.949
0.065, 0.058, 0.948
0.074, 0.058, 0.949
0.082, 0.058, 0.949
0.090, 0.058, 0.948
0.098, 0.058, 0.946
0.106, 0.058, 0.946
0.114, 0.058, 0.945
0.122, 0.066, 0.943
0.130, 0.074, 0.940
0.130, 0.082, 0.938
0.130, 0.090, 0.936
0.129, 0.098, 0.933
0.129, 0.106, 0.931
0.129, 0.114, 0.930
0.121, 0.122, 0.930
0.120, 0.130, 0.927
0.120, 0.138, 0.926
0.120, 0.145, 0.924
0.119, 0.153, 0.921
0.119, 0.161, 0.920
0.119, 0.168, 0.918
0.119, 0.176, 0.916
0.119, 0.184, 0.914
0.118, 0.191, 0.913
0.118, 0.199, 0.911
0.118, 0.206, 0.910
0.118, 0.214, 0.908
0.117, 0.221, 0.906
0.117, 0.229, 0.904
0.117, 0.236, 0.902
0.117, 0.243, 0.900
0.117, 0.251, 0.899
0.116, 0.258, 0.897
0.116, 0.265, 0.894
0.115, 0.272, 0.890
0.115, 0.279, 0.889
0.115, 0.287, 0.888
0.115, 0.294, 0.887
0.115, 0.301, 0.885
0.114, 0.307, 0.882
0.106, 0.314, 0.879
0.106, 0.321, 0.877
0.106, 0.329, 0.877
0.106, 0.336, 0.876
0.106, 0.343, 0.875
0.106, 0.350, 0.873
0.114, 0.343, 0.875
0.121, 0.343, 0.874
0.121, 0.336, 0.877
0.114, 0.329, 0.877
0.122, 0.329, 0.878
0.114, 0.321, 0.877
0.122, 0.314, 0.879
0.122, 0.307, 0.881
0.122, 0.301, 0.884
0.123, 0.294, 0.887
0.123, 0.286, 0.888
0.123, 0.279, 0.889
0.124, 0.265, 0.893
0.124, 0.258, 0.896
0.124, 0.250, 0.897
0.124, 0.243, 0.899
0.125, 0.236, 0.901
0.125, 0.228, 0.902
0.125, 0.221, 0.905
0.126, 0.214, 0.907
0.126, 0.206, 0.909
0.126, 0.198, 0.909
0.126, 0.191, 0.911
0.126, 0.183, 0.914
0.127, 0.176, 0.916
0.127, 0.168, 0.916
0.127, 0.160, 0.918
0.135, 0.152, 0.918
0.127, 0.153, 0.919
0.136, 0.145, 0.922
0.136, 0.137, 0.925
0.136, 0.130, 0.927
0.129, 0.122, 0.930
0.137, 0.122, 0.929
0.137, 0.114, 0.930
0.137, 0.106, 0.931
0.137, 0.098, 0.933
0.137, 0.090, 0.935
0.138, 0.082, 0.937
0.146, 0.074, 0.936
0.138, 0.074, 0.938
0.131, 0.066, 0.943
0.123, 0.058, 0.945
0.131, 0.058, 0.945
0.139, 0.058, 0.945
0.131, 0.050, 0.946
0.139, 0.042, 0.946
0.131, 0.042, 0.947
0.140, 0.034, 0.949
0.148, 0.034, 0.948
0.155, 0.042, 0.944
0.147, 0.050, 0.941
0.155, 0.058, 0.940
0.146, 0.066, 0.939
0.154, 0.074, 0.936
0.162, 0.074, 0.937
0.154, 0.066, 0.938
0.163, 0.058, 0.941
0.163, 0.050, 0.942
0.164, 0.042, 0.944
0.156, 0.034, 0.948
0.170, 0.074, 0.937
0.178, 0.074, 0.936
0.186, 0.074, 0.935
0.194, 0.074, 0.933
0.202, 0.074, 0.933
0.210, 0.074, 0.933
0.218, 0.074, 0.933
0.210, 0.066, 0.934
0.219, 0.066, 0.935
0.211, 0.058, 0.935
0.203, 0.050, 0.938
0.196, 0.042, 0.942
0.204, 0.042, 0.942
0.196, 0.034, 0.944
0.205, 0.025, 0.946
0.197, 0.025, 0.947
0.213, 0.034, 0.945
0.220, 0.042, 0.940
0.211, 0.050, 0.937
0.219, 0.050, 0.936
0.227, 0.058, 0.933
0.234, 0.065, 0.929
0.226, 0.073, 0.930
0.242, 0.073, 0.929
0.250, 0.073, 0.930
0.242, 0.065, 0.930
0.234, 0.057, 0.931
0.227, 0.049, 0.935
0.236, 0.041, 0.938
0.228, 0.041, 0.939
0.221, 0.033, 0.943
0.213, 0.025, 0.946
0.237, 0.033, 0.941
0.237, 0.025, 0.942
0.237, 0.017, 0.943
0.230, 0.009, 0.946
0.222, 0.001, 0.949
0.214, 0.001, 0.950
0.221, 0.009, 0.946
0.223, -0.008, 0.952
0.232, -0.016, 0.954
0.239, -0.008, 0.952
0.246, 0.001, 0.947
0.238, 0.009, 0.946
0.254, 0.009, 0.944
0.262, 0.001, 0.945
0.255, -0.008, 0.949
0.254, 0.001, 0.946
0.270, 0.009, 0.942
0.270, 0.017, 0.943
0.277, 0.025, 0.940
0.269, 0.033, 0.938
0.260, 0.041, 0.937
0.252, 0.041, 0.936
0.242, 0.049, 0.932
0.251, 0.057, 0.933
0.250, 0.065, 0.932
0.258, 0.073, 0.929
0.265, 0.073, 0.927
0.259, 0.065, 0.932
0.267, 0.066, 0.932
0.259, 0.058, 0.935
0.268, 0.050, 0.936
0.260, 0.050, 0.936
0.268, 0.041, 0.936
0.276, 0.050, 0.936
0.276, 0.058, 0.935
0.282, 0.065, 0.929
0.273, 0.073, 0.927
0.273, 0.081, 0.924
0.281, 0.081, 0.925
0.289, 0.081, 0.924
0.281, 0.073, 0.927
0.289, 0.073, 0.927
0.297, 0.073, 0.924
0.290, 0.065, 0.929
0.283, 0.057, 0.932
0.291, 0.057, 0.931
0.298, 0.057, 0.929
0.291, 0.049, 0.933
0.284, 0.041, 0.937
0.276, 0.041, 0.936
0.285, 0.033, 0.939
0.292, 0.041, 0.935
0.299, 0.049, 0.930
0.306, 0.057, 0.928
0.305, 0.065, 0.925
0.313, 0.073, 0.924
0.312, 0.081, 0.923
0.321, 0.073, 0.924
0.313, 0.065, 0.924
0.321, 0.057, 0.925
0.314, 0.049, 0.929
0.322, 0.049, 0.928
0.315, 0.041, 0.930
0.308, 0.033, 0.934
0.301, 0.025, 0.937
0.293, 0.033, 0.938
0.285, 0.025, 0.939
0.278, 0.017, 0.942
0.286, 0.017, 0.942
0.295, 0.009, 0.944
0.286, 0.009, 0.943
0.303, 0.009, 0.944
0.310, 0.017, 0.939
0.309, 0.025, 0.937
0.300, 0.033, 0.936
0.316, 0.033, 0.933
0.311, 0.009, 0.942
0.330, 0.057, 0.927
0.330, 0.065, 0.926
0.329, 0.073, 0.924
0.328, 0.081, 0.922
0.335, 0.081, 0.920
0.343, 0.081, 0.919
0.351, 0.081, 0.919
0.359, 0.081, 0.919
0.366, 0.080, 0.918
0.374, 0.080, 0.918
0.382, 0.080, 0.916
0.390, 0.072, 0.917
0.382, 0.072, 0.917
0.397, 0.080, 0.915
0.396, 0.088, 0.913
0.396, 0.096, 0.913
0.395, 0.104, 0.911
0.386, 0.111, 0.907
0.385, 0.119, 0.905
0.385, 0.127, 0.904
0.384, 0.134, 0.903
0.383, 0.142, 0.901
0.382, 0.149, 0.899
0.382, 0.157, 0.898
0.381, 0.164, 0.896
0.380, 0.172, 0.894
0.380, 0.179, 0.893
0.379, 0.187, 0.890
0.386, 0.194, 0.888
0.377, 0.201, 0.886
0.376, 0.208, 0.884
0.375, 0.215, 0.881
0.375, 0.223, 0.881
0.374, 0.230, 0.880
0.373, 0.237, 0.877
0.373, 0.244, 0.876
0.372, 0.252, 0.876
0.372, 0.259, 0.874
0.379, 0.266, 0.872
0.377, 0.273, 0.869
0.376, 0.280, 0.867
0.368, 0.286, 0.865
0.375, 0.287, 0.865
0.383, 0.294, 0.866
0.375, 0.301, 0.864
0.374, 0.308, 0.861
0.380, 0.314, 0.858
0.388, 0.307, 0.860
0.394, 0.313, 0.856
0.400, 0.320, 0.853
0.402, 0.306, 0.858
0.397, 0.300, 0.862
0.391, 0.294, 0.866
0.383, 0.287, 0.866
0.390, 0.301, 0.864
0.395, 0.307, 0.858
0.403, 0.300, 0.860
0.398, 0.294, 0.865
0.399, 0.287, 0.867
0.405, 0.279, 0.864
0.399, 0.272, 0.866
0.399, 0.279, 0.866
0.406, 0.264, 0.866
0.399, 0.265, 0.867
0.408, 0.258, 0.870
0.402, 0.251, 0.873
0.395, 0.244, 0.875
0.389, 0.237, 0.878
0.382, 0.230, 0.881
0.389, 0.230, 0.880
0.382, 0.223, 0.881
0.390, 0.215, 0.880
0.383, 0.208, 0.882
0.382, 0.215, 0.881
0.390, 0.208, 0.881
0.397, 0.215, 0.880
0.405, 0.223, 0.881
0.411, 0.229, 0.877
0.402, 0.236, 0.873
0.395, 0.237, 0.876
0.419, 0.229, 0.877
0.413, 0.223, 0.880
0.426, 0.222, 0.877
0.434, 0.230, 0.877
0.440, 0.236, 0.874
0.433, 0.244, 0.875
0.446, 0.243, 0.871
0.448, 0.229, 0.875
0.441, 0.229, 0.875
0.434, 0.222, 0.878
0.443, 0.215, 0.880
0.435, 0.215, 0.878
0.449, 0.222, 0.877
0.456, 0.222, 0.876
0.450, 0.214, 0.878
0.457, 0.207, 0.878
0.452, 0.200, 0.882
0.445, 0.193, 0.884
0.438, 0.186, 0.886
0.431, 0.186, 0.887
0.424, 0.178, 0.887
0.416, 0.186, 0.887
0.409, 0.186, 0.888
0.402, 0.179, 0.890
0.396, 0.172, 0.894
0.389, 0.164, 0.896
0.388, 0.172, 0.894
0.394, 0.179, 0.891
0.386, 0.186, 0.890
0.393, 0.194, 0.887
0.392, 0.201, 0.884
0.398, 0.208, 0.882
0.406, 0.208, 0.882
0.407, 0.201, 0.885
0.416, 0.194, 0.887
0.408, 0.194, 0.887
0.401, 0.186, 0.888
0.424, 0.186, 0.887
0.398, 0.157, 0.898
0.390, 0.157, 0.898
0.404, 0.164, 0.895
0.409, 0.171, 0.890
0.419, 0.164, 0.893
0.411, 0.164, 0.893
0.405, 0.157, 0.896
0.425, 0.171, 0.890
0.426, 0.164, 0.893
0.446, 0.186, 0.886
0.453, 0.193, 0.884
0.459, 0.200, 0.881
0.465, 0.207, 0.878
0.464, 0.214, 0.876
0.464, 0.221, 0.875
0.464, 0.229, 0.875
0.470, 0.228, 0.873
0.477, 0.236, 0.872
0.476, 0.243, 0.870
0.467, 0.250, 0.868
0.474, 0.250, 0.867
0.482, 0.250, 0.868
0.490, 0.250, 0.868
0.496, 0.257, 0.865
0.505, 0.250, 0.868
0.498, 0.250, 0.868
0.511, 0.256, 0.864
0.518, 0.249, 0.864
0.514, 0.243, 0.870
0.512, 0.250, 0.867
0.523, 0.255, 0.860
0.524, 0.248, 0.862
0.477, 0.228, 0.872
0.484, 0.220, 0.871
0.477, 0.221, 0.872
0.486, 0.213, 0.874
0.480, 0.207, 0.878
0.474, 0.200, 0.881
0.481, 0.199, 0.879
0.475, 0.193, 0.883
0.477, 0.186, 0.886
0.478, 0.178, 0.888
0.472, 0.171, 0.891
0.465, 0.164, 0.892
0.458, 0.164, 0.893
0.450, 0.156, 0.894
0.441, 0.156, 0.892
0.440, 0.163, 0.890
0.439, 0.170, 0.887
0.447, 0.171, 0.888
0.456, 0.171, 0.890
0.451, 0.149, 0.895
0.459, 0.149, 0.896
0.465, 0.156, 0.893
0.472, 0.163, 0.891
0.479, 0.171, 0.890
0.485, 0.170, 0.887
0.473, 0.156, 0.893
0.466, 0.149, 0.895
0.460, 0.141, 0.897
0.469, 0.134, 0.900
0.460, 0.134, 0.898
0.469, 0.126, 0.900
0.462, 0.118, 0.902
0.455, 0.119, 0.904
0.448, 0.119, 0.905
0.438, 0.126, 0.902
0.432, 0.119, 0.904
0.430, 0.126, 0.901
0.433, 0.111, 0.906
0.442, 0.103, 0.909
0.434, 0.096, 0.909
0.426, 0.096, 0.909
0.419, 0.088, 0.911
0.419, 0.096, 0.910
0.420, 0.080, 0.912
0.430, 0.072, 0.916
0.422, 0.072, 0.916
0.438, 0.072, 0.916
0.444, 0.080, 0.912
0.443, 0.088, 0.910
0.452, 0.080, 0.913
0.445, 0.072, 0.915
0.438, 0.065, 0.918
0.431, 0.057, 0.920
0.424, 0.049, 0.921
0.416, 0.049, 0.921
0.409, 0.041, 0.924
0.407, 0.049, 0.920
0.418, 0.033, 0.927
0.410, 0.033, 0.926
0.419, 0.025, 0.927
0.412, 0.017, 0.930
0.404, 0.009, 0.931
0.397, 0.001, 0.934
0.391, -0.007, 0.938
0.383, -0.008, 0.940
0.376, -0.016, 0.941
0.374, 0.001, 0.937
0.373, 0.009, 0.934
0.372, 0.017, 0.931
0.371, 0.025, 0.930
0.371, 0.033, 0.929
0.379, 0.033, 0.929
0.387, 0.033, 0.929
0.394, 0.033, 0.927
0.395, 0.025, 0.928
0.404, 0.017, 0.930
0.396, 0.017, 0.930
0.412, 0.009, 0.931
0.405, 0.001, 0.933
0.398, -0.007, 0.937
0.391, -0.016, 0.940
0.393, -0.024, 0.943
0.402, -0.032, 0.945
0.394, -0.032, 0.945
0.410, -0.032, 0.943
0.419, -0.041, 0.947
0.412, -0.049, 0.949
0.411, -0.041, 0.947
0.420, -0.049, 0.948
0.412, -0.057, 0.949
0.427, -0.049, 0.947
0.434, -0.040, 0.944
0.426, -0.032, 0.944
0.423, -0.024, 0.937
0.415, -0.016, 0.936
0.408, -0.016, 0.939
0.406, -0.007, 0.936
0.413, 0.001, 0.933
0.421, -0.007, 0.933
0.414, -0.007, 0.935
0.422, -0.016, 0.934
0.429, -0.007, 0.931
0.439, -0.016, 0.936
0.432, -0.024, 0.938
0.430, -0.016, 0.934
0.441, -0.024, 0.940
0.433, -0.032, 0.941
0.443, -0.040, 0.945
0.435, -0.049, 0.946
0.428, -0.057, 0.947
0.435, -0.057, 0.946
0.429, -0.065, 0.949
0.430, -0.074, 0.952
0.439, -0.082, 0.953
0.432, -0.091, 0.957
0.426, -0.100, 0.961
0.418, -0.108, 0.964
0.426, -0.108, 0.963
0.418, -0.117, 0.963
0.427, -0.125, 0.964
0.419, -0.125, 0.965
0.435, -0.134, 0.965
0.428, -0.142, 0.967
0.436, -0.142, 0.965
0.429, -0.151, 0.969
0.432, -0.099, 0.958
0.440, -0.091, 0.956
0.431, -0.082, 0.955
0.449, -0.091, 0.957
0.457, -0.091, 0.957
0.450, -0.099, 0.959
0.441, -0.108, 0.958
0.451, -0.116, 0.961
0.459, -0.108, 0.961
0.458, -0.099, 0.959
0.466, -0.099, 0.958
0.471, -0.090, 0.952
0.470, -0.082, 0.951
0.463, -0.074, 0.952
0.467, -0.065, 0.944
0.460, -0.057, 0.945
0.451, -0.057, 0.945
0.443, -0.057, 0.946
0.443, -0.049, 0.945
0.451, -0.049, 0.944
0.457, -0.040, 0.940
0.450, -0.032, 0.942
0.448, -0.024, 0.938
0.446, -0.016, 0.935
0.445, -0.007, 0.933
0.444, 0.001, 0.930
0.442, 0.009, 0.926
0.453, 0.001, 0.932
0.461, 0.001, 0.932
0.468, 0.009, 0.930
0.476, 0.009, 0.929
0.469, 0.001, 0.931
0.477, -0.007, 0.932
0.471, -0.016, 0.936
0.464, -0.024, 0.937
0.457, -0.032, 0.939
0.464, -0.032, 0.937
0.472, -0.032, 0.938
0.464, -0.040, 0.938
0.458, -0.049, 0.942
0.465, -0.048, 0.940
0.473, -0.040, 0.939
0.481, -0.032, 0.939
0.481, -0.024, 0.938
0.486, -0.016, 0.934
0.485, -0.007, 0.931
0.485, 0.001, 0.931
0.484, 0.009, 0.929
0.491, 0.017, 0.926
0.490, 0.025, 0.924
0.488, 0.033, 0.922
0.478, 0.041, 0.917
0.469, 0.040, 0.916
0.462, 0.041, 0.918
0.469, 0.048, 0.916
0.469, 0.056, 0.915
0.460, 0.064, 0.913
0.453, 0.064, 0.915
0.446, 0.064, 0.916
0.439, 0.057, 0.918
0.439, 0.049, 0.919
0.460, 0.072, 0.913
0.459, 0.080, 0.911
0.458, 0.088, 0.909
0.467, 0.072, 0.912
0.474, 0.080, 0.910
0.482, 0.088, 0.910
0.472, 0.095, 0.906
0.470, 0.103, 0.902
0.462, 0.111, 0.903
0.469, 0.118, 0.900
0.476, 0.126, 0.899
0.483, 0.133, 0.897
0.476, 0.141, 0.898
0.489, 0.140, 0.893
0.496, 0.140, 0.892
0.490, 0.133, 0.895
0.483, 0.126, 0.898
0.476, 0.118, 0.899
0.486, 0.111, 0.902
0.477, 0.110, 0.900
0.487, 0.103, 0.905
0.481, 0.095, 0.908
0.489, 0.088, 0.908
0.483, 0.080, 0.911
0.475, 0.072, 0.912
0.468, 0.064, 0.914
0.494, 0.095, 0.903
0.494, 0.103, 0.903
0.493, 0.110, 0.902
0.492, 0.118, 0.899
0.491, 0.125, 0.897
0.498, 0.125, 0.896
0.506, 0.125, 0.897
0.512, 0.133, 0.893
0.503, 0.140, 0.892
0.502, 0.148, 0.890
0.502, 0.155, 0.889
0.501, 0.163, 0.888
0.500, 0.170, 0.886
0.509, 0.163, 0.888
0.511, 0.148, 0.891
0.518, 0.148, 0.891
0.511, 0.140, 0.891
0.519, 0.140, 0.891
0.527, 0.148, 0.892
0.526, 0.155, 0.890
0.534, 0.148, 0.892
0.527, 0.140, 0.893
0.536, 0.141, 0.894
0.529, 0.133, 0.896
0.539, 0.126, 0.899
0.531, 0.118, 0.899
0.523, 0.110, 0.898
0.515, 0.110, 0.898
0.507, 0.102, 0.898
0.501, 0.095, 0.901
0.495, 0.087, 0.905
0.502, 0.087, 0.904
0.510, 0.087, 0.904
0.504, 0.080, 0.908
0.499, 0.072, 0.912
0.507, 0.072, 0.913
0.500, 0.064, 0.914
0.509, 0.056, 0.916
0.501, 0.056, 0.916
0.510, 0.049, 0.918
0.512, 0.041, 0.922
0.520, 0.033, 0.920
0.513, 0.025, 0.923
0.513, 0.033, 0.923
0.514, 0.017, 0.925
0.523, 0.009, 0.926
0.515, 0.009, 0.927
0.509, 0.001, 0.930
0.501, 0.001, 0.930
0.492, 0.009, 0.929
0.500, 0.009, 0.929
0.510, -0.007, 0.932
0.518, -0.007, 0.932
0.526, -0.007, 0.931
0.517, -0.016, 0.931
0.509, -0.024, 0.930
0.504, -0.032, 0.936
0.498, -0.040, 0.941
0.490, -0.040, 0.941
0.483, -0.049, 0.942
0.475, -0.057, 0.942
0.483, -0.057, 0.944
0.492, -0.057, 0.943
0.492, -0.065, 0.945
0.484, -0.073, 0.944
0.478, -0.082, 0.949
0.485, -0.082, 0.947
0.479, -0.090, 0.951
0.473, -0.099, 0.956
0.467, -0.108, 0.961
0.474, -0.108, 0.959
0.468, -0.117, 0.963
0.461, -0.125, 0.964
0.476, -0.125, 0.962
0.482, -0.116, 0.958
0.491, -0.108, 0.958
0.499, -0.116, 0.957
0.491, -0.116, 0.958
0.506, -0.107, 0.955
0.505, -0.099, 0.953
0.504, -0.090, 0.951
0.494, -0.082, 0.947
0.493, -0.073, 0.946
0.502, -0.082, 0.948
0.509, -0.073, 0.946
0.515, -0.065, 0.942
0.522, -0.057, 0.939
0.521, -0.048, 0.937
0.528, -0.040, 0.935
0.519, -0.032, 0.933
0.510, -0.032, 0.933
0.526, -0.024, 0.932
0.526, -0.016, 0.932
0.533, -0.007, 0.930
0.531, 0.001, 0.927
0.531, 0.009, 0.926
0.538, 0.001, 0.924
0.543, 0.009, 0.920
0.550, 0.017, 0.918
0.559, 0.017, 0.919
0.551, 0.009, 0.919
0.560, 0.009, 0.921
0.569, 0.009, 0.923
0.562, 0.001, 0.924
0.555, -0.007, 0.926
0.570, 0.001, 0.925
0.577, 0.009, 0.923
0.575, 0.017, 0.920
0.566, 0.025, 0.917
0.573, 0.025, 0.917
0.580, 0.032, 0.915
0.579, 0.040, 0.913
0.581, 0.025, 0.916
0.584, 0.001, 0.921
0.577, 0.001, 0.922
0.571, -0.007, 0.926
0.580, -0.015, 0.927
0.574, -0.024, 0.931
0.568, -0.032, 0.934
0.557, -0.024, 0.930
0.551, -0.032, 0.933
0.543, -0.024, 0.934
0.536, -0.032, 0.935
0.527, -0.032, 0.934
0.535, -0.024, 0.933
0.537, -0.040, 0.937
0.529, -0.048, 0.938
0.575, -0.032, 0.933
0.568, -0.040, 0.935
0.576, -0.040, 0.934
0.568, -0.048, 0.934
0.569, -0.056, 0.935
0.563, -0.065, 0.939
0.558, -0.073, 0.944
0.566, -0.073, 0.944
0.560, -0.082, 0.948
0.571, -0.065, 0.939
0.583, -0.032, 0.932
0.582, -0.024, 0.931
0.572, -0.015, 0.928
0.588, -0.015, 0.927
0.585, -0.007, 0.923
0.584, -0.040, 0.933
0.585, -0.048, 0.935
0.523, -0.065, 0.941
0.518, -0.073, 0.946
0.511, -0.082, 0.949
0.520, -0.090, 0.950
0.512, -0.090, 0.950
0.521, -0.099, 0.953
0.528, -0.099, 0.951
0.538, -0.107, 0.953
0.531, -0.116, 0.955
0.523, -0.116, 0.955
0.515, -0.124, 0.957
0.507, -0.124, 0.957
0.507, -0.116, 0.956
0.514, -0.116, 0.955
0.518, -0.133, 0.961
0.510, -0.142, 0.963
0.501, -0.142, 0.963
0.511, -0.150, 0.965
0.519, -0.142, 0.964
0.526, -0.133, 0.962
0.527, -0.142, 0.963
0.520, -0.150, 0.965
0.512, -0.159, 0.966
0.520, -0.159, 0.965
0.512, -0.168, 0.967
0.521, -0.168, 0.967
0.514, -0.176, 0.970
0.523, -0.177, 0.971
0.529, -0.168, 0.967
0.538, -0.168, 0.968
0.531, -0.176, 0.970
0.539, -0.176, 0.970
0.533, -0.186, 0.975
0.541, -0.186, 0.974
0.546, -0.168, 0.967
0.530, -0.107, 0.953
0.531, -0.073, 0.941
0.482, -0.040, 0.940
0.497, -0.032, 0.939
0.488, -0.024, 0.937
0.493, -0.016, 0.931
0.516, 0.064, 0.913
0.521, 0.072, 0.908
0.512, 0.080, 0.907
0.519, 0.087, 0.905
0.517, 0.095, 0.903
0.524, 0.102, 0.900
0.531, 0.110, 0.898
0.523, 0.118, 0.898
0.515, 0.118, 0.899
0.508, 0.118, 0.899
0.500, 0.110, 0.900
0.514, 0.126, 0.897
0.531, 0.126, 0.899
0.539, 0.118, 0.900
0.531, 0.102, 0.900
0.526, 0.095, 0.903
0.534, 0.087, 0.904
0.527, 0.087, 0.905
0.519, 0.079, 0.906
0.528, 0.072, 0.908
0.522, 0.064, 0.911
0.535, 0.072, 0.907
0.543, 0.072, 0.906
0.537, 0.064, 0.909
0.551, 0.072, 0.906
0.558, 0.071, 0.905
0.551, 0.064, 0.907
0.559, 0.064, 0.906
0.565, 0.071, 0.904
0.572, 0.079, 0.901
0.562, 0.087, 0.899
0.556, 0.087, 0.901
0.548, 0.087, 0.902
0.541, 0.087, 0.902
0.540, 0.095, 0.900
0.547, 0.094, 0.899
0.552, 0.102, 0.896
0.562, 0.094, 0.898
0.569, 0.102, 0.897
0.569, 0.110, 0.897
0.569, 0.094, 0.898
0.570, 0.087, 0.899
0.573, 0.071, 0.904
0.567, 0.056, 0.907
0.544, 0.133, 0.895
0.542, 0.140, 0.892
0.487, 0.041, 0.919
0.463, -0.016, 0.936
0.470, -0.007, 0.932
0.417, -0.091, 0.960
0.419, 0.017, 0.929
0.425, 0.025, 0.923
0.380, 0.017, 0.931
0.383, 0.001, 0.938
0.424, 0.041, 0.922
0.424, 0.057, 0.920
0.434, 0.103, 0.909
0.446, 0.126, 0.901
0.487, 0.206, 0.876
0.493, 0.213, 0.873
0.499, 0.220, 0.871
0.499, 0.228, 0.870
0.506, 0.227, 0.869
0.513, 0.227, 0.868
0.500, 0.213, 0.873
0.493, 0.206, 0.874
0.489, 0.192, 0.879
0.395, 0.251, 0.874
0.409, 0.251, 0.872
0.415, 0.258, 0.870
0.416, 0.251, 0.872
0.417, 0.244, 0.873
0.412, 0.278, 0.863
0.419, 0.285, 0.861
0.426, 0.293, 0.860
0.433, 0.293, 0.861
0.427, 0.286, 0.863
0.435, 0.286, 0.863
0.440, 0.292, 0.859
0.439, 0.299, 0.857
0.445, 0.305, 0.854
0.451, 0.312, 0.852
0.444, 0.319, 0.851
0.459, 0.319, 0.852
0.467, 0.320, 0.853
0.459, 0.312, 0.852
0.452, 0.305, 0.853
0.446, 0.298, 0.856
0.452, 0.298, 0.854
0.459, 0.305, 0.852
0.467, 0.313, 0.854
0.474, 0.313, 0.854
0.480, 0.319, 0.850
0.486, 0.318, 0.847
0.481, 0.312, 0.851
0.475, 0.306, 0.855
0.486, 0.310, 0.848
0.493, 0.317, 0.847
0.500, 0.317, 0.847
0.509, 0.311, 0.850
0.501, 0.310, 0.847
0.494, 0.303, 0.848
0.489, 0.297, 0.853
0.517, 0.319, 0.850
0.442, 0.286, 0.862
0.409, 0.306, 0.857
0.410, 0.299, 0.859
0.380, 0.259, 0.875
0.394, 0.111, 0.908
0.398, 0.073, 0.918
0.270, 0.001, 0.944
0.279, -0.008, 0.947
0.049, 0.042, 0.955
0.058, 0.034, 0.959
0.049, 0.026, 0.960
0.058, 0.026, 0.959
0.066, 0.034, 0.958
0.074, 0.034, 0.957
0.082, 0.042, 0.955
0.090, 0.042, 0.953
0.082, 0.034, 0.956
0.074, 0.026, 0.957
0.066, 0.017, 0.959
0.058, 0.017, 0.960
0.066, 0.009, 0.961
0.075, 0.009, 0.961
0.083, 0.017, 0.960
0.083, 0.026, 0.957
0.091, 0.009, 0.962
0.083, 0.001, 0.963
0.075, -0.008, 0.965
0.075, 0.001, 0.963
0.091, 0.001, 0.962
0.100, 0.009, 0.961
0.108, 0.017, 0.958
0.107, 0.026, 0.955
0.099, 0.034, 0.952
0.099, 0.042, 0.951
0.107, 0.034, 0.953
0.108, 0.009, 0.960
0.100, 0.001, 0.962
0.100, -0.008, 0.962
0.100, -0.016, 0.963
-0.068, 0.026, 0.970
-0.060, 0.018, 0.973
-0.051, 0.026, 0.967
-0.051, 0.034, 0.966
-0.043, 0.034, 0.965
-0.034, 0.034, 0.965
-0.026, 0.026, 0.966
-0.034, 0.026, 0.965
-0.043, 0.018, 0.967
-0.051, 0.018, 0.969
-0.060, 0.009, 0.974
-0.051, 0.001, 0.972
-0.060, 0.001, 0.974
-0.052, -0.008, 0.976
-0.043, -0.008, 0.976
-0.035, 0.001, 0.973
-0.043, 0.009, 0.969
-0.034, 0.009, 0.971
-0.026, 0.018, 0.973
-0.018, 0.018, 0.971
-0.009, 0.018, 0.968
-0.001, 0.017, 0.966
-0.001, 0.009, 0.967
-0.001, 0.001, 0.968
-0.009, -0.008, 0.971
-0.001, -0.008, 0.970
-0.009, -0.016, 0.974
-0.018, -0.025, 0.981
-0.009, -0.025, 0.977
-0.035, -0.008, 0.976
-0.035, -0.016, 0.977
-0.035, -0.025, 0.979
-0.095, 0.001, 0.980
-0.095, -0.016, 0.984
-0.104, -0.025, 0.987
-0.095, -0.034, 0.986
-0.210, 0.093, 0.964
-0.184, 0.101, 0.959
-0.184, 0.109, 0.956
-0.183, 0.117, 0.953
-0.191, 0.125, 0.952
-0.201, 0.117, 0.959
-0.209, 0.117, 0.959
-0.218, 0.118, 0.960
-0.217, 0.126, 0.958
-0.217, 0.134, 0.954
-0.216, 0.141, 0.952
-0.208, 0.142, 0.953
-0.199, 0.141, 0.951
-0.191, 0.141, 0.950
-0.183, 0.133, 0.951
-0.191, 0.133, 0.951
-0.201, 0.126, 0.958
-0.183, 0.125, 0.952
-0.174, 0.133, 0.951
-0.166, 0.133, 0.949
-0.158, 0.125, 0.951
-0.166, 0.125, 0.951
-0.175, 0.117, 0.953
-0.168, 0.109, 0.960
-0.176, 0.101, 0.961
-0.185, 0.093, 0.962
-0.177, 0.093, 0.963
-0.168, 0.084, 0.963
-0.160, 0.084, 0.962
-0.159, 0.117, 0.956
-0.159, 0.109, 0.958
-0.168, 0.279, 0.915
-0.176, 0.256, 0.919
-0.169, 0.249, 0.921
-0.177, 0.249, 0.921
-0.186, 0.242, 0.924
-0.194, 0.242, 0.925
-0.186, 0.235, 0.928
-0.195, 0.227, 0.931
-0.203, 0.220, 0.932
-0.212, 0.220, 0.933
-0.220, 0.212, 0.934
-0.220, 0.220, 0.934
-0.228, 0.228, 0.933
-0.227, 0.235, 0.930
-0.219, 0.235, 0.930
-0.220, 0.204, 0.935
-0.195, 0.219, 0.931
-0.187, 0.227, 0.931
-0.178, 0.235, 0.928
-0.170, 0.242, 0.925
-0.170, 0.235, 0.927
-0.230, 0.189, 0.943
-0.239, 0.182, 0.945
-0.240, 0.166, 0.950
-0.250, 0.150, 0.954
-0.259, 0.134, 0.959
-0.268, 0.134, 0.961
-0.260, 0.126, 0.961
-0.268, 0.118, 0.962
-0.278, 0.110, 0.965
-0.286, 0.110, 0.966
-0.296, 0.102, 0.969
-0.306, 0.094, 0.975
-0.314, 0.094, 0.974
-0.323, 0.102, 0.975
-0.332, 0.094, 0.976
-0.341, 0.086, 0.979
-0.351, 0.078, 0.983
-0.362, 0.070, 0.990
-0.371, 0.061, 0.990
-0.380, 0.052, 0.991
-0.391, 0.044, 0.997
-0.399, 0.044, 0.997
-0.390, 0.053, 0.994
-0.389, 0.061, 0.992
-0.395, 0.069, 0.986
-0.378, 0.069, 0.987
-0.380, 0.061, 0.990
-0.392, 0.035, 0.999
-0.383, 0.035, 0.998
-0.372, 0.044, 0.993
-0.363, 0.052, 0.992
-0.363, 0.061, 0.991
-0.353, 0.069, 0.987
-0.363, 0.044, 0.992
-0.373, 0.035, 0.996
-0.350, 0.086, 0.981
-0.350, 0.094, 0.978
-0.332, 0.086, 0.977
-0.333, 0.077, 0.979
-0.334, 0.069, 0.983
-0.336, 0.061, 0.987
-0.345, 0.052, 0.991
-0.337, 0.052, 0.990
-0.345, 0.044, 0.991
-0.337, 0.035, 0.990
-0.346, 0.035, 0.992
-0.328, 0.044, 0.991
-0.318, 0.052, 0.985
-0.317, 0.061, 0.982
-0.308, 0.061, 0.983
-0.299, 0.069, 0.979
-0.298, 0.077, 0.976
-0.297, 0.085, 0.973
-0.287, 0.093, 0.970
-0.279, 0.094, 0.971
-0.280, 0.085, 0.972
-0.289, 0.077, 0.975
-0.290, 0.069, 0.978
-0.300, 0.061, 0.983
-0.291, 0.060, 0.982
-0.283, 0.061, 0.983
-0.275, 0.052, 0.985
-0.284, 0.052, 0.986
-0.275, 0.044, 0.987
-0.285, 0.035, 0.989
-0.293, 0.027, 0.990
-0.303, 0.027, 0.992
-0.311, 0.027, 0.992
-0.321, 0.018, 0.995
-0.331, 0.009, 0.999
-0.339, 0.009, 0.998
-0.348, 0.009, 0.999
-0.358, 0.009, 1.001
-0.367, 0.009, 1.002
-0.377, 0.001, 1.007
-0.387, -0.008, 1.011
-0.397, -0.017, 1.013
-0.388, -0.017, 1.011
-0.389, -0.026, 1.014
-0.381, -0.035, 1.016
-0.390, -0.035, 1.018
-0.396, 0.001, 1.011
-0.387, 0.001, 1.009
-0.376, 0.009, 1.003
-0.330, 0.018, 0.997
-0.320, 0.027, 0.993
-0.328, 0.035, 0.990
-0.319, 0.044, 0.988
-0.294, 0.018, 0.991
-0.285, 0.027, 0.990
-0.276, 0.035, 0.990
-0.266, 0.043, 0.984
-0.266, 0.052, 0.983
-0.256, 0.060, 0.979
-0.255, 0.069, 0.977
-0.247, 0.069, 0.977
-0.238, 0.077, 0.974
-0.237, 0.085, 0.970
-0.237, 0.093, 0.968
-0.245, 0.102, 0.967
-0.253, 0.102, 0.967
-0.261, 0.110, 0.967
-0.260, 0.118, 0.963
-0.253, 0.110, 0.966
-0.236, 0.101, 0.965
-0.238, 0.069, 0.976
-0.257, 0.052, 0.981
-0.248, 0.043, 0.981
-0.257, 0.043, 0.983
-0.239, 0.043, 0.980
-0.240, 0.035, 0.982
-0.232, 0.026, 0.985
-0.241, 0.026, 0.986
-0.232, 0.018, 0.987
-0.241, 0.009, 0.988
-0.251, 0.001, 0.991
-0.260, 0.001, 0.995
-0.269, 0.009, 0.996
-0.277, 0.009, 0.994
-0.287, 0.001, 0.998
-0.297, -0.008, 1.001
-0.288, -0.008, 1.000
-0.280, -0.017, 1.003
-0.288, -0.017, 1.003
-0.286, 0.009, 0.993
-0.285, 0.018, 0.990
-0.260, 0.018, 0.994
-0.260, 0.009, 0.994
-0.252, -0.008, 0.995
-0.261, -0.017, 0.996
-0.252, -0.025, 0.998
-0.243, -0.008, 0.995
-0.234, 0.001, 0.992
-0.233, 0.009, 0.989
-0.234, -0.008, 0.994
-0.331, 0.102, 0.975
-0.330, 0.111, 0.972
-0.314, 0.102, 0.974
-0.304, 0.110, 0.970
-0.304, 0.119, 0.969
-0.294, 0.126, 0.963
-0.286, 0.118, 0.965
-0.295, 0.110, 0.966
-0.305, 0.102, 0.972
-0.292, 0.159, 0.957
-0.440, 0.095, 0.990
-0.448, 0.095, 0.989
-0.450, 0.070, 0.995
-0.470, 0.053, 0.999
-0.472, 0.044, 1.003
-0.403, 0.018, 1.006
-0.391, -0.061, 1.021
-0.384, -0.071, 1.024
-0.392, -0.070, 1.023
-0.375, -0.071, 1.024
-0.367, -0.080, 1.027
-0.375, -0.080, 1.026
-0.368, -0.089, 1.029
-0.378, -0.098, 1.032
-0.388, -0.107, 1.034
-0.387, -0.098, 1.032
-0.378, -0.107, 1.034
-0.388, -0.116, 1.036
-0.400, -0.126, 1.044
-0.410, -0.136, 1.046
-0.420, -0.145, 1.048
-0.431, -0.155, 1.052
-0.442, -0.165, 1.057
-0.454, -0.175, 1.064
-0.464, -0.185, 1.065
-0.473, -0.185, 1.065
-0.484, -0.195, 1.069
-0.495, -0.205, 1.073
-0.506, -0.214, 1.075
-0.515, -0.214, 1.076
-0.526, -0.215, 1.078
-0.536, -0.215, 1.080
-0.515, -0.205, 1.076
-0.506, -0.205, 1.076
-0.496, -0.214, 1.074
-0.505, -0.223, 1.073
-0.485, -0.204, 1.071
-0.476, -0.204, 1.072
-0.483, -0.185, 1.066
-0.481, -0.175, 1.063
-0.455, -0.185, 1.067
-0.444, -0.175, 1.062
-0.451, -0.165, 1.056
-0.460, -0.165, 1.055
-0.433, -0.165, 1.057
-0.421, -0.164, 1.051
-0.434, -0.175, 1.061
-0.445, -0.185, 1.065
-0.456, -0.195, 1.069
-0.410, -0.154, 1.046
-0.410, -0.145, 1.046
-0.401, -0.136, 1.047
-0.409, -0.126, 1.043
-0.389, -0.126, 1.038
-0.411, -0.164, 1.049
-0.404, -0.173, 1.053
-0.396, -0.183, 1.057
-0.406, -0.193, 1.059
-0.415, -0.193, 1.059
-0.407, -0.202, 1.061
-0.419, -0.213, 1.070
-0.429, -0.223, 1.071
-0.439, -0.223, 1.072
-0.438, -0.213, 1.070
-0.429, -0.232, 1.072
-0.420, -0.242, 1.072
-0.433, -0.253, 1.080
-0.422, -0.252, 1.078
-0.411, -0.242, 1.072
-0.410, -0.232, 1.070
-0.400, -0.232, 1.069
-0.390, -0.222, 1.066
-0.389, -0.212, 1.064
-0.398, -0.202, 1.061
-0.397, -0.193, 1.060
-0.389, -0.202, 1.062
-0.379, -0.202, 1.060
-0.368, -0.211, 1.057
-0.381, -0.222, 1.066
-0.391, -0.232, 1.068
-0.381, -0.231, 1.068
-0.372, -0.231, 1.067
-0.383, -0.242, 1.071
-0.373, -0.241, 1.070
-0.384, -0.252, 1.075
-0.375, -0.252, 1.074
-0.362, -0.240, 1.066
-0.352, -0.230, 1.062
-0.362, -0.222, 1.065
-0.342, -0.230, 1.060
-0.332, -0.220, 1.059
-0.342, -0.211, 1.061
-0.350, -0.201, 1.056
-0.359, -0.201, 1.056
-0.340, -0.192, 1.054
-0.331, -0.192, 1.053
-0.341, -0.201, 1.056
-0.331, -0.201, 1.056
-0.322, -0.211, 1.056
-0.332, -0.211, 1.058
-0.323, -0.220, 1.058
-0.333, -0.230, 1.060
-0.324, -0.230, 1.061
-0.313, -0.220, 1.058
-0.324, -0.239, 1.062
-0.365, -0.252, 1.075
-0.380, -0.212, 1.063
-0.413, -0.252, 1.076
-0.414, -0.262, 1.079
-0.405, -0.272, 1.080
-0.415, -0.272, 1.082
-0.395, -0.272, 1.080
-0.396, -0.281, 1.081
-0.429, -0.145, 1.048
-0.357, -0.080, 1.026
-0.348, -0.079, 1.023
-0.337, -0.070, 1.019
-0.337, -0.061, 1.018
-0.327, -0.061, 1.015
-0.318, -0.061, 1.015
-0.310, -0.052, 1.014
-0.300, -0.052, 1.013
-0.310, -0.061, 1.016
-0.301, -0.061, 1.015
-0.291, -0.052, 1.010
-0.291, -0.061, 1.011
-0.329, -0.079, 1.019
-0.339, -0.088, 1.024
-0.348, -0.088, 1.025
-0.338, -0.079, 1.021
-0.330, -0.088, 1.023
-0.341, -0.098, 1.028
-0.331, -0.098, 1.027
-0.321, -0.088, 1.024
-0.332, -0.107, 1.030
-0.342, -0.116, 1.034
-0.333, -0.116, 1.033
-0.343, -0.125, 1.036
-0.334, -0.125, 1.036
-0.344, -0.135, 1.038
-0.354, -0.144, 1.041
-0.363, -0.144, 1.042
-0.375, -0.155, 1.050
-0.384, -0.145, 1.048
-0.345, -0.144, 1.040
-0.335, -0.135, 1.037
-0.325, -0.135, 1.037
-0.316, -0.134, 1.035
-0.308, -0.144, 1.040
-0.297, -0.143, 1.034
-0.288, -0.143, 1.032
-0.345, -0.153, 1.041
-0.345, -0.162, 1.042
-0.324, -0.116, 1.032
-0.363, -0.043, 1.015
-0.346, -0.044, 1.017
-0.335, -0.034, 1.010
-0.334, -0.026, 1.008
-0.343, -0.017, 1.008
-0.333, -0.017, 1.007
-0.323, -0.008, 1.002
-0.314, 0.001, 1.000
-0.325, -0.026, 1.008
-0.317, -0.034, 1.009
-0.245, -0.043, 1.003
-0.247, -0.061, 1.010
-0.185, -0.078, 1.011
-0.176, -0.069, 1.007
-0.167, -0.069, 1.005
-0.167, -0.078, 1.007
-0.177, -0.087, 1.011
-0.186, -0.096, 1.015
-0.195, -0.105, 1.014
-0.195, -0.096, 1.013
-0.203, -0.087, 1.010
-0.186, -0.087, 1.012
-0.186, -0.114, 1.016
-0.195, -0.114, 1.017
-0.205, -0.123, 1.020
-0.196, -0.133, 1.023
-0.206, -0.142, 1.027
-0.215, -0.151, 1.028
-0.225, -0.151, 1.029
-0.224, -0.142, 1.026
-0.215, -0.142, 1.027
-0.205, -0.133, 1.024
-0.197, -0.142, 1.026
-0.197, -0.151, 1.028
-0.207, -0.161, 1.031
-0.216, -0.160, 1.029
-0.198, -0.161, 1.031
-0.187, -0.123, 1.018
-0.177, -0.114, 1.015
-0.169, -0.114, 1.016
-0.159, -0.114, 1.013
-0.150, -0.105, 1.011
-0.150, -0.096, 1.010
-0.150, -0.087, 1.008
-0.141, -0.087, 1.009
-0.132, -0.087, 1.009
-0.123, -0.087, 1.006
-0.114, -0.087, 1.003
-0.105, -0.078, 1.002
-0.105, -0.069, 0.999
-0.105, -0.060, 0.995
-0.105, -0.086, 1.001
-0.141, -0.114, 1.010
-0.150, -0.114, 1.011
-0.142, -0.123, 1.013
-0.167, -0.087, 1.009
-0.131, -0.051, 0.996
0.050, -0.016, 0.970
0.058, -0.008, 0.967
0.117, -0.016, 0.964
0.125, -0.008, 0.962
0.150, -0.008, 0.961
0.166, -0.016, 0.959
0.190, -0.008, 0.954
0.198, 0.001, 0.950
0.304, -0.008, 0.947
0.320, -0.008, 0.945
0.334, 0.001, 0.939
0.333, 0.009, 0.936
0.333, 0.017, 0.936
0.340, 0.025, 0.934
0.348, 0.025, 0.933
0.341, 0.017, 0.936
0.350, 0.009, 0.937
0.342, 0.001, 0.938
0.350, 0.001, 0.939
0.343, -0.008, 0.941
0.358, 0.009, 0.936
0.356, 0.017, 0.933
0.356, 0.025, 0.931
0.423, -0.169, 0.974
0.432, -0.178, 0.976
0.441, -0.178, 0.976
0.436, -0.188, 0.984
0.409, -0.187, 0.982
0.401, -0.196, 0.983
0.419, -0.197, 0.986
0.421, -0.206, 0.989
0.430, -0.215, 0.990
0.422, -0.224, 0.992
0.414, -0.233, 0.993
0.405, -0.224, 0.992
0.414, -0.224, 0.993
0.421, -0.215, 0.991
0.422, -0.233, 0.993
0.414, -0.242, 0.995
0.423, -0.242, 0.995
0.416, -0.251, 0.998
0.424, -0.251, 0.998
0.417, -0.261, 1.001
0.408, -0.269, 1.000
0.418, -0.270, 1.002
0.418, -0.278, 1.003
0.428, -0.288, 1.007
0.421, -0.298, 1.010
0.419, -0.288, 1.006
0.429, -0.297, 1.008
0.438, -0.289, 1.008
0.438, -0.306, 1.009
0.447, -0.307, 1.010
0.455, -0.306, 1.009
0.448, -0.316, 1.012
0.457, -0.316, 1.012
0.449, -0.326, 1.015
0.458, -0.326, 1.015
0.451, -0.336, 1.018
0.460, -0.336, 1.019
0.452, -0.345, 1.020
0.461, -0.346, 1.022
0.453, -0.356, 1.024
0.455, -0.366, 1.027
0.469, -0.336, 1.019
0.467, -0.326, 1.014
0.464, -0.306, 1.008
0.471, -0.297, 1.006
0.470, -0.287, 1.003
0.468, -0.277, 0.998
0.477, -0.277, 0.999
0.486, -0.269, 0.999
0.476, -0.259, 0.996
0.491, -0.258, 0.992
0.500, -0.250, 0.993
0.508, -0.241, 0.991
0.497, -0.231, 0.986
0.488, -0.231, 0.987
0.480, -0.231, 0.988
0.472, -0.231, 0.988
0.467, -0.242, 0.997
0.458, -0.242, 0.996
0.450, -0.242, 0.997
0.440, -0.232, 0.993
0.433, -0.242, 0.997
0.431, -0.233, 0.994
0.447, -0.232, 0.990
0.456, -0.232, 0.991
0.465, -0.232, 0.992
0.496, -0.222, 0.984
0.495, -0.213, 0.982
0.494, -0.204, 0.982
0.503, -0.213, 0.982
0.512, -0.222, 0.983
0.506, -0.231, 0.988
0.503, -0.222, 0.983
0.516, -0.241, 0.991
0.509, -0.250, 0.993
0.516, -0.249, 0.991
0.524, -0.249, 0.989
0.532, -0.240, 0.987
0.523, -0.231, 0.988
0.522, -0.222, 0.985
0.494, -0.268, 0.998
0.487, -0.278, 1.001
0.495, -0.278, 1.001
0.487, -0.287, 1.003
0.480, -0.296, 1.004
0.488, -0.296, 1.004
0.496, -0.287, 1.002
0.504, -0.278, 1.000
0.510, -0.268, 0.995
0.513, -0.278, 1.001
0.504, -0.287, 1.001
0.437, -0.214, 0.987
RegionID:4
Center:-0.123,-0.188,1.030
Normal:-0.133,-0.250,-0.959
NumPatches:39
-0.155, -0.236, 1.045
-0.146, -0.235, 1.042
-0.136, -0.225, 1.040
-0.127, -0.225, 1.037
-0.137, -0.235, 1.041
-0.128, -0.235, 1.042
-0.118, -0.225, 1.037
-0.109, -0.216, 1.037
-0.109, -0.206, 1.034
-0.117, -0.197, 1.031
-0.126, -0.197, 1.031
-0.108, -0.187, 1.027
-0.117, -0.178, 1.026
-0.117, -0.169, 1.026
-0.117, -0.160, 1.025
-0.125, -0.150, 1.021
-0.134, -0.160, 1.024
-0.144, -0.169, 1.028
-0.153, -0.161, 1.031
-0.162, -0.160, 1.029
-0.170, -0.151, 1.025
-0.144, -0.160, 1.028
-0.125, -0.141, 1.020
-0.115, -0.131, 1.012
-0.106, -0.122, 1.009
-0.106, -0.131, 1.010
-0.116, -0.141, 1.016
-0.106, -0.140, 1.011
-0.116, -0.150, 1.019
-0.107, -0.149, 1.015
-0.108, -0.159, 1.023
-0.108, -0.177, 1.023
-0.100, -0.215, 1.033
-0.109, -0.225, 1.040
-0.118, -0.235, 1.041
-0.109, -0.235, 1.041
-0.119, -0.245, 1.046
-0.110, -0.254, 1.047
-0.110, -0.264, 1.049
RegionID:5
Center:-0.555,0.040,1.011
Normal:-0.103,-0.234,-0.967
NumPatches:71
-0.650, 0.036, 1.023
-0.643, 0.027, 1.026
-0.632, 0.027, 1.022
-0.622, 0.027, 1.021
-0.611, 0.036, 1.017
-0.611, 0.045, 1.017
-0.600, 0.045, 1.014
-0.591, 0.045, 1.013
-0.601, 0.036, 1.015
-0.612, 0.027, 1.019
-0.592, 0.036, 1.015
-0.582, 0.045, 1.012
-0.581, 0.053, 1.011
-0.581, 0.062, 1.010
-0.580, 0.071, 1.009
-0.586, 0.079, 1.005
-0.594, 0.088, 1.004
-0.585, 0.088, 1.003
-0.578, 0.079, 1.006
-0.570, 0.079, 1.006
-0.561, 0.079, 1.006
-0.549, 0.088, 1.001
-0.548, 0.096, 0.999
-0.547, 0.105, 0.997
-0.539, 0.088, 0.998
-0.551, 0.079, 1.004
-0.561, 0.071, 1.007
-0.563, 0.062, 1.010
-0.553, 0.053, 1.009
-0.563, 0.045, 1.010
-0.573, 0.036, 1.013
-0.583, 0.036, 1.015
-0.575, 0.027, 1.016
-0.564, 0.036, 1.012
-0.554, 0.045, 1.010
-0.563, 0.053, 1.011
-0.543, 0.053, 1.005
-0.545, 0.045, 1.010
-0.576, 0.018, 1.017
-0.567, 0.010, 1.018
-0.577, 0.010, 1.019
-0.560, 0.001, 1.022
-0.553, -0.008, 1.024
-0.563, -0.008, 1.027
-0.541, 0.001, 1.019
-0.531, 0.010, 1.017
-0.531, 0.018, 1.016
-0.520, 0.018, 1.012
-0.510, 0.027, 1.010
-0.518, 0.036, 1.008
-0.509, 0.036, 1.007
-0.500, 0.036, 1.006
-0.491, 0.036, 1.007
-0.501, 0.027, 1.009
-0.511, 0.018, 1.012
-0.512, 0.010, 1.014
-0.505, 0.001, 1.017
-0.515, -0.008, 1.019
-0.525, -0.008, 1.021
-0.534, -0.008, 1.021
-0.542, -0.008, 1.021
-0.532, 0.001, 1.018
-0.513, 0.001, 1.016
-0.516, -0.017, 1.022
-0.497, 0.001, 1.020
-0.491, 0.027, 1.007
-0.527, 0.096, 0.992
-0.526, 0.104, 0.991
-0.518, 0.096, 0.991
-0.510, 0.096, 0.992
-0.528, 0.078, 0.993
RegionID:6
Center:-0.008,0.238,0.816
Normal:-0.083,-0.242,-0.967
NumPatches:172
-0.016, 0.082, 0.856
-0.023, 0.083, 0.856
-0.030, 0.083, 0.857
-0.038, 0.083, 0.857
-0.045, 0.083, 0.859
-0.053, 0.083, 0.859
-0.060, 0.083, 0.859
-0.068, 0.083, 0.860
-0.075, 0.083, 0.861
-0.075, 0.090, 0.859
-0.075, 0.097, 0.856
-0.082, 0.105, 0.855
-0.082, 0.112, 0.854
-0.082, 0.119, 0.853
-0.082, 0.126, 0.851
-0.082, 0.134, 0.849
-0.082, 0.141, 0.847
-0.082, 0.148, 0.846
-0.081, 0.155, 0.845
-0.081, 0.162, 0.842
-0.081, 0.169, 0.840
-0.081, 0.176, 0.838
-0.088, 0.183, 0.837
-0.088, 0.190, 0.836
-0.088, 0.197, 0.834
-0.088, 0.204, 0.834
-0.087, 0.210, 0.831
-0.087, 0.217, 0.829
-0.087, 0.224, 0.827
-0.087, 0.230, 0.825
-0.086, 0.237, 0.823
-0.086, 0.244, 0.822
-0.086, 0.251, 0.821
-0.093, 0.258, 0.821
-0.093, 0.264, 0.817
-0.093, 0.270, 0.815
-0.093, 0.277, 0.814
-0.093, 0.284, 0.813
-0.092, 0.290, 0.812
-0.092, 0.296, 0.810
-0.092, 0.303, 0.808
-0.092, 0.309, 0.806
-0.092, 0.316, 0.805
-0.091, 0.322, 0.804
-0.091, 0.329, 0.802
-0.098, 0.335, 0.801
-0.098, 0.341, 0.798
-0.098, 0.347, 0.797
-0.097, 0.353, 0.795
-0.097, 0.360, 0.794
-0.097, 0.366, 0.793
-0.097, 0.372, 0.790
-0.097, 0.378, 0.788
-0.096, 0.384, 0.787
-0.090, 0.377, 0.787
-0.083, 0.371, 0.789
-0.090, 0.371, 0.789
-0.076, 0.377, 0.787
-0.076, 0.383, 0.784
-0.069, 0.383, 0.785
-0.062, 0.383, 0.784
-0.069, 0.377, 0.787
-0.076, 0.371, 0.788
-0.069, 0.370, 0.787
-0.062, 0.377, 0.786
-0.055, 0.382, 0.783
-0.048, 0.382, 0.783
-0.041, 0.382, 0.783
-0.048, 0.376, 0.784
-0.048, 0.369, 0.785
-0.055, 0.364, 0.789
-0.062, 0.364, 0.789
-0.069, 0.364, 0.789
-0.049, 0.364, 0.788
-0.035, 0.382, 0.783
-0.028, 0.382, 0.782
-0.021, 0.381, 0.781
-0.014, 0.380, 0.780
-0.007, 0.380, 0.779
-0.001, 0.380, 0.779
0.006, 0.380, 0.779
0.013, 0.380, 0.778
0.006, 0.373, 0.779
0.006, 0.368, 0.782
0.006, 0.362, 0.784
0.013, 0.355, 0.784
0.006, 0.356, 0.785
0.020, 0.355, 0.783
0.027, 0.361, 0.783
0.020, 0.368, 0.782
0.020, 0.373, 0.779
0.020, 0.379, 0.777
0.026, 0.379, 0.777
0.033, 0.379, 0.777
0.040, 0.379, 0.776
0.047, 0.378, 0.776
0.053, 0.378, 0.775
0.060, 0.379, 0.776
0.067, 0.379, 0.776
0.067, 0.373, 0.778
0.060, 0.367, 0.779
0.054, 0.360, 0.781
0.060, 0.360, 0.780
0.054, 0.354, 0.782
0.061, 0.347, 0.782
0.054, 0.348, 0.783
0.061, 0.341, 0.783
0.068, 0.342, 0.784
0.068, 0.335, 0.786
0.068, 0.330, 0.788
0.068, 0.323, 0.790
0.068, 0.317, 0.790
0.068, 0.310, 0.792
0.068, 0.304, 0.793
0.069, 0.298, 0.795
0.069, 0.292, 0.797
0.069, 0.286, 0.799
0.069, 0.279, 0.800
0.069, 0.272, 0.801
0.069, 0.266, 0.803
0.069, 0.260, 0.805
0.070, 0.253, 0.807
0.070, 0.247, 0.808
0.070, 0.240, 0.809
0.070, 0.233, 0.811
0.070, 0.227, 0.813
0.070, 0.220, 0.814
0.070, 0.213, 0.815
0.070, 0.207, 0.817
0.071, 0.200, 0.818
0.078, 0.193, 0.819
0.071, 0.193, 0.819
0.078, 0.186, 0.822
0.078, 0.180, 0.824
0.078, 0.173, 0.825
0.078, 0.166, 0.825
0.079, 0.159, 0.829
0.079, 0.153, 0.832
0.079, 0.146, 0.833
0.079, 0.139, 0.834
0.079, 0.131, 0.836
0.079, 0.124, 0.837
0.080, 0.117, 0.839
0.080, 0.110, 0.839
0.080, 0.103, 0.840
0.080, 0.096, 0.842
0.073, 0.089, 0.847
0.066, 0.082, 0.851
0.058, 0.082, 0.850
0.051, 0.082, 0.850
0.044, 0.082, 0.851
0.036, 0.082, 0.851
0.029, 0.082, 0.853
0.022, 0.082, 0.854
0.014, 0.082, 0.855
0.007, 0.082, 0.856
-0.001, 0.090, 0.852
-0.008, 0.097, 0.852
-0.016, 0.090, 0.855
-0.015, 0.097, 0.853
-0.001, 0.097, 0.851
0.007, 0.090, 0.853
0.073, 0.082, 0.851
0.080, 0.089, 0.845
0.067, 0.353, 0.780
0.067, 0.366, 0.778
0.027, 0.368, 0.781
0.027, 0.355, 0.783
-0.091, 0.335, 0.800
-0.086, 0.257, 0.820
-0.081, 0.182, 0.836
-0.075, 0.105, 0.854
RegionID:7
Center:0.225,0.240,0.796
Normal:-0.083,-0.239,-0.967
NumPatches:208
0.181, 0.095, 0.836
0.174, 0.095, 0.836
0.167, 0.095, 0.837
0.160, 0.095, 0.839
0.152, 0.103, 0.838
0.152, 0.110, 0.835
0.151, 0.116, 0.832
0.151, 0.124, 0.831
0.151, 0.131, 0.831
0.151, 0.138, 0.829
0.150, 0.144, 0.827
0.150, 0.151, 0.825
0.150, 0.158, 0.823
0.149, 0.165, 0.821
0.149, 0.172, 0.819
0.149, 0.178, 0.818
0.149, 0.185, 0.818
0.149, 0.192, 0.817
0.148, 0.199, 0.815
0.148, 0.206, 0.812
0.147, 0.212, 0.810
0.147, 0.219, 0.808
0.147, 0.225, 0.807
0.146, 0.232, 0.805
0.146, 0.238, 0.803
0.146, 0.245, 0.802
0.146, 0.252, 0.802
0.153, 0.258, 0.800
0.145, 0.264, 0.798
0.138, 0.271, 0.797
0.138, 0.277, 0.795
0.144, 0.283, 0.792
0.144, 0.289, 0.790
0.143, 0.296, 0.789
0.137, 0.303, 0.790
0.136, 0.309, 0.788
0.136, 0.315, 0.786
0.136, 0.321, 0.784
0.136, 0.327, 0.783
0.135, 0.333, 0.781
0.135, 0.340, 0.780
0.135, 0.346, 0.778
0.134, 0.351, 0.776
0.134, 0.358, 0.775
0.134, 0.364, 0.774
0.134, 0.370, 0.772
0.133, 0.376, 0.770
0.140, 0.376, 0.771
0.147, 0.370, 0.771
0.140, 0.370, 0.772
0.153, 0.375, 0.768
0.160, 0.374, 0.767
0.153, 0.369, 0.770
0.160, 0.369, 0.769
0.166, 0.374, 0.766
0.167, 0.362, 0.770
0.160, 0.363, 0.771
0.173, 0.362, 0.769
0.179, 0.367, 0.766
0.179, 0.373, 0.765
0.186, 0.373, 0.765
0.192, 0.373, 0.766
0.199, 0.373, 0.765
0.205, 0.373, 0.764
0.212, 0.373, 0.765
0.206, 0.367, 0.765
0.213, 0.367, 0.766
0.206, 0.361, 0.767
0.214, 0.355, 0.769
0.207, 0.355, 0.770
0.214, 0.349, 0.770
0.220, 0.349, 0.769
0.227, 0.355, 0.770
0.220, 0.362, 0.769
0.225, 0.366, 0.764
0.219, 0.373, 0.764
0.225, 0.372, 0.762
0.231, 0.372, 0.762
0.238, 0.372, 0.762
0.245, 0.372, 0.763
0.238, 0.366, 0.763
0.232, 0.360, 0.765
0.239, 0.359, 0.764
0.239, 0.354, 0.766
0.234, 0.349, 0.770
0.227, 0.342, 0.769
0.220, 0.342, 0.769
0.234, 0.342, 0.771
0.240, 0.348, 0.769
0.251, 0.372, 0.763
0.258, 0.365, 0.762
0.252, 0.366, 0.763
0.259, 0.360, 0.765
0.266, 0.360, 0.765
0.271, 0.364, 0.760
0.277, 0.364, 0.760
0.271, 0.359, 0.763
0.278, 0.358, 0.762
0.284, 0.359, 0.762
0.290, 0.364, 0.760
0.283, 0.370, 0.759
0.291, 0.358, 0.761
0.297, 0.351, 0.761
0.291, 0.352, 0.762
0.298, 0.346, 0.763
0.304, 0.351, 0.761
0.304, 0.358, 0.760
0.303, 0.364, 0.759
0.305, 0.346, 0.764
0.299, 0.340, 0.766
0.299, 0.334, 0.767
0.300, 0.328, 0.768
0.301, 0.322, 0.769
0.301, 0.316, 0.771
0.302, 0.310, 0.773
0.303, 0.304, 0.776
0.303, 0.298, 0.777
0.304, 0.292, 0.778
0.304, 0.285, 0.779
0.305, 0.279, 0.780
0.306, 0.273, 0.783
0.306, 0.267, 0.785
0.307, 0.260, 0.786
0.308, 0.254, 0.787
0.308, 0.247, 0.788
0.308, 0.241, 0.789
0.309, 0.235, 0.792
0.310, 0.228, 0.793
0.310, 0.222, 0.794
0.311, 0.215, 0.796
0.311, 0.209, 0.797
0.312, 0.202, 0.799
0.313, 0.196, 0.801
0.313, 0.189, 0.802
0.314, 0.182, 0.803
0.314, 0.176, 0.804
0.314, 0.169, 0.805
0.315, 0.162, 0.807
0.316, 0.155, 0.809
0.317, 0.149, 0.812
0.318, 0.142, 0.813
0.319, 0.135, 0.816
0.312, 0.129, 0.817
0.306, 0.122, 0.819
0.305, 0.129, 0.818
0.312, 0.114, 0.818
0.307, 0.108, 0.822
0.300, 0.101, 0.824
0.293, 0.101, 0.825
0.286, 0.101, 0.825
0.279, 0.101, 0.826
0.273, 0.101, 0.827
0.266, 0.101, 0.828
0.259, 0.101, 0.828
0.251, 0.101, 0.826
0.244, 0.108, 0.826
0.237, 0.101, 0.828
0.230, 0.101, 0.828
0.223, 0.102, 0.829
0.216, 0.102, 0.830
0.209, 0.102, 0.831
0.202, 0.102, 0.832
0.195, 0.102, 0.833
0.188, 0.102, 0.835
0.181, 0.102, 0.835
0.237, 0.109, 0.827
0.243, 0.115, 0.825
0.250, 0.122, 0.823
0.256, 0.129, 0.820
0.256, 0.136, 0.818
0.255, 0.143, 0.817
0.262, 0.149, 0.815
0.268, 0.149, 0.814
0.262, 0.143, 0.817
0.270, 0.136, 0.820
0.264, 0.129, 0.821
0.257, 0.122, 0.822
0.251, 0.116, 0.826
0.258, 0.109, 0.827
0.264, 0.115, 0.823
0.264, 0.122, 0.822
0.271, 0.122, 0.821
0.277, 0.129, 0.820
0.283, 0.135, 0.816
0.275, 0.142, 0.814
0.275, 0.149, 0.813
0.282, 0.149, 0.813
0.289, 0.149, 0.813
0.290, 0.142, 0.814
0.290, 0.135, 0.816
0.284, 0.129, 0.818
0.278, 0.122, 0.820
0.265, 0.108, 0.826
0.300, 0.108, 0.822
0.306, 0.115, 0.820
0.313, 0.108, 0.821
0.319, 0.121, 0.816
0.319, 0.128, 0.817
0.180, 0.362, 0.769
0.143, 0.302, 0.788
0.144, 0.277, 0.794
0.145, 0.271, 0.796
0.152, 0.264, 0.797
0.159, 0.257, 0.798
0.159, 0.251, 0.799
0.153, 0.244, 0.801
0.159, 0.244, 0.799
0.159, 0.102, 0.837
RegionID:8
Center:0.543,0.195,0.877
Normal:-0.024,-0.246,-0.969
NumPatches:29
0.527, 0.176, 0.879
0.534, 0.184, 0.878
0.527, 0.192, 0.879
0.518, 0.199, 0.876
0.526, 0.199, 0.878
0.533, 0.206, 0.876
0.530, 0.213, 0.872
0.537, 0.220, 0.870
0.544, 0.220, 0.871
0.538, 0.213, 0.872
0.545, 0.213, 0.872
0.540, 0.206, 0.876
0.534, 0.199, 0.878
0.541, 0.191, 0.877
0.534, 0.192, 0.878
0.542, 0.184, 0.879
0.551, 0.185, 0.881
0.544, 0.177, 0.882
0.552, 0.177, 0.883
0.559, 0.185, 0.881
0.556, 0.191, 0.877
0.547, 0.198, 0.875
0.546, 0.206, 0.873
0.552, 0.213, 0.871
0.553, 0.206, 0.873
0.555, 0.198, 0.874
0.559, 0.177, 0.882
0.553, 0.170, 0.884
0.560, 0.162, 0.882
RegionID:9
Center:0.406,0.357,0.845
Normal:-0.019,-0.205,-0.979
NumPatches:36
0.391, 0.333, 0.850
0.383, 0.340, 0.849
0.390, 0.347, 0.847
0.389, 0.354, 0.846
0.389, 0.361, 0.845
0.381, 0.368, 0.844
0.388, 0.375, 0.843
0.381, 0.382, 0.844
0.388, 0.382, 0.842
0.395, 0.374, 0.841
0.388, 0.368, 0.844
0.402, 0.374, 0.841
0.408, 0.381, 0.840
0.416, 0.381, 0.841
0.409, 0.374, 0.842
0.417, 0.374, 0.842
0.410, 0.367, 0.843
0.411, 0.361, 0.845
0.404, 0.354, 0.847
0.396, 0.354, 0.845
0.412, 0.354, 0.847
0.420, 0.347, 0.848
0.413, 0.341, 0.850
0.413, 0.347, 0.848
0.421, 0.341, 0.850
0.414, 0.334, 0.852
0.422, 0.334, 0.852
0.415, 0.327, 0.853
0.427, 0.340, 0.848
0.427, 0.347, 0.847
0.434, 0.347, 0.847
0.440, 0.346, 0.845
0.423, 0.381, 0.841
0.424, 0.374, 0.841
0.390, 0.340, 0.849
0.398, 0.333, 0.849
