NumRegions:14
RegionID:0
Center:0.138,-0.172,0.831
Normal:-0.126,-0.029,-0.992
NumPatches:243
-0.008, -0.365, 0.857
-0.016, -0.365, 0.858
-0.023, -0.358, 0.858
-0.031, -0.358, 0.859
-0.031, -0.351, 0.859
-0.031, -0.344, 0.860
-0.031, -0.336, 0.859
-0.030, -0.328, 0.858
-0.030, -0.320, 0.857
-0.030, -0.312, 0.856
-0.038, -0.305, 0.858
-0.038, -0.298, 0.858
-0.038, -0.291, 0.858
-0.038, -0.283, 0.859
-0.038, -0.276, 0.858
-0.038, -0.268, 0.856
-0.038, -0.260, 0.855
-0.038, -0.252, 0.855
-0.038, -0.245, 0.855
-0.038, -0.237, 0.854
-0.038, -0.230, 0.855
-0.038, -0.222, 0.855
-0.038, -0.215, 0.854
-0.038, -0.207, 0.854
-0.045, -0.200, 0.853
-0.045, -0.192, 0.853
-0.045, -0.185, 0.853
-0.045, -0.177, 0.853
-0.045, -0.170, 0.853
-0.045, -0.163, 0.853
-0.045, -0.155, 0.852
-0.045, -0.148, 0.852
-0.045, -0.140, 0.852
-0.045, -0.133, 0.852
-0.045, -0.125, 0.851
-0.045, -0.118, 0.853
-0.045, -0.111, 0.852
-0.045, -0.103, 0.852
-0.052, -0.096, 0.852
-0.053, -0.088, 0.852
-0.052, -0.081, 0.852
-0.052, -0.073, 0.851
-0.052, -0.066, 0.851
-0.052, -0.059, 0.850
-0.052, -0.051, 0.850
-0.052, -0.044, 0.850
-0.052, -0.036, 0.850
-0.052, -0.029, 0.850
-0.052, -0.022, 0.850
-0.052, -0.014, 0.849
-0.045, -0.007, 0.849
-0.037, 0.001, 0.848
-0.030, 0.001, 0.846
-0.038, -0.007, 0.848
-0.045, -0.014, 0.849
-0.023, 0.001, 0.846
-0.015, 0.001, 0.844
-0.008, 0.001, 0.843
-0.001, 0.001, 0.842
0.007, 0.001, 0.841
0.014, 0.001, 0.841
0.021, 0.008, 0.840
0.029, 0.008, 0.839
0.021, 0.001, 0.840
0.036, 0.008, 0.839
0.043, 0.008, 0.838
0.050, 0.008, 0.837
0.057, 0.008, 0.835
0.065, 0.008, 0.834
0.072, 0.008, 0.834
0.079, 0.008, 0.834
0.086, 0.008, 0.832
0.093, 0.008, 0.832
0.101, 0.008, 0.832
0.108, 0.008, 0.832
0.101, 0.001, 0.832
0.108, 0.001, 0.831
0.101, -0.007, 0.832
0.108, -0.014, 0.830
0.101, -0.014, 0.832
0.108, -0.021, 0.830
0.108, -0.028, 0.830
0.108, -0.036, 0.831
0.115, -0.043, 0.833
0.108, -0.043, 0.832
0.123, -0.043, 0.835
0.129, -0.043, 0.830
0.136, -0.035, 0.828
0.136, -0.028, 0.827
0.136, -0.021, 0.827
0.136, -0.014, 0.827
0.136, -0.007, 0.826
0.129, 0.001, 0.828
0.122, 0.001, 0.830
0.115, 0.001, 0.831
0.115, 0.008, 0.832
0.122, 0.008, 0.831
0.129, 0.008, 0.829
0.136, 0.008, 0.827
0.143, 0.008, 0.826
0.136, 0.001, 0.826
0.150, 0.008, 0.826
0.157, 0.015, 0.824
0.164, 0.015, 0.823
0.157, 0.008, 0.825
0.171, 0.015, 0.822
0.178, 0.015, 0.821
0.185, 0.015, 0.821
0.192, 0.015, 0.820
0.199, 0.015, 0.818
0.206, 0.015, 0.818
0.212, 0.015, 0.817
0.219, 0.015, 0.816
0.226, 0.015, 0.814
0.233, 0.015, 0.814
0.240, 0.015, 0.814
0.247, 0.015, 0.812
0.253, 0.015, 0.810
0.260, 0.022, 0.810
0.267, 0.022, 0.809
0.260, 0.015, 0.809
0.274, 0.022, 0.809
0.281, 0.022, 0.809
0.288, 0.022, 0.809
0.294, 0.022, 0.808
0.294, 0.015, 0.806
0.294, 0.008, 0.805
0.294, 0.001, 0.806
0.301, -0.006, 0.806
0.294, -0.006, 0.806
0.300, -0.013, 0.805
0.301, -0.020, 0.806
0.301, -0.028, 0.807
0.301, -0.035, 0.808
0.301, -0.042, 0.807
0.301, -0.049, 0.806
0.301, -0.056, 0.807
0.301, -0.063, 0.808
0.301, -0.070, 0.808
0.301, -0.077, 0.806
0.301, -0.084, 0.807
0.302, -0.091, 0.809
0.302, -0.098, 0.808
0.302, -0.105, 0.809
0.302, -0.112, 0.809
0.302, -0.119, 0.809
0.302, -0.126, 0.809
0.309, -0.133, 0.809
0.302, -0.133, 0.809
0.309, -0.140, 0.809
0.309, -0.147, 0.809
0.309, -0.154, 0.809
0.309, -0.161, 0.810
0.309, -0.168, 0.809
0.309, -0.175, 0.809
0.309, -0.183, 0.810
0.309, -0.190, 0.810
0.309, -0.197, 0.809
0.309, -0.204, 0.810
0.309, -0.211, 0.810
0.310, -0.218, 0.811
0.310, -0.225, 0.811
0.310, -0.232, 0.811
0.316, -0.239, 0.810
0.309, -0.239, 0.810
0.317, -0.246, 0.811
0.317, -0.254, 0.812
0.317, -0.261, 0.812
0.317, -0.268, 0.812
0.317, -0.275, 0.812
0.317, -0.282, 0.811
0.317, -0.289, 0.811
0.317, -0.296, 0.810
0.316, -0.302, 0.810
0.317, -0.310, 0.811
0.317, -0.317, 0.811
0.317, -0.324, 0.812
0.317, -0.332, 0.813
0.311, -0.339, 0.814
0.304, -0.346, 0.814
0.297, -0.347, 0.815
0.291, -0.348, 0.818
0.284, -0.341, 0.817
0.277, -0.348, 0.818
0.270, -0.348, 0.818
0.263, -0.348, 0.819
0.256, -0.349, 0.819
0.249, -0.349, 0.820
0.242, -0.349, 0.821
0.235, -0.350, 0.822
0.229, -0.351, 0.824
0.222, -0.352, 0.826
0.215, -0.344, 0.826
0.208, -0.345, 0.829
0.201, -0.346, 0.829
0.194, -0.353, 0.829
0.187, -0.353, 0.831
0.180, -0.347, 0.832
0.173, -0.354, 0.832
0.166, -0.346, 0.831
0.159, -0.347, 0.832
0.152, -0.348, 0.834
0.145, -0.349, 0.837
0.138, -0.349, 0.838
0.131, -0.350, 0.839
0.124, -0.350, 0.840
0.116, -0.350, 0.840
0.109, -0.350, 0.840
0.102, -0.358, 0.842
0.095, -0.359, 0.843
0.087, -0.359, 0.843
0.080, -0.360, 0.846
0.073, -0.360, 0.847
0.066, -0.360, 0.846
0.058, -0.353, 0.847
0.051, -0.360, 0.847
0.044, -0.361, 0.849
0.036, -0.362, 0.850
0.029, -0.362, 0.851
0.022, -0.363, 0.852
0.014, -0.356, 0.853
0.007, -0.356, 0.854
-0.001, -0.356, 0.853
-0.008, -0.356, 0.854
-0.016, -0.357, 0.857
0.022, -0.355, 0.852
0.051, -0.353, 0.848
0.066, -0.353, 0.846
0.102, -0.351, 0.841
0.165, -0.339, 0.830
0.173, -0.339, 0.830
0.180, -0.339, 0.831
0.187, -0.347, 0.832
0.194, -0.346, 0.830
0.222, -0.344, 0.825
0.277, -0.341, 0.818
0.290, -0.340, 0.816
0.311, -0.346, 0.814
0.317, -0.339, 0.813
0.136, -0.043, 0.829
-0.045, -0.096, 0.852
-0.038, -0.200, 0.853
-0.030, -0.305, 0.858
RegionID:1
Center:-0.256,-0.343,1.112
Normal:-0.158,-0.258,-0.953
NumPatches:23
-0.291, -0.318, 1.111
-0.292, -0.329, 1.115
-0.282, -0.339, 1.116
-0.293, -0.350, 1.120
-0.292, -0.339, 1.118
-0.283, -0.349, 1.118
-0.272, -0.349, 1.116
-0.283, -0.360, 1.120
-0.274, -0.360, 1.122
-0.265, -0.371, 1.124
-0.253, -0.358, 1.115
-0.243, -0.357, 1.112
-0.253, -0.368, 1.117
-0.243, -0.368, 1.115
-0.233, -0.368, 1.114
-0.224, -0.358, 1.115
-0.232, -0.346, 1.107
-0.232, -0.336, 1.107
-0.231, -0.326, 1.103
-0.230, -0.315, 1.099
-0.230, -0.305, 1.098
-0.229, -0.295, 1.095
-0.222, -0.335, 1.104
RegionID:2
Center:-0.143,-0.266,1.079
Normal:-0.096,-0.268,-0.959
NumPatches:53
-0.228, -0.274, 1.088
-0.218, -0.273, 1.087
-0.209, -0.264, 1.088
-0.198, -0.253, 1.080
-0.197, -0.243, 1.076
-0.188, -0.253, 1.079
-0.179, -0.253, 1.079
-0.189, -0.263, 1.082
-0.179, -0.263, 1.081
-0.190, -0.273, 1.085
-0.170, -0.263, 1.081
-0.160, -0.252, 1.078
-0.169, -0.242, 1.072
-0.168, -0.231, 1.067
-0.159, -0.232, 1.070
-0.150, -0.232, 1.072
-0.159, -0.242, 1.073
-0.151, -0.252, 1.077
-0.141, -0.252, 1.076
-0.151, -0.262, 1.079
-0.131, -0.242, 1.073
-0.141, -0.233, 1.073
-0.131, -0.233, 1.073
-0.122, -0.242, 1.072
-0.131, -0.251, 1.073
-0.132, -0.261, 1.074
-0.132, -0.271, 1.078
-0.132, -0.281, 1.081
-0.123, -0.291, 1.082
-0.133, -0.292, 1.085
-0.124, -0.302, 1.086
-0.114, -0.291, 1.081
-0.113, -0.281, 1.080
-0.113, -0.271, 1.077
-0.113, -0.261, 1.073
-0.113, -0.251, 1.071
-0.113, -0.241, 1.071
-0.103, -0.231, 1.067
-0.103, -0.221, 1.064
-0.093, -0.221, 1.060
-0.093, -0.230, 1.063
-0.093, -0.240, 1.065
-0.103, -0.250, 1.068
-0.114, -0.301, 1.084
-0.124, -0.312, 1.091
-0.114, -0.311, 1.087
-0.124, -0.323, 1.094
-0.125, -0.333, 1.095
-0.135, -0.345, 1.103
-0.145, -0.345, 1.103
-0.154, -0.345, 1.103
-0.170, -0.272, 1.080
-0.210, -0.284, 1.093
RegionID:3
Center:0.576,-0.269,1.013
Normal:-0.058,-0.234,-0.971
NumPatches:24
0.520, -0.273, 1.015
0.529, -0.273, 1.016
0.539, -0.273, 1.017
0.547, -0.282, 1.017
0.557, -0.274, 1.018
0.565, -0.282, 1.017
0.571, -0.272, 1.012
0.579, -0.263, 1.011
0.580, -0.254, 1.011
0.585, -0.244, 1.006
0.594, -0.244, 1.006
0.587, -0.254, 1.009
0.595, -0.254, 1.008
0.602, -0.244, 1.004
0.604, -0.253, 1.007
0.596, -0.263, 1.009
0.588, -0.272, 1.011
0.582, -0.282, 1.016
0.574, -0.291, 1.018
0.568, -0.302, 1.022
0.574, -0.282, 1.016
0.580, -0.272, 1.012
0.597, -0.272, 1.011
0.599, -0.282, 1.014
RegionID:4
Center:-0.300,-0.255,1.092
Normal:-0.068,-0.294,-0.953
NumPatches:26
-0.297, -0.267, 1.097
-0.307, -0.277, 1.101
-0.306, -0.267, 1.097
-0.305, -0.256, 1.095
-0.312, -0.245, 1.086
-0.303, -0.235, 1.086
-0.292, -0.225, 1.082
-0.301, -0.215, 1.079
-0.310, -0.205, 1.077
-0.300, -0.205, 1.077
-0.292, -0.215, 1.080
-0.282, -0.215, 1.079
-0.283, -0.225, 1.081
-0.293, -0.235, 1.084
-0.283, -0.235, 1.083
-0.284, -0.244, 1.084
-0.296, -0.256, 1.093
-0.286, -0.266, 1.095
-0.298, -0.277, 1.101
-0.288, -0.286, 1.100
-0.298, -0.296, 1.102
-0.308, -0.297, 1.104
-0.319, -0.308, 1.110
-0.328, -0.297, 1.105
-0.318, -0.298, 1.106
-0.298, -0.287, 1.101
RegionID:5
Center:0.088,0.105,0.952
Normal:-0.089,-0.264,-0.960
NumPatches:1868
0.239, 0.059, 0.951
0.231, 0.059, 0.951
0.239, 0.050, 0.949
0.247, 0.058, 0.948
0.255, 0.067, 0.947
0.246, 0.075, 0.944
0.254, 0.083, 0.943
0.244, 0.091, 0.939
0.236, 0.091, 0.940
0.228, 0.091, 0.941
0.221, 0.091, 0.943
0.213, 0.083, 0.945
0.213, 0.091, 0.944
0.221, 0.075, 0.946
0.214, 0.067, 0.949
0.206, 0.067, 0.950
0.199, 0.059, 0.955
0.190, 0.067, 0.954
0.182, 0.059, 0.957
0.174, 0.051, 0.958
0.166, 0.051, 0.958
0.158, 0.051, 0.960
0.150, 0.051, 0.961
0.142, 0.051, 0.962
0.133, 0.051, 0.962
0.125, 0.051, 0.962
0.116, 0.051, 0.962
0.108, 0.043, 0.964
0.100, 0.043, 0.965
0.092, 0.043, 0.965
0.083, 0.051, 0.966
0.075, 0.051, 0.967
0.067, 0.043, 0.968
0.058, 0.043, 0.969
0.050, 0.043, 0.971
0.041, 0.043, 0.970
0.033, 0.043, 0.971
0.025, 0.043, 0.974
0.016, 0.043, 0.976
0.008, 0.043, 0.975
0.008, 0.052, 0.975
-0.001, 0.060, 0.970
-0.009, 0.051, 0.971
-0.018, 0.043, 0.975
-0.026, 0.035, 0.978
-0.035, 0.035, 0.979
-0.043, 0.043, 0.980
-0.052, 0.035, 0.986
-0.061, 0.035, 0.985
-0.069, 0.035, 0.985
-0.078, 0.035, 0.986
-0.087, 0.035, 0.987
-0.096, 0.027, 0.991
-0.095, 0.035, 0.988
-0.086, 0.044, 0.986
-0.095, 0.052, 0.984
-0.095, 0.060, 0.981
-0.094, 0.069, 0.976
-0.085, 0.077, 0.975
-0.085, 0.085, 0.973
-0.077, 0.085, 0.971
-0.068, 0.085, 0.970
-0.060, 0.093, 0.967
-0.068, 0.102, 0.966
-0.076, 0.102, 0.968
-0.085, 0.102, 0.970
-0.093, 0.102, 0.970
-0.102, 0.102, 0.971
-0.110, 0.102, 0.970
-0.119, 0.102, 0.970
-0.127, 0.102, 0.971
-0.136, 0.102, 0.973
-0.145, 0.102, 0.975
-0.153, 0.102, 0.975
-0.162, 0.102, 0.975
-0.170, 0.103, 0.976
-0.179, 0.094, 0.979
-0.188, 0.095, 0.981
-0.197, 0.086, 0.983
-0.207, 0.078, 0.986
-0.216, 0.070, 0.989
-0.207, 0.069, 0.988
-0.198, 0.078, 0.984
-0.206, 0.086, 0.984
-0.215, 0.086, 0.986
-0.214, 0.095, 0.981
-0.223, 0.103, 0.982
-0.232, 0.095, 0.985
-0.241, 0.087, 0.988
-0.251, 0.078, 0.993
-0.260, 0.079, 0.995
-0.268, 0.087, 0.993
-0.277, 0.078, 0.993
-0.286, 0.070, 0.994
-0.296, 0.062, 0.999
-0.305, 0.053, 0.999
-0.314, 0.062, 1.000
-0.324, 0.053, 1.003
-0.332, 0.062, 1.002
-0.341, 0.070, 1.002
-0.349, 0.062, 1.002
-0.359, 0.062, 1.005
-0.368, 0.062, 1.006
-0.377, 0.053, 1.007
-0.389, 0.045, 1.015
-0.400, 0.036, 1.019
-0.409, 0.027, 1.021
-0.419, 0.019, 1.022
-0.427, 0.027, 1.021
-0.436, 0.027, 1.021
-0.445, 0.027, 1.023
-0.456, 0.019, 1.026
-0.454, 0.036, 1.021
-0.445, 0.036, 1.021
-0.435, 0.045, 1.018
-0.425, 0.054, 1.016
-0.431, 0.062, 1.009
-0.416, 0.045, 1.016
-0.426, 0.036, 1.018
-0.435, 0.036, 1.019
-0.417, 0.036, 1.018
-0.407, 0.045, 1.015
-0.396, 0.053, 1.010
-0.404, 0.062, 1.009
-0.413, 0.071, 1.009
-0.421, 0.079, 1.006
-0.430, 0.088, 1.006
-0.439, 0.088, 1.007
-0.448, 0.080, 1.008
-0.459, 0.080, 1.013
-0.470, 0.072, 1.017
-0.479, 0.072, 1.018
-0.487, 0.071, 1.017
-0.497, 0.072, 1.018
-0.495, 0.080, 1.016
-0.502, 0.089, 1.011
-0.513, 0.080, 1.016
-0.523, 0.072, 1.018
-0.536, 0.063, 1.025
-0.544, 0.072, 1.024
-0.532, 0.080, 1.019
-0.522, 0.089, 1.016
-0.521, 0.098, 1.014
-0.520, 0.106, 1.012
-0.511, 0.106, 1.012
-0.512, 0.098, 1.014
-0.523, 0.080, 1.017
-0.534, 0.072, 1.022
-0.524, 0.063, 1.021
-0.536, 0.054, 1.027
-0.537, 0.045, 1.027
-0.550, 0.037, 1.035
-0.559, 0.028, 1.036
-0.569, 0.028, 1.037
-0.579, 0.028, 1.040
-0.590, 0.028, 1.042
-0.588, 0.037, 1.039
-0.586, 0.046, 1.035
-0.539, 0.037, 1.033
-0.493, 0.097, 1.010
-0.484, 0.097, 1.010
-0.473, 0.106, 1.005
-0.478, 0.089, 1.015
-0.487, 0.080, 1.017
-0.486, 0.089, 1.015
-0.479, 0.080, 1.018
-0.469, 0.080, 1.017
-0.457, 0.088, 1.008
-0.447, 0.088, 1.006
-0.438, 0.097, 1.006
-0.427, 0.105, 1.001
-0.426, 0.114, 0.998
-0.424, 0.122, 0.994
-0.433, 0.130, 0.994
-0.442, 0.131, 0.995
-0.450, 0.139, 0.993
-0.458, 0.130, 0.993
-0.469, 0.122, 0.998
-0.468, 0.130, 0.994
-0.477, 0.139, 0.995
-0.488, 0.131, 1.000
-0.496, 0.140, 0.998
-0.505, 0.140, 0.999
-0.503, 0.148, 0.996
-0.511, 0.156, 0.994
-0.519, 0.156, 0.994
-0.527, 0.165, 0.992
-0.536, 0.165, 0.994
-0.544, 0.173, 0.992
-0.518, 0.165, 0.991
-0.510, 0.165, 0.992
-0.502, 0.165, 0.994
-0.492, 0.173, 0.991
-0.483, 0.173, 0.990
-0.493, 0.165, 0.993
-0.502, 0.156, 0.993
-0.484, 0.165, 0.992
-0.474, 0.164, 0.989
-0.463, 0.172, 0.984
-0.453, 0.180, 0.982
-0.453, 0.189, 0.982
-0.444, 0.188, 0.981
-0.433, 0.196, 0.975
-0.433, 0.204, 0.975
-0.421, 0.211, 0.968
-0.431, 0.220, 0.970
-0.413, 0.220, 0.968
-0.405, 0.220, 0.970
-0.397, 0.211, 0.969
-0.407, 0.204, 0.972
-0.416, 0.195, 0.974
-0.423, 0.203, 0.971
-0.415, 0.204, 0.972
-0.416, 0.187, 0.975
-0.418, 0.179, 0.979
-0.410, 0.171, 0.981
-0.419, 0.171, 0.981
-0.411, 0.163, 0.982
-0.402, 0.163, 0.983
-0.393, 0.163, 0.981
-0.403, 0.155, 0.985
-0.396, 0.147, 0.987
-0.406, 0.139, 0.991
-0.414, 0.139, 0.991
-0.424, 0.130, 0.993
-0.423, 0.139, 0.992
-0.405, 0.147, 0.989
-0.396, 0.138, 0.989
-0.387, 0.138, 0.987
-0.397, 0.130, 0.990
-0.388, 0.130, 0.989
-0.398, 0.122, 0.993
-0.409, 0.114, 1.000
-0.418, 0.114, 0.999
-0.400, 0.114, 0.998
-0.389, 0.121, 0.992
-0.381, 0.113, 0.995
-0.390, 0.113, 0.995
-0.372, 0.113, 0.994
-0.364, 0.113, 0.994
-0.355, 0.113, 0.993
-0.346, 0.113, 0.992
-0.355, 0.104, 0.993
-0.365, 0.096, 0.996
-0.373, 0.096, 0.995
-0.382, 0.096, 0.996
-0.391, 0.096, 0.998
-0.401, 0.096, 1.000
-0.411, 0.088, 1.004
-0.420, 0.088, 1.004
-0.429, 0.097, 1.005
-0.410, 0.097, 1.002
-0.412, 0.080, 1.006
-0.365, 0.088, 0.998
-0.375, 0.079, 1.000
-0.366, 0.079, 1.000
-0.357, 0.088, 1.001
-0.356, 0.096, 0.996
-0.346, 0.104, 0.992
-0.337, 0.113, 0.992
-0.336, 0.121, 0.989
-0.344, 0.130, 0.987
-0.334, 0.137, 0.982
-0.333, 0.146, 0.980
-0.323, 0.154, 0.976
-0.331, 0.162, 0.974
-0.314, 0.162, 0.975
-0.315, 0.153, 0.975
-0.324, 0.146, 0.979
-0.315, 0.145, 0.978
-0.306, 0.145, 0.975
-0.297, 0.145, 0.974
-0.288, 0.153, 0.973
-0.288, 0.161, 0.971
-0.295, 0.169, 0.968
-0.294, 0.177, 0.965
-0.294, 0.185, 0.962
-0.302, 0.193, 0.962
-0.309, 0.201, 0.958
-0.318, 0.201, 0.962
-0.328, 0.202, 0.965
-0.335, 0.210, 0.961
-0.343, 0.210, 0.961
-0.352, 0.218, 0.961
-0.351, 0.226, 0.960
-0.343, 0.218, 0.960
-0.335, 0.226, 0.960
-0.326, 0.226, 0.959
-0.335, 0.218, 0.960
-0.327, 0.210, 0.961
-0.317, 0.225, 0.957
-0.308, 0.225, 0.955
-0.299, 0.225, 0.954
-0.290, 0.233, 0.952
-0.289, 0.240, 0.949
-0.281, 0.240, 0.949
-0.273, 0.240, 0.948
-0.264, 0.247, 0.945
-0.255, 0.255, 0.943
-0.263, 0.263, 0.943
-0.262, 0.270, 0.939
-0.262, 0.278, 0.938
-0.253, 0.285, 0.934
-0.252, 0.292, 0.931
-0.260, 0.300, 0.930
-0.268, 0.300, 0.931
-0.276, 0.300, 0.931
-0.276, 0.308, 0.930
-0.283, 0.316, 0.928
-0.292, 0.316, 0.930
-0.299, 0.323, 0.927
-0.307, 0.323, 0.926
-0.315, 0.323, 0.927
-0.323, 0.331, 0.926
-0.332, 0.332, 0.930
-0.341, 0.325, 0.933
-0.349, 0.333, 0.931
-0.313, 0.338, 0.922
-0.322, 0.346, 0.923
-0.305, 0.337, 0.921
-0.314, 0.330, 0.925
-0.297, 0.337, 0.921
-0.290, 0.330, 0.924
-0.298, 0.330, 0.924
-0.291, 0.323, 0.927
-0.282, 0.323, 0.926
-0.274, 0.323, 0.926
-0.265, 0.330, 0.923
-0.264, 0.337, 0.919
-0.264, 0.344, 0.917
-0.272, 0.353, 0.919
-0.267, 0.323, 0.927
-0.275, 0.315, 0.928
-0.267, 0.315, 0.927
-0.259, 0.307, 0.928
-0.267, 0.308, 0.929
-0.252, 0.300, 0.931
-0.243, 0.307, 0.928
-0.235, 0.300, 0.929
-0.244, 0.293, 0.933
-0.244, 0.300, 0.931
-0.236, 0.285, 0.934
-0.245, 0.278, 0.938
-0.254, 0.270, 0.939
-0.253, 0.278, 0.937
-0.245, 0.286, 0.936
-0.246, 0.262, 0.940
-0.254, 0.263, 0.941
-0.238, 0.262, 0.939
-0.229, 0.262, 0.939
-0.221, 0.262, 0.937
-0.212, 0.269, 0.936
-0.220, 0.277, 0.934
-0.211, 0.284, 0.931
-0.203, 0.284, 0.930
-0.212, 0.277, 0.933
-0.204, 0.277, 0.933
-0.195, 0.276, 0.932
-0.187, 0.268, 0.930
-0.196, 0.269, 0.934
-0.187, 0.261, 0.934
-0.178, 0.267, 0.928
-0.178, 0.274, 0.926
-0.171, 0.260, 0.932
-0.180, 0.253, 0.935
-0.188, 0.253, 0.935
-0.171, 0.253, 0.935
-0.163, 0.253, 0.935
-0.154, 0.260, 0.930
-0.154, 0.267, 0.928
-0.154, 0.275, 0.926
-0.154, 0.282, 0.925
-0.145, 0.282, 0.924
-0.137, 0.289, 0.921
-0.144, 0.296, 0.919
-0.137, 0.296, 0.919
-0.137, 0.282, 0.924
-0.137, 0.274, 0.925
-0.138, 0.267, 0.928
-0.130, 0.260, 0.930
-0.138, 0.252, 0.932
-0.147, 0.245, 0.935
-0.156, 0.237, 0.938
-0.164, 0.229, 0.937
-0.172, 0.229, 0.937
-0.180, 0.230, 0.940
-0.190, 0.222, 0.944
-0.198, 0.214, 0.945
-0.207, 0.207, 0.951
-0.207, 0.215, 0.949
-0.198, 0.223, 0.946
-0.189, 0.230, 0.943
-0.208, 0.200, 0.954
-0.209, 0.192, 0.957
-0.218, 0.185, 0.961
-0.209, 0.184, 0.958
-0.218, 0.177, 0.962
-0.219, 0.168, 0.964
-0.228, 0.160, 0.966
-0.219, 0.160, 0.966
-0.228, 0.152, 0.968
-0.219, 0.144, 0.967
-0.228, 0.144, 0.970
-0.210, 0.143, 0.965
-0.203, 0.135, 0.969
-0.211, 0.136, 0.969
-0.203, 0.127, 0.971
-0.195, 0.136, 0.970
-0.194, 0.144, 0.967
-0.193, 0.151, 0.963
-0.193, 0.159, 0.961
-0.193, 0.168, 0.960
-0.201, 0.176, 0.958
-0.192, 0.184, 0.956
-0.183, 0.191, 0.950
-0.182, 0.198, 0.947
-0.182, 0.206, 0.945
-0.173, 0.214, 0.944
-0.164, 0.221, 0.940
-0.156, 0.229, 0.938
-0.148, 0.237, 0.938
-0.148, 0.222, 0.942
-0.156, 0.222, 0.940
-0.165, 0.214, 0.943
-0.173, 0.206, 0.945
-0.140, 0.222, 0.942
-0.131, 0.221, 0.940
-0.123, 0.214, 0.941
-0.132, 0.214, 0.942
-0.124, 0.205, 0.942
-0.124, 0.198, 0.945
-0.124, 0.190, 0.948
-0.125, 0.183, 0.950
-0.125, 0.175, 0.952
-0.125, 0.167, 0.954
-0.134, 0.159, 0.956
-0.142, 0.159, 0.956
-0.151, 0.151, 0.959
-0.160, 0.143, 0.961
-0.168, 0.135, 0.963
-0.178, 0.127, 0.968
-0.186, 0.135, 0.968
-0.195, 0.128, 0.973
-0.203, 0.119, 0.971
-0.196, 0.111, 0.974
-0.204, 0.103, 0.976
-0.213, 0.103, 0.978
-0.221, 0.111, 0.976
-0.231, 0.120, 0.979
-0.240, 0.112, 0.983
-0.248, 0.112, 0.981
-0.247, 0.120, 0.978
-0.247, 0.128, 0.977
-0.239, 0.128, 0.977
-0.230, 0.128, 0.975
-0.221, 0.120, 0.976
-0.240, 0.103, 0.983
-0.250, 0.095, 0.987
-0.258, 0.095, 0.987
-0.267, 0.095, 0.989
-0.277, 0.087, 0.993
-0.251, 0.087, 0.991
-0.241, 0.095, 0.985
-0.233, 0.087, 0.988
-0.204, 0.111, 0.973
-0.196, 0.103, 0.977
-0.205, 0.095, 0.981
-0.187, 0.111, 0.974
-0.178, 0.119, 0.971
-0.169, 0.127, 0.967
-0.177, 0.135, 0.965
-0.185, 0.144, 0.966
-0.185, 0.151, 0.961
-0.176, 0.159, 0.960
-0.184, 0.168, 0.960
-0.192, 0.176, 0.959
-0.184, 0.176, 0.958
-0.175, 0.183, 0.952
-0.174, 0.191, 0.949
-0.175, 0.175, 0.955
-0.176, 0.167, 0.958
-0.167, 0.159, 0.959
-0.159, 0.159, 0.957
-0.150, 0.159, 0.957
-0.159, 0.151, 0.959
-0.151, 0.143, 0.962
-0.160, 0.135, 0.963
-0.177, 0.143, 0.964
-0.170, 0.119, 0.971
-0.178, 0.111, 0.973
-0.188, 0.103, 0.978
-0.179, 0.103, 0.976
-0.125, 0.159, 0.955
-0.117, 0.150, 0.956
-0.118, 0.143, 0.961
-0.118, 0.135, 0.965
-0.127, 0.127, 0.966
-0.118, 0.127, 0.965
-0.127, 0.118, 0.967
-0.118, 0.118, 0.966
-0.127, 0.110, 0.969
-0.119, 0.110, 0.969
-0.155, 0.253, 0.934
-0.147, 0.252, 0.933
-0.138, 0.260, 0.931
-0.130, 0.252, 0.931
-0.213, 0.262, 0.938
-0.255, 0.247, 0.945
-0.264, 0.240, 0.948
-0.273, 0.232, 0.951
-0.282, 0.224, 0.952
-0.291, 0.216, 0.954
-0.300, 0.208, 0.955
-0.291, 0.208, 0.954
-0.301, 0.201, 0.958
-0.291, 0.225, 0.954
-0.274, 0.224, 0.952
-0.265, 0.232, 0.950
-0.256, 0.231, 0.948
-0.248, 0.224, 0.949
-0.256, 0.223, 0.948
-0.249, 0.216, 0.952
-0.258, 0.208, 0.954
-0.250, 0.208, 0.955
-0.259, 0.201, 0.958
-0.268, 0.193, 0.961
-0.277, 0.185, 0.963
-0.285, 0.185, 0.962
-0.278, 0.177, 0.965
-0.287, 0.169, 0.968
-0.279, 0.169, 0.968
-0.279, 0.161, 0.971
-0.272, 0.153, 0.973
-0.280, 0.153, 0.973
-0.289, 0.145, 0.975
-0.263, 0.153, 0.973
-0.254, 0.153, 0.971
-0.244, 0.160, 0.966
-0.253, 0.169, 0.967
-0.244, 0.177, 0.963
-0.252, 0.185, 0.962
-0.260, 0.185, 0.961
-0.268, 0.185, 0.962
-0.259, 0.193, 0.960
-0.243, 0.185, 0.962
-0.244, 0.169, 0.965
-0.245, 0.153, 0.970
-0.335, 0.129, 0.986
-0.328, 0.113, 0.992
-0.338, 0.104, 0.993
-0.319, 0.112, 0.988
-0.319, 0.104, 0.989
-0.320, 0.096, 0.992
-0.321, 0.087, 0.995
-0.322, 0.079, 0.997
-0.331, 0.070, 1.001
-0.340, 0.079, 1.001
-0.349, 0.070, 1.002
-0.359, 0.071, 1.004
-0.367, 0.071, 1.003
-0.377, 0.062, 1.006
-0.387, 0.053, 1.010
-0.387, 0.062, 1.009
-0.379, 0.045, 1.011
-0.350, 0.079, 1.003
-0.322, 0.070, 0.998
-0.323, 0.062, 1.001
-0.387, 0.219, 0.965
-0.387, 0.211, 0.966
-0.434, 0.188, 0.978
-0.454, 0.172, 0.984
-0.464, 0.164, 0.987
-0.486, 0.140, 0.997
-0.490, 0.123, 1.005
-0.467, 0.139, 0.993
-0.458, 0.139, 0.992
-0.442, 0.139, 0.994
-0.408, 0.036, 1.019
-0.418, 0.027, 1.022
-0.410, 0.019, 1.023
-0.419, 0.010, 1.025
-0.410, 0.010, 1.023
-0.421, 0.001, 1.028
-0.432, -0.008, 1.032
-0.422, -0.008, 1.030
-0.411, 0.001, 1.026
-0.403, -0.008, 1.029
-0.413, -0.008, 1.029
-0.393, -0.008, 1.026
-0.400, 0.027, 1.020
-0.350, 0.053, 1.003
-0.362, 0.045, 1.012
-0.343, 0.045, 1.009
-0.334, 0.036, 1.009
-0.344, 0.027, 1.012
-0.353, 0.027, 1.014
-0.344, 0.036, 1.011
-0.305, 0.062, 0.999
-0.295, 0.070, 0.996
-0.296, 0.053, 0.999
-0.287, 0.053, 0.999
-0.297, 0.044, 1.003
-0.307, 0.036, 1.008
-0.298, 0.036, 1.007
-0.289, 0.044, 1.003
-0.280, 0.044, 1.005
-0.290, 0.036, 1.007
-0.281, 0.036, 1.006
-0.271, 0.036, 1.004
-0.278, 0.061, 0.996
-0.277, 0.070, 0.993
-0.251, 0.070, 0.994
-0.243, 0.070, 0.994
-0.189, 0.078, 0.982
-0.180, 0.086, 0.980
-0.180, 0.078, 0.981
-0.207, 0.061, 0.990
-0.208, 0.053, 0.994
-0.217, 0.044, 0.997
-0.227, 0.035, 1.000
-0.236, 0.027, 1.002
-0.235, 0.035, 0.999
-0.228, 0.018, 1.003
-0.236, 0.018, 1.004
-0.228, 0.009, 1.005
-0.238, 0.001, 1.009
-0.247, -0.008, 1.011
-0.246, 0.001, 1.009
-0.229, 0.001, 1.008
-0.220, 0.001, 1.009
-0.211, 0.009, 1.005
-0.219, 0.018, 1.003
-0.219, 0.027, 1.002
-0.218, 0.035, 1.000
-0.209, 0.044, 0.996
-0.200, 0.035, 0.996
-0.209, 0.035, 0.998
-0.200, 0.027, 0.998
-0.210, 0.018, 1.001
-0.202, 0.009, 1.005
-0.211, 0.001, 1.008
-0.221, -0.008, 1.012
-0.230, -0.017, 1.015
-0.212, -0.008, 1.011
-0.204, -0.017, 1.015
-0.212, -0.017, 1.013
-0.204, -0.026, 1.017
-0.195, -0.026, 1.016
-0.205, -0.035, 1.019
-0.195, -0.035, 1.017
-0.186, -0.026, 1.015
-0.177, -0.017, 1.012
-0.185, -0.008, 1.011
-0.184, 0.001, 1.006
-0.193, 0.009, 1.005
-0.193, 0.018, 1.002
-0.192, 0.027, 0.998
-0.182, 0.035, 0.993
-0.173, 0.044, 0.989
-0.164, 0.044, 0.989
-0.173, 0.035, 0.991
-0.183, 0.027, 0.996
-0.174, 0.018, 0.999
-0.184, 0.009, 1.004
-0.184, 0.018, 1.001
-0.165, 0.027, 0.992
-0.156, 0.035, 0.992
-0.156, 0.044, 0.989
-0.156, 0.027, 0.995
-0.166, 0.018, 0.997
-0.176, -0.008, 1.009
-0.177, -0.026, 1.014
-0.186, -0.035, 1.016
-0.178, -0.035, 1.016
-0.178, -0.044, 1.019
-0.169, -0.052, 1.019
-0.178, -0.053, 1.020
-0.188, -0.062, 1.024
-0.197, -0.071, 1.027
-0.206, -0.062, 1.025
-0.214, -0.062, 1.023
-0.197, -0.062, 1.024
-0.188, -0.071, 1.026
-0.198, -0.080, 1.029
-0.207, -0.089, 1.033
-0.217, -0.098, 1.037
-0.226, -0.098, 1.036
-0.235, -0.098, 1.036
-0.245, -0.108, 1.038
-0.256, -0.118, 1.048
-0.265, -0.118, 1.049
-0.274, -0.118, 1.049
-0.274, -0.108, 1.046
-0.264, -0.108, 1.044
-0.254, -0.099, 1.039
-0.244, -0.099, 1.037
-0.255, -0.108, 1.043
-0.247, -0.118, 1.048
-0.235, -0.089, 1.037
-0.235, -0.080, 1.035
-0.234, -0.071, 1.030
-0.233, -0.062, 1.028
-0.241, -0.053, 1.024
-0.251, -0.053, 1.026
-0.259, -0.044, 1.024
-0.250, -0.035, 1.022
-0.258, -0.026, 1.022
-0.241, -0.035, 1.022
-0.250, -0.044, 1.023
-0.231, -0.035, 1.020
-0.222, -0.035, 1.018
-0.231, -0.044, 1.020
-0.222, -0.044, 1.018
-0.232, -0.053, 1.023
-0.225, -0.080, 1.033
-0.217, -0.089, 1.036
-0.226, -0.089, 1.036
-0.217, -0.108, 1.038
-0.209, -0.117, 1.040
-0.218, -0.117, 1.041
-0.209, -0.126, 1.042
-0.200, -0.117, 1.041
-0.191, -0.108, 1.039
-0.181, -0.099, 1.038
-0.190, -0.089, 1.034
-0.199, -0.089, 1.034
-0.189, -0.080, 1.029
-0.179, -0.080, 1.027
-0.171, -0.089, 1.031
-0.162, -0.098, 1.033
-0.172, -0.108, 1.037
-0.181, -0.108, 1.038
-0.191, -0.117, 1.041
-0.200, -0.126, 1.041
-0.182, -0.126, 1.040
-0.172, -0.117, 1.037
-0.163, -0.107, 1.035
-0.172, -0.098, 1.035
-0.153, -0.098, 1.032
-0.144, -0.098, 1.031
-0.154, -0.107, 1.034
-0.135, -0.089, 1.029
-0.126, -0.089, 1.029
-0.116, -0.079, 1.022
-0.116, -0.070, 1.019
-0.125, -0.061, 1.017
-0.134, -0.071, 1.025
-0.143, -0.061, 1.020
-0.151, -0.061, 1.018
-0.160, -0.052, 1.019
-0.169, -0.061, 1.020
-0.151, -0.044, 1.018
-0.151, -0.035, 1.016
-0.150, -0.026, 1.011
-0.150, -0.017, 1.006
-0.149, -0.008, 1.004
-0.140, -0.008, 1.004
-0.132, -0.008, 1.004
-0.123, -0.008, 1.003
-0.114, -0.008, 1.002
-0.105, -0.017, 1.003
-0.114, -0.026, 1.005
-0.114, -0.017, 1.004
-0.096, -0.008, 0.998
-0.096, 0.001, 0.995
-0.096, 0.009, 0.994
-0.096, 0.018, 0.992
-0.096, -0.017, 1.000
-0.097, -0.025, 1.002
-0.097, -0.034, 1.004
-0.106, -0.043, 1.010
-0.115, -0.052, 1.014
-0.124, -0.052, 1.016
-0.133, -0.052, 1.017
-0.142, -0.052, 1.018
-0.151, -0.052, 1.019
-0.142, -0.043, 1.016
-0.133, -0.043, 1.015
-0.116, -0.061, 1.016
-0.106, -0.052, 1.012
-0.097, -0.043, 1.007
-0.097, -0.052, 1.010
-0.098, -0.061, 1.014
-0.107, -0.070, 1.018
-0.098, -0.070, 1.018
-0.107, -0.079, 1.021
-0.141, -0.026, 1.009
-0.182, -0.135, 1.041
-0.085, 0.110, 0.968
-0.068, 0.110, 0.965
-0.068, 0.118, 0.964
-0.068, 0.126, 0.961
-0.059, 0.126, 0.960
-0.051, 0.126, 0.958
-0.042, 0.125, 0.956
-0.034, 0.125, 0.955
-0.026, 0.125, 0.954
-0.017, 0.125, 0.955
-0.009, 0.125, 0.956
-0.001, 0.125, 0.955
0.008, 0.125, 0.954
0.016, 0.125, 0.953
0.024, 0.125, 0.951
0.016, 0.117, 0.955
0.008, 0.109, 0.958
0.016, 0.109, 0.958
0.008, 0.101, 0.960
-0.001, 0.093, 0.962
0.008, 0.093, 0.960
-0.001, 0.085, 0.965
0.008, 0.076, 0.966
-0.001, 0.076, 0.967
0.016, 0.084, 0.961
0.024, 0.093, 0.962
0.033, 0.101, 0.959
0.033, 0.109, 0.955
0.024, 0.117, 0.952
0.032, 0.125, 0.949
0.032, 0.133, 0.948
0.040, 0.133, 0.947
0.049, 0.133, 0.949
0.057, 0.133, 0.949
0.065, 0.133, 0.948
0.073, 0.132, 0.947
0.081, 0.132, 0.945
0.090, 0.132, 0.944
0.098, 0.132, 0.944
0.106, 0.132, 0.943
0.106, 0.124, 0.943
0.114, 0.115, 0.942
0.106, 0.108, 0.946
0.098, 0.108, 0.947
0.090, 0.100, 0.953
0.082, 0.092, 0.955
0.082, 0.100, 0.953
0.090, 0.108, 0.949
0.091, 0.084, 0.955
0.082, 0.084, 0.956
0.099, 0.092, 0.955
0.107, 0.100, 0.951
0.114, 0.108, 0.945
0.106, 0.116, 0.945
0.123, 0.108, 0.946
0.131, 0.116, 0.945
0.122, 0.123, 0.939
0.130, 0.132, 0.940
0.122, 0.140, 0.939
0.129, 0.147, 0.935
0.129, 0.155, 0.933
0.129, 0.163, 0.932
0.129, 0.171, 0.930
0.128, 0.178, 0.927
0.128, 0.186, 0.926
0.128, 0.194, 0.924
0.128, 0.201, 0.923
0.127, 0.209, 0.921
0.119, 0.217, 0.919
0.119, 0.224, 0.917
0.127, 0.231, 0.914
0.126, 0.239, 0.912
0.126, 0.246, 0.910
0.118, 0.254, 0.909
0.118, 0.261, 0.908
0.125, 0.268, 0.904
0.117, 0.275, 0.902
0.117, 0.283, 0.901
0.117, 0.290, 0.900
0.116, 0.297, 0.897
0.116, 0.304, 0.894
0.116, 0.311, 0.893
0.115, 0.318, 0.890
0.115, 0.325, 0.888
0.115, 0.332, 0.887
0.115, 0.339, 0.885
0.107, 0.346, 0.883
0.106, 0.353, 0.880
0.106, 0.360, 0.878
0.106, 0.367, 0.877
0.114, 0.374, 0.877
0.121, 0.380, 0.872
0.113, 0.387, 0.872
0.105, 0.387, 0.872
0.105, 0.394, 0.869
0.112, 0.400, 0.867
0.113, 0.394, 0.870
0.121, 0.373, 0.874
0.114, 0.367, 0.877
0.121, 0.366, 0.876
0.122, 0.360, 0.879
0.122, 0.353, 0.881
0.115, 0.346, 0.883
0.122, 0.346, 0.883
0.122, 0.339, 0.885
0.123, 0.332, 0.886
0.123, 0.325, 0.887
0.123, 0.318, 0.889
0.123, 0.311, 0.892
0.124, 0.304, 0.894
0.124, 0.297, 0.897
0.125, 0.290, 0.900
0.125, 0.283, 0.900
0.125, 0.275, 0.902
0.125, 0.261, 0.906
0.126, 0.253, 0.908
0.134, 0.231, 0.914
0.127, 0.224, 0.916
0.135, 0.224, 0.916
0.127, 0.216, 0.919
0.135, 0.216, 0.918
0.135, 0.209, 0.920
0.136, 0.201, 0.922
0.136, 0.193, 0.923
0.136, 0.186, 0.924
0.136, 0.178, 0.926
0.137, 0.170, 0.929
0.137, 0.163, 0.932
0.145, 0.155, 0.932
0.137, 0.155, 0.932
0.146, 0.147, 0.934
0.154, 0.147, 0.935
0.162, 0.147, 0.935
0.170, 0.147, 0.934
0.178, 0.147, 0.933
0.186, 0.147, 0.932
0.194, 0.147, 0.932
0.201, 0.146, 0.930
0.209, 0.146, 0.929
0.202, 0.139, 0.932
0.202, 0.131, 0.935
0.203, 0.123, 0.936
0.211, 0.115, 0.938
0.203, 0.115, 0.938
0.219, 0.115, 0.937
0.226, 0.122, 0.931
0.234, 0.130, 0.931
0.234, 0.138, 0.931
0.225, 0.146, 0.926
0.217, 0.146, 0.928
0.217, 0.154, 0.926
0.232, 0.153, 0.923
0.241, 0.146, 0.928
0.248, 0.153, 0.924
0.256, 0.153, 0.923
0.264, 0.153, 0.922
0.256, 0.145, 0.923
0.249, 0.138, 0.926
0.242, 0.130, 0.930
0.250, 0.130, 0.929
0.243, 0.122, 0.932
0.234, 0.114, 0.932
0.228, 0.107, 0.938
0.220, 0.107, 0.940
0.228, 0.099, 0.941
0.236, 0.099, 0.939
0.243, 0.106, 0.934
0.252, 0.098, 0.937
0.244, 0.098, 0.937
0.253, 0.091, 0.940
0.260, 0.098, 0.936
0.259, 0.106, 0.933
0.258, 0.114, 0.931
0.250, 0.122, 0.932
0.258, 0.122, 0.931
0.268, 0.098, 0.935
0.261, 0.091, 0.941
0.268, 0.090, 0.937
0.262, 0.083, 0.944
0.254, 0.075, 0.945
0.262, 0.075, 0.945
0.270, 0.075, 0.943
0.277, 0.082, 0.939
0.284, 0.090, 0.936
0.276, 0.098, 0.935
0.283, 0.098, 0.934
0.292, 0.090, 0.935
0.285, 0.082, 0.938
0.286, 0.074, 0.941
0.278, 0.066, 0.943
0.271, 0.058, 0.945
0.263, 0.058, 0.947
0.254, 0.058, 0.946
0.270, 0.066, 0.944
0.278, 0.058, 0.944
0.286, 0.058, 0.943
0.294, 0.058, 0.942
0.303, 0.058, 0.943
0.310, 0.066, 0.941
0.309, 0.074, 0.937
0.316, 0.082, 0.933
0.307, 0.090, 0.932
0.300, 0.090, 0.934
0.315, 0.098, 0.930
0.315, 0.106, 0.930
0.306, 0.114, 0.929
0.305, 0.121, 0.926
0.297, 0.129, 0.924
0.288, 0.137, 0.923
0.288, 0.145, 0.921
0.279, 0.153, 0.920
0.272, 0.153, 0.922
0.287, 0.153, 0.920
0.296, 0.153, 0.921
0.304, 0.145, 0.922
0.296, 0.137, 0.923
0.304, 0.129, 0.923
0.313, 0.137, 0.923
0.319, 0.145, 0.920
0.310, 0.152, 0.917
0.317, 0.160, 0.914
0.325, 0.159, 0.913
0.318, 0.152, 0.916
0.326, 0.152, 0.916
0.333, 0.159, 0.912
0.341, 0.159, 0.913
0.333, 0.152, 0.915
0.343, 0.144, 0.918
0.335, 0.145, 0.919
0.329, 0.137, 0.923
0.321, 0.129, 0.925
0.313, 0.129, 0.924
0.321, 0.137, 0.924
0.329, 0.129, 0.924
0.322, 0.122, 0.928
0.315, 0.114, 0.930
0.323, 0.106, 0.929
0.330, 0.114, 0.927
0.330, 0.122, 0.926
0.336, 0.129, 0.922
0.343, 0.136, 0.918
0.351, 0.145, 0.919
0.350, 0.152, 0.916
0.349, 0.159, 0.913
0.356, 0.159, 0.912
0.364, 0.159, 0.912
0.357, 0.152, 0.915
0.365, 0.152, 0.914
0.371, 0.159, 0.910
0.378, 0.159, 0.908
0.385, 0.166, 0.906
0.385, 0.174, 0.905
0.385, 0.182, 0.904
0.384, 0.189, 0.902
0.383, 0.196, 0.899
0.388, 0.203, 0.895
0.388, 0.210, 0.893
0.394, 0.218, 0.891
0.401, 0.225, 0.888
0.393, 0.232, 0.888
0.386, 0.233, 0.889
0.377, 0.240, 0.886
0.376, 0.247, 0.884
0.375, 0.254, 0.883
0.384, 0.254, 0.884
0.390, 0.261, 0.882
0.390, 0.269, 0.880
0.396, 0.275, 0.877
0.387, 0.282, 0.874
0.385, 0.288, 0.870
0.377, 0.296, 0.869
0.369, 0.303, 0.868
0.368, 0.309, 0.866
0.376, 0.317, 0.867
0.375, 0.324, 0.864
0.381, 0.330, 0.861
0.374, 0.337, 0.860
0.373, 0.345, 0.860
0.379, 0.351, 0.857
0.380, 0.344, 0.858
0.380, 0.337, 0.859
0.385, 0.318, 0.869
0.377, 0.310, 0.868
0.385, 0.311, 0.869
0.377, 0.303, 0.869
0.385, 0.303, 0.869
0.392, 0.303, 0.868
0.398, 0.309, 0.865
0.399, 0.317, 0.866
0.405, 0.323, 0.863
0.404, 0.330, 0.862
0.409, 0.336, 0.857
0.416, 0.343, 0.856
0.423, 0.350, 0.856
0.413, 0.355, 0.849
0.405, 0.362, 0.848
0.405, 0.370, 0.848
0.412, 0.377, 0.847
0.412, 0.384, 0.847
0.411, 0.390, 0.845
0.418, 0.383, 0.845
0.426, 0.376, 0.846
0.419, 0.376, 0.847
0.412, 0.369, 0.847
0.412, 0.362, 0.847
0.422, 0.356, 0.852
0.428, 0.363, 0.850
0.434, 0.369, 0.846
0.433, 0.376, 0.845
0.441, 0.368, 0.846
0.435, 0.362, 0.849
0.430, 0.357, 0.853
0.442, 0.362, 0.848
0.448, 0.368, 0.845
0.455, 0.368, 0.846
0.449, 0.362, 0.847
0.443, 0.356, 0.850
0.425, 0.336, 0.858
0.417, 0.336, 0.858
0.411, 0.330, 0.860
0.419, 0.323, 0.861
0.413, 0.316, 0.864
0.406, 0.309, 0.866
0.405, 0.317, 0.865
0.415, 0.303, 0.868
0.408, 0.296, 0.870
0.402, 0.289, 0.873
0.393, 0.289, 0.871
0.392, 0.295, 0.869
0.400, 0.296, 0.870
0.409, 0.289, 0.873
0.403, 0.282, 0.876
0.404, 0.276, 0.878
0.405, 0.268, 0.880
0.398, 0.261, 0.881
0.391, 0.254, 0.883
0.384, 0.247, 0.885
0.391, 0.247, 0.884
0.385, 0.240, 0.886
0.399, 0.254, 0.884
0.406, 0.261, 0.881
0.407, 0.255, 0.885
0.407, 0.247, 0.885
0.399, 0.239, 0.884
0.408, 0.239, 0.886
0.400, 0.232, 0.887
0.409, 0.225, 0.889
0.417, 0.233, 0.889
0.416, 0.240, 0.887
0.422, 0.247, 0.885
0.422, 0.254, 0.884
0.421, 0.261, 0.882
0.419, 0.268, 0.877
0.425, 0.274, 0.874
0.432, 0.274, 0.873
0.426, 0.267, 0.875
0.438, 0.281, 0.870
0.430, 0.288, 0.868
0.422, 0.287, 0.868
0.415, 0.288, 0.870
0.421, 0.294, 0.866
0.437, 0.295, 0.867
0.438, 0.288, 0.869
0.446, 0.281, 0.871
0.439, 0.274, 0.873
0.447, 0.274, 0.873
0.454, 0.288, 0.870
0.429, 0.254, 0.881
0.429, 0.246, 0.882
0.423, 0.240, 0.886
0.435, 0.238, 0.880
0.417, 0.225, 0.889
0.410, 0.218, 0.892
0.403, 0.210, 0.893
0.395, 0.210, 0.892
0.411, 0.211, 0.894
0.418, 0.218, 0.891
0.426, 0.210, 0.892
0.419, 0.210, 0.893
0.427, 0.203, 0.894
0.420, 0.196, 0.897
0.429, 0.196, 0.898
0.421, 0.188, 0.899
0.430, 0.181, 0.901
0.423, 0.173, 0.901
0.416, 0.166, 0.905
0.409, 0.158, 0.906
0.401, 0.158, 0.907
0.394, 0.159, 0.908
0.388, 0.151, 0.911
0.381, 0.144, 0.915
0.389, 0.144, 0.915
0.382, 0.136, 0.917
0.390, 0.128, 0.917
0.382, 0.128, 0.917
0.398, 0.128, 0.917
0.399, 0.121, 0.919
0.400, 0.113, 0.921
0.393, 0.105, 0.923
0.386, 0.097, 0.926
0.377, 0.105, 0.923
0.368, 0.105, 0.923
0.362, 0.097, 0.926
0.354, 0.089, 0.928
0.347, 0.090, 0.929
0.341, 0.082, 0.935
0.333, 0.074, 0.935
0.324, 0.074, 0.933
0.316, 0.074, 0.935
0.323, 0.082, 0.932
0.315, 0.090, 0.932
0.323, 0.098, 0.931
0.331, 0.106, 0.929
0.337, 0.113, 0.925
0.337, 0.121, 0.924
0.343, 0.129, 0.919
0.351, 0.121, 0.919
0.344, 0.113, 0.923
0.352, 0.113, 0.921
0.359, 0.120, 0.918
0.359, 0.129, 0.919
0.359, 0.137, 0.919
0.365, 0.144, 0.915
0.366, 0.136, 0.917
0.360, 0.105, 0.922
0.331, 0.098, 0.930
0.339, 0.090, 0.931
0.331, 0.090, 0.931
0.333, 0.066, 0.936
0.326, 0.058, 0.938
0.318, 0.058, 0.940
0.311, 0.058, 0.942
0.334, 0.058, 0.939
0.342, 0.066, 0.937
0.349, 0.074, 0.935
0.355, 0.082, 0.930
0.362, 0.089, 0.928
0.371, 0.081, 0.928
0.363, 0.081, 0.929
0.357, 0.074, 0.934
0.350, 0.066, 0.938
0.343, 0.058, 0.940
0.351, 0.058, 0.941
0.359, 0.058, 0.940
0.367, 0.058, 0.939
0.375, 0.058, 0.938
0.381, 0.066, 0.934
0.380, 0.074, 0.931
0.379, 0.081, 0.929
0.386, 0.081, 0.927
0.395, 0.089, 0.928
0.401, 0.097, 0.924
0.400, 0.105, 0.922
0.402, 0.089, 0.927
0.395, 0.073, 0.928
0.388, 0.066, 0.932
0.396, 0.065, 0.930
0.403, 0.073, 0.929
0.413, 0.066, 0.933
0.405, 0.058, 0.934
0.398, 0.049, 0.936
0.396, 0.057, 0.932
0.404, 0.065, 0.931
0.414, 0.058, 0.935
0.421, 0.066, 0.933
0.419, 0.073, 0.929
0.426, 0.081, 0.926
0.433, 0.081, 0.924
0.428, 0.073, 0.929
0.435, 0.073, 0.927
0.441, 0.073, 0.924
0.452, 0.065, 0.929
0.445, 0.057, 0.931
0.437, 0.049, 0.931
0.430, 0.041, 0.935
0.423, 0.033, 0.937
0.416, 0.025, 0.940
0.409, 0.025, 0.941
0.401, 0.025, 0.943
0.394, 0.017, 0.945
0.386, 0.017, 0.947
0.385, 0.025, 0.944
0.377, 0.033, 0.943
0.376, 0.042, 0.941
0.375, 0.050, 0.940
0.384, 0.033, 0.942
0.393, 0.025, 0.944
0.402, 0.009, 0.944
0.396, 0.001, 0.950
0.388, -0.008, 0.950
0.397, -0.016, 0.952
0.390, -0.024, 0.955
0.388, -0.016, 0.952
0.391, -0.033, 0.959
0.392, -0.041, 0.962
0.402, -0.050, 0.966
0.394, -0.050, 0.965
0.404, -0.058, 0.968
0.411, -0.050, 0.966
0.409, -0.041, 0.963
0.408, -0.033, 0.959
0.416, -0.033, 0.958
0.423, -0.024, 0.956
0.422, -0.016, 0.954
0.413, -0.008, 0.951
0.405, -0.016, 0.953
0.405, -0.008, 0.951
0.420, 0.001, 0.949
0.426, 0.009, 0.944
0.434, 0.017, 0.944
0.433, 0.025, 0.941
0.431, 0.033, 0.938
0.423, 0.041, 0.936
0.415, 0.033, 0.938
0.408, 0.033, 0.940
0.399, 0.041, 0.939
0.408, 0.042, 0.939
0.415, 0.050, 0.937
0.422, 0.049, 0.935
0.429, 0.049, 0.933
0.437, 0.057, 0.931
0.443, 0.065, 0.928
0.453, 0.057, 0.931
0.460, 0.065, 0.930
0.459, 0.073, 0.927
0.467, 0.073, 0.927
0.473, 0.081, 0.924
0.474, 0.073, 0.926
0.468, 0.065, 0.929
0.461, 0.057, 0.932
0.454, 0.049, 0.933
0.462, 0.049, 0.933
0.454, 0.041, 0.935
0.462, 0.041, 0.934
0.456, 0.033, 0.937
0.449, 0.025, 0.941
0.442, 0.017, 0.943
0.434, 0.009, 0.944
0.427, 0.001, 0.947
0.421, -0.008, 0.951
0.428, -0.008, 0.949
0.435, 0.001, 0.945
0.443, 0.001, 0.944
0.453, -0.008, 0.949
0.446, -0.016, 0.951
0.462, -0.008, 0.950
0.469, 0.001, 0.947
0.467, 0.009, 0.943
0.458, 0.017, 0.941
0.450, 0.017, 0.942
0.441, 0.025, 0.941
0.457, 0.025, 0.940
0.465, 0.025, 0.939
0.471, 0.033, 0.935
0.479, 0.033, 0.935
0.472, 0.025, 0.938
0.466, 0.017, 0.941
0.488, 0.033, 0.936
0.495, 0.041, 0.935
0.494, 0.049, 0.932
0.493, 0.057, 0.930
0.483, 0.065, 0.927
0.475, 0.065, 0.927
0.490, 0.073, 0.925
0.496, 0.081, 0.921
0.495, 0.089, 0.919
0.487, 0.097, 0.919
0.477, 0.104, 0.916
0.469, 0.096, 0.916
0.460, 0.104, 0.914
0.453, 0.112, 0.914
0.446, 0.104, 0.917
0.441, 0.097, 0.923
0.432, 0.105, 0.921
0.431, 0.113, 0.919
0.430, 0.120, 0.916
0.428, 0.128, 0.913
0.436, 0.136, 0.912
0.426, 0.143, 0.908
0.418, 0.151, 0.909
0.412, 0.143, 0.912
0.404, 0.143, 0.912
0.410, 0.151, 0.909
0.413, 0.136, 0.914
0.445, 0.128, 0.915
0.438, 0.120, 0.917
0.446, 0.120, 0.917
0.438, 0.112, 0.917
0.452, 0.128, 0.914
0.460, 0.120, 0.913
0.453, 0.120, 0.915
0.460, 0.112, 0.914
0.467, 0.120, 0.912
0.467, 0.127, 0.911
0.465, 0.135, 0.908
0.457, 0.143, 0.907
0.446, 0.150, 0.902
0.454, 0.157, 0.901
0.461, 0.165, 0.900
0.460, 0.173, 0.899
0.467, 0.180, 0.897
0.466, 0.187, 0.895
0.466, 0.195, 0.893
0.456, 0.202, 0.891
0.448, 0.209, 0.889
0.455, 0.209, 0.889
0.462, 0.217, 0.887
0.454, 0.224, 0.886
0.453, 0.231, 0.883
0.460, 0.231, 0.884
0.467, 0.238, 0.881
0.473, 0.238, 0.879
0.468, 0.231, 0.884
0.462, 0.224, 0.886
0.463, 0.209, 0.889
0.472, 0.202, 0.891
0.464, 0.202, 0.891
0.479, 0.202, 0.889
0.488, 0.195, 0.892
0.481, 0.195, 0.893
0.495, 0.202, 0.890
0.493, 0.209, 0.887
0.492, 0.216, 0.885
0.491, 0.224, 0.884
0.491, 0.231, 0.883
0.496, 0.237, 0.878
0.488, 0.245, 0.878
0.479, 0.252, 0.876
0.478, 0.259, 0.874
0.469, 0.266, 0.871
0.463, 0.259, 0.873
0.455, 0.259, 0.874
0.463, 0.266, 0.873
0.468, 0.273, 0.870
0.468, 0.280, 0.868
0.485, 0.266, 0.873
0.493, 0.259, 0.874
0.487, 0.252, 0.877
0.487, 0.260, 0.875
0.494, 0.244, 0.876
0.500, 0.251, 0.872
0.499, 0.258, 0.871
0.507, 0.266, 0.871
0.514, 0.273, 0.870
0.505, 0.280, 0.868
0.502, 0.286, 0.863
0.494, 0.293, 0.862
0.493, 0.300, 0.860
0.501, 0.300, 0.862
0.510, 0.301, 0.864
0.502, 0.293, 0.862
0.510, 0.294, 0.864
0.520, 0.287, 0.867
0.513, 0.280, 0.869
0.511, 0.287, 0.865
0.514, 0.266, 0.871
0.507, 0.258, 0.871
0.507, 0.251, 0.872
0.501, 0.244, 0.875
0.511, 0.237, 0.878
0.503, 0.237, 0.878
0.498, 0.231, 0.882
0.516, 0.244, 0.874
0.518, 0.237, 0.877
0.528, 0.231, 0.881
0.519, 0.230, 0.879
0.528, 0.223, 0.882
0.530, 0.216, 0.884
0.531, 0.209, 0.885
0.532, 0.201, 0.888
0.526, 0.194, 0.891
0.518, 0.194, 0.891
0.511, 0.194, 0.891
0.503, 0.187, 0.891
0.497, 0.180, 0.895
0.504, 0.179, 0.893
0.499, 0.173, 0.898
0.507, 0.165, 0.898
0.501, 0.158, 0.902
0.494, 0.150, 0.903
0.486, 0.150, 0.903
0.479, 0.142, 0.905
0.473, 0.135, 0.908
0.464, 0.143, 0.906
0.464, 0.150, 0.905
0.470, 0.158, 0.902
0.469, 0.165, 0.901
0.468, 0.173, 0.899
0.478, 0.150, 0.903
0.471, 0.150, 0.904
0.481, 0.135, 0.908
0.474, 0.127, 0.911
0.475, 0.120, 0.912
0.485, 0.112, 0.915
0.476, 0.112, 0.914
0.469, 0.104, 0.915
0.486, 0.104, 0.917
0.493, 0.112, 0.915
0.492, 0.120, 0.914
0.497, 0.127, 0.908
0.494, 0.134, 0.903
0.501, 0.142, 0.901
0.501, 0.150, 0.902
0.508, 0.149, 0.900
0.518, 0.142, 0.903
0.509, 0.142, 0.901
0.502, 0.134, 0.904
0.512, 0.127, 0.907
0.506, 0.119, 0.910
0.499, 0.112, 0.913
0.499, 0.120, 0.912
0.506, 0.111, 0.910
0.500, 0.104, 0.914
0.494, 0.097, 0.918
0.502, 0.096, 0.917
0.513, 0.119, 0.909
0.520, 0.127, 0.907
0.519, 0.135, 0.905
0.500, 0.165, 0.900
0.513, 0.172, 0.895
0.521, 0.172, 0.895
0.514, 0.164, 0.896
0.521, 0.164, 0.896
0.528, 0.172, 0.894
0.528, 0.179, 0.894
0.527, 0.187, 0.893
0.534, 0.194, 0.891
0.535, 0.187, 0.892
0.534, 0.179, 0.892
0.542, 0.171, 0.891
0.536, 0.164, 0.895
0.529, 0.157, 0.896
0.521, 0.157, 0.896
0.529, 0.164, 0.895
0.540, 0.149, 0.900
0.546, 0.157, 0.898
0.544, 0.164, 0.895
0.551, 0.164, 0.893
0.554, 0.149, 0.898
0.496, 0.195, 0.892
0.503, 0.194, 0.891
0.505, 0.073, 0.923
0.500, 0.065, 0.929
0.492, 0.065, 0.929
0.501, 0.057, 0.931
0.507, 0.065, 0.927
0.513, 0.073, 0.923
0.522, 0.065, 0.926
0.514, 0.065, 0.925
0.530, 0.065, 0.925
0.538, 0.057, 0.924
0.545, 0.057, 0.922
0.539, 0.049, 0.927
0.547, 0.049, 0.926
0.541, 0.041, 0.930
0.548, 0.041, 0.928
0.555, 0.049, 0.925
0.562, 0.057, 0.924
0.552, 0.065, 0.920
0.570, 0.065, 0.924
0.576, 0.073, 0.921
0.573, 0.080, 0.917
0.577, 0.065, 0.923
0.569, 0.057, 0.923
0.563, 0.049, 0.927
0.572, 0.041, 0.927
0.565, 0.033, 0.929
0.558, 0.025, 0.931
0.548, 0.033, 0.928
0.556, 0.033, 0.928
0.564, 0.041, 0.927
0.573, 0.033, 0.929
0.567, 0.025, 0.932
0.560, 0.017, 0.935
0.569, 0.017, 0.935
0.562, 0.009, 0.938
0.570, 0.009, 0.938
0.578, 0.009, 0.937
0.571, 0.001, 0.938
0.579, 0.001, 0.939
0.572, -0.008, 0.940
0.580, -0.008, 0.941
0.586, 0.001, 0.938
0.588, -0.008, 0.940
0.581, -0.016, 0.943
0.589, -0.016, 0.943
0.583, -0.024, 0.945
0.590, -0.024, 0.944
0.584, -0.032, 0.947
0.579, 0.041, 0.927
0.577, 0.049, 0.923
0.588, 0.041, 0.927
0.591, 0.033, 0.932
0.502, 0.049, 0.932
0.503, 0.041, 0.934
0.496, 0.033, 0.936
0.503, 0.033, 0.934
0.511, 0.025, 0.934
0.503, 0.025, 0.935
0.512, 0.017, 0.936
0.514, 0.009, 0.939
0.516, 0.001, 0.944
0.509, -0.008, 0.945
0.501, -0.008, 0.946
0.493, -0.016, 0.947
0.487, -0.024, 0.951
0.479, -0.032, 0.950
0.471, -0.041, 0.952
0.466, -0.049, 0.958
0.459, -0.058, 0.962
0.451, -0.066, 0.963
0.451, -0.058, 0.962
0.450, -0.049, 0.961
0.440, -0.041, 0.956
0.432, -0.033, 0.956
0.424, -0.033, 0.957
0.439, -0.033, 0.954
0.448, -0.033, 0.955
0.457, -0.041, 0.957
0.449, -0.041, 0.957
0.458, -0.049, 0.960
0.464, -0.041, 0.955
0.461, -0.066, 0.965
0.453, -0.075, 0.966
0.454, -0.084, 0.968
0.447, -0.092, 0.971
0.456, -0.092, 0.972
0.448, -0.101, 0.974
0.458, -0.110, 0.977
0.451, -0.119, 0.980
0.449, -0.110, 0.976
0.459, -0.119, 0.979
0.467, -0.127, 0.978
0.460, -0.136, 0.981
0.453, -0.145, 0.985
0.446, -0.145, 0.987
0.439, -0.155, 0.992
0.429, -0.145, 0.989
0.420, -0.145, 0.988
0.412, -0.145, 0.989
0.420, -0.137, 0.987
0.428, -0.137, 0.987
0.438, -0.146, 0.989
0.448, -0.163, 0.993
0.441, -0.172, 0.996
0.432, -0.173, 0.996
0.440, -0.164, 0.994
0.450, -0.182, 0.997
0.451, -0.190, 0.999
0.461, -0.200, 1.001
0.453, -0.209, 1.002
0.445, -0.218, 1.005
0.438, -0.227, 1.008
0.429, -0.228, 1.010
0.429, -0.218, 1.008
0.429, -0.210, 1.008
0.436, -0.209, 1.005
0.437, -0.218, 1.006
0.439, -0.237, 1.011
0.447, -0.237, 1.011
0.456, -0.236, 1.009
0.464, -0.227, 1.008
0.454, -0.218, 1.005
0.462, -0.218, 1.005
0.465, -0.237, 1.010
0.475, -0.246, 1.014
0.468, -0.256, 1.018
0.452, -0.200, 1.001
0.469, -0.199, 1.000
0.477, -0.199, 1.000
0.487, -0.199, 1.001
0.479, -0.209, 1.002
0.495, -0.191, 1.000
0.495, -0.208, 1.001
0.504, -0.217, 1.002
0.496, -0.217, 1.002
0.506, -0.226, 1.004
0.514, -0.226, 1.004
0.507, -0.236, 1.007
0.516, -0.236, 1.008
0.453, -0.154, 0.985
0.460, -0.145, 0.982
0.453, -0.136, 0.985
0.460, -0.127, 0.980
0.468, -0.144, 0.980
0.462, -0.153, 0.985
0.472, -0.163, 0.989
0.464, -0.163, 0.990
0.476, -0.135, 0.978
0.475, -0.127, 0.977
0.482, -0.118, 0.974
0.482, -0.109, 0.974
0.489, -0.101, 0.970
0.478, -0.092, 0.966
0.470, -0.092, 0.967
0.477, -0.083, 0.964
0.469, -0.075, 0.965
0.476, -0.075, 0.963
0.484, -0.075, 0.961
0.492, -0.075, 0.961
0.500, -0.066, 0.959
0.502, -0.075, 0.963
0.512, -0.083, 0.967
0.503, -0.083, 0.966
0.512, -0.092, 0.967
0.520, -0.092, 0.965
0.530, -0.100, 0.968
0.521, -0.100, 0.967
0.538, -0.092, 0.968
0.544, -0.083, 0.964
0.550, -0.074, 0.959
0.540, -0.066, 0.956
0.558, -0.074, 0.959
0.552, -0.083, 0.962
0.546, -0.092, 0.966
0.539, -0.101, 0.970
0.539, -0.109, 0.971
0.550, -0.118, 0.974
0.543, -0.127, 0.976
0.536, -0.136, 0.979
0.529, -0.145, 0.982
0.526, -0.135, 0.978
0.534, -0.127, 0.976
0.541, -0.118, 0.974
0.551, -0.127, 0.976
0.560, -0.118, 0.976
0.560, -0.135, 0.976
0.568, -0.135, 0.976
0.568, -0.144, 0.976
0.569, -0.152, 0.978
0.530, -0.153, 0.984
0.521, -0.162, 0.984
0.512, -0.162, 0.983
0.512, -0.153, 0.982
0.502, -0.144, 0.980
0.494, -0.144, 0.981
0.484, -0.136, 0.979
0.476, -0.144, 0.978
0.494, -0.136, 0.980
0.509, -0.135, 0.977
0.509, -0.127, 0.976
0.499, -0.118, 0.975
0.490, -0.118, 0.974
0.490, -0.109, 0.973
0.507, -0.118, 0.974
0.511, -0.144, 0.980
0.530, -0.162, 0.984
0.531, -0.171, 0.986
0.553, -0.092, 0.965
0.560, -0.083, 0.962
0.569, -0.092, 0.964
0.561, -0.092, 0.964
0.555, -0.100, 0.967
0.577, -0.091, 0.962
0.583, -0.083, 0.958
0.576, -0.075, 0.961
0.566, -0.066, 0.958
0.570, -0.057, 0.952
0.577, -0.057, 0.950
0.588, -0.066, 0.954
0.580, -0.066, 0.954
0.590, -0.074, 0.957
0.598, -0.074, 0.956
0.591, -0.083, 0.958
0.599, -0.083, 0.957
0.592, -0.091, 0.961
0.587, -0.100, 0.966
0.589, -0.109, 0.969
0.590, -0.118, 0.970
0.599, -0.126, 0.972
0.595, -0.135, 0.978
0.592, -0.126, 0.974
0.603, -0.144, 0.978
0.608, -0.135, 0.972
0.606, -0.126, 0.969
0.616, -0.135, 0.972
0.610, -0.144, 0.976
0.605, -0.153, 0.981
0.614, -0.162, 0.981
0.621, -0.161, 0.979
0.613, -0.170, 0.981
0.617, -0.143, 0.974
0.607, -0.083, 0.958
0.487, -0.092, 0.967
0.479, -0.041, 0.951
0.487, -0.041, 0.951
0.496, -0.032, 0.952
0.502, -0.024, 0.948
0.504, -0.032, 0.952
0.496, -0.041, 0.952
0.505, -0.041, 0.953
0.498, -0.049, 0.955
0.506, -0.049, 0.956
0.514, -0.049, 0.956
0.521, -0.041, 0.953
0.522, -0.049, 0.955
0.479, -0.016, 0.950
0.470, -0.008, 0.950
0.478, -0.008, 0.949
0.486, -0.016, 0.949
0.493, -0.008, 0.947
0.517, -0.008, 0.945
0.525, -0.016, 0.944
0.518, -0.016, 0.947
0.526, -0.024, 0.946
0.411, -0.058, 0.967
0.385, 0.105, 0.924
0.386, 0.159, 0.908
0.408, 0.166, 0.904
0.424, 0.166, 0.904
0.430, 0.173, 0.900
0.422, 0.181, 0.900
0.438, 0.173, 0.901
0.446, 0.181, 0.900
0.438, 0.189, 0.901
0.439, 0.166, 0.903
0.433, 0.158, 0.907
0.434, 0.202, 0.892
0.421, 0.310, 0.866
0.420, 0.316, 0.864
0.426, 0.322, 0.860
0.425, 0.329, 0.859
0.432, 0.336, 0.857
0.439, 0.336, 0.856
0.432, 0.329, 0.858
0.440, 0.329, 0.858
0.446, 0.335, 0.855
0.440, 0.322, 0.860
0.434, 0.315, 0.861
0.428, 0.309, 0.866
0.390, 0.196, 0.898
0.257, 0.137, 0.925
0.130, 0.139, 0.938
0.138, 0.131, 0.940
0.139, 0.124, 0.942
0.139, 0.116, 0.946
0.131, 0.108, 0.948
0.107, 0.092, 0.954
0.099, 0.084, 0.956
0.032, 0.116, 0.950
0.033, 0.093, 0.961
0.024, 0.085, 0.964
0.016, 0.076, 0.965
-0.059, 0.110, 0.964
-0.051, 0.110, 0.962
-0.059, 0.101, 0.965
-0.051, 0.093, 0.968
-0.043, 0.093, 0.967
-0.034, 0.101, 0.963
-0.043, 0.109, 0.962
-0.034, 0.109, 0.960
-0.034, 0.093, 0.965
-0.060, 0.077, 0.971
-0.068, 0.077, 0.971
-0.077, 0.069, 0.976
-0.086, 0.069, 0.977
-0.077, 0.060, 0.980
-0.086, 0.052, 0.986
-0.078, 0.044, 0.985
-0.069, 0.043, 0.982
-0.060, 0.052, 0.977
-0.052, 0.060, 0.975
-0.052, 0.068, 0.973
-0.051, 0.077, 0.971
-0.043, 0.052, 0.977
-0.052, 0.052, 0.977
-0.035, 0.043, 0.977
-0.026, 0.043, 0.976
-0.018, 0.051, 0.973
-0.009, 0.060, 0.969
0.008, 0.060, 0.972
0.067, 0.051, 0.968
0.092, 0.051, 0.966
0.108, 0.051, 0.964
0.183, 0.051, 0.958
0.182, 0.067, 0.956
0.198, 0.067, 0.952
0.208, 0.051, 0.958
0.215, 0.059, 0.953
0.213, 0.075, 0.946
RegionID:6
Center:-0.150,-0.173,1.050
Normal:-0.049,-0.294,-0.954
NumPatches:28
-0.184, -0.192, 1.056
-0.175, -0.182, 1.052
-0.166, -0.174, 1.055
-0.156, -0.164, 1.049
-0.165, -0.154, 1.047
-0.164, -0.144, 1.041
-0.155, -0.154, 1.046
-0.146, -0.144, 1.040
-0.145, -0.135, 1.037
-0.136, -0.144, 1.040
-0.146, -0.154, 1.044
-0.137, -0.153, 1.042
-0.128, -0.163, 1.043
-0.119, -0.163, 1.044
-0.110, -0.163, 1.046
-0.110, -0.173, 1.050
-0.147, -0.173, 1.050
-0.157, -0.183, 1.054
-0.166, -0.192, 1.056
-0.166, -0.183, 1.055
-0.156, -0.173, 1.053
-0.157, -0.192, 1.056
-0.166, -0.202, 1.058
-0.157, -0.202, 1.059
-0.148, -0.192, 1.057
-0.139, -0.192, 1.056
-0.129, -0.192, 1.055
-0.158, -0.212, 1.062
RegionID:7
Center:-0.407,-0.101,1.057
Normal:-0.107,-0.279,-0.955
NumPatches:133
-0.524, -0.045, 1.055
-0.514, -0.036, 1.053
-0.501, -0.027, 1.047
-0.509, -0.017, 1.044
-0.520, -0.017, 1.048
-0.518, -0.008, 1.044
-0.527, 0.001, 1.044
-0.537, 0.001, 1.046
-0.546, 0.010, 1.045
-0.557, 0.001, 1.049
-0.565, 0.001, 1.046
-0.563, 0.010, 1.042
-0.558, -0.008, 1.050
-0.525, 0.010, 1.039
-0.517, 0.001, 1.042
-0.507, -0.008, 1.040
-0.500, -0.017, 1.043
-0.489, -0.008, 1.041
-0.481, -0.008, 1.041
-0.491, -0.017, 1.043
-0.482, -0.017, 1.043
-0.471, -0.008, 1.039
-0.483, -0.027, 1.047
-0.493, -0.036, 1.048
-0.503, -0.036, 1.051
-0.492, -0.045, 1.046
-0.483, -0.045, 1.046
-0.473, -0.036, 1.043
-0.464, -0.036, 1.043
-0.473, -0.045, 1.045
-0.464, -0.045, 1.045
-0.459, -0.054, 1.053
-0.445, -0.045, 1.044
-0.436, -0.045, 1.042
-0.427, -0.045, 1.043
-0.436, -0.054, 1.044
-0.448, -0.063, 1.050
-0.438, -0.063, 1.047
-0.428, -0.054, 1.044
-0.418, -0.045, 1.044
-0.408, -0.045, 1.042
-0.419, -0.054, 1.046
-0.428, -0.063, 1.046
-0.439, -0.072, 1.050
-0.441, -0.082, 1.054
-0.442, -0.091, 1.056
-0.433, -0.100, 1.057
-0.442, -0.110, 1.058
-0.455, -0.120, 1.066
-0.445, -0.120, 1.064
-0.457, -0.130, 1.071
-0.447, -0.130, 1.070
-0.435, -0.119, 1.063
-0.434, -0.110, 1.059
-0.426, -0.110, 1.062
-0.415, -0.101, 1.058
-0.403, -0.091, 1.052
-0.393, -0.081, 1.049
-0.401, -0.072, 1.046
-0.400, -0.063, 1.043
-0.391, -0.054, 1.043
-0.392, -0.072, 1.046
-0.383, -0.072, 1.047
-0.374, -0.072, 1.047
-0.383, -0.081, 1.047
-0.394, -0.091, 1.052
-0.405, -0.100, 1.056
-0.416, -0.110, 1.062
-0.407, -0.110, 1.061
-0.397, -0.110, 1.059
-0.386, -0.100, 1.055
-0.384, -0.091, 1.050
-0.387, -0.110, 1.058
-0.398, -0.119, 1.063
-0.388, -0.119, 1.061
-0.399, -0.129, 1.065
-0.389, -0.129, 1.063
-0.400, -0.139, 1.068
-0.390, -0.138, 1.067
-0.402, -0.148, 1.072
-0.412, -0.158, 1.076
-0.403, -0.158, 1.076
-0.392, -0.148, 1.072
-0.383, -0.148, 1.071
-0.372, -0.139, 1.067
-0.359, -0.128, 1.057
-0.349, -0.128, 1.054
-0.339, -0.118, 1.052
-0.330, -0.118, 1.051
-0.322, -0.128, 1.056
-0.332, -0.137, 1.059
-0.331, -0.128, 1.054
-0.323, -0.137, 1.059
-0.333, -0.147, 1.061
-0.323, -0.147, 1.060
-0.314, -0.147, 1.060
-0.324, -0.156, 1.062
-0.315, -0.156, 1.062
-0.305, -0.147, 1.061
-0.305, -0.137, 1.059
-0.293, -0.127, 1.050
-0.302, -0.118, 1.050
-0.312, -0.118, 1.053
-0.296, -0.147, 1.061
-0.297, -0.157, 1.064
-0.306, -0.166, 1.065
-0.316, -0.166, 1.065
-0.298, -0.166, 1.066
-0.288, -0.166, 1.067
-0.280, -0.176, 1.070
-0.269, -0.166, 1.063
-0.260, -0.166, 1.064
-0.270, -0.175, 1.066
-0.251, -0.175, 1.065
-0.363, -0.148, 1.068
-0.374, -0.158, 1.074
-0.384, -0.168, 1.076
-0.394, -0.177, 1.077
-0.405, -0.187, 1.081
-0.405, -0.178, 1.080
-0.404, -0.168, 1.078
-0.396, -0.187, 1.081
-0.406, -0.197, 1.083
-0.397, -0.197, 1.084
-0.387, -0.197, 1.085
-0.385, -0.177, 1.076
-0.375, -0.168, 1.075
-0.384, -0.158, 1.075
-0.364, -0.167, 1.072
-0.354, -0.158, 1.070
-0.354, -0.176, 1.068
-0.364, -0.176, 1.071
-0.438, -0.130, 1.070
RegionID:8
Center:-0.542,-0.147,1.084
Normal:-0.119,-0.318,-0.941
NumPatches:35
-0.571, -0.102, 1.075
-0.562, -0.111, 1.075
-0.550, -0.111, 1.071
-0.540, -0.111, 1.070
-0.533, -0.121, 1.074
-0.545, -0.131, 1.078
-0.543, -0.121, 1.075
-0.546, -0.140, 1.082
-0.558, -0.150, 1.087
-0.571, -0.161, 1.094
-0.583, -0.171, 1.098
-0.594, -0.171, 1.099
-0.604, -0.181, 1.101
-0.573, -0.171, 1.096
-0.574, -0.181, 1.099
-0.571, -0.151, 1.093
-0.548, -0.150, 1.084
-0.538, -0.150, 1.085
-0.549, -0.160, 1.087
-0.540, -0.160, 1.087
-0.528, -0.150, 1.082
-0.524, -0.140, 1.075
-0.514, -0.130, 1.073
-0.524, -0.121, 1.074
-0.504, -0.120, 1.071
-0.505, -0.130, 1.074
-0.516, -0.140, 1.076
-0.507, -0.140, 1.078
-0.501, -0.150, 1.084
-0.530, -0.160, 1.087
-0.541, -0.170, 1.090
-0.523, -0.170, 1.091
-0.512, -0.170, 1.088
-0.523, -0.180, 1.093
-0.512, -0.179, 1.089
RegionID:9
Center:-0.323,-0.033,1.029
Normal:-0.102,-0.277,-0.955
NumPatches:39
-0.343, -0.044, 1.035
-0.353, -0.054, 1.039
-0.352, -0.044, 1.036
-0.360, -0.035, 1.034
-0.359, -0.026, 1.030
-0.358, -0.017, 1.027
-0.358, -0.008, 1.026
-0.347, -0.008, 1.022
-0.340, -0.017, 1.026
-0.349, -0.017, 1.026
-0.341, -0.026, 1.030
-0.351, -0.035, 1.033
-0.342, -0.035, 1.032
-0.328, -0.008, 1.018
-0.328, 0.001, 1.016
-0.319, 0.010, 1.017
-0.327, 0.018, 1.013
-0.318, 0.018, 1.014
-0.309, 0.018, 1.014
-0.311, 0.001, 1.021
-0.312, -0.008, 1.021
-0.312, -0.017, 1.023
-0.344, -0.053, 1.038
-0.335, -0.053, 1.037
-0.325, -0.053, 1.035
-0.315, -0.053, 1.032
-0.325, -0.062, 1.037
-0.315, -0.062, 1.034
-0.326, -0.072, 1.040
-0.305, -0.053, 1.030
-0.305, -0.044, 1.030
-0.297, -0.053, 1.031
-0.287, -0.044, 1.029
-0.278, -0.044, 1.028
-0.288, -0.053, 1.031
-0.297, -0.062, 1.032
-0.279, -0.062, 1.033
-0.271, -0.071, 1.036
-0.271, -0.080, 1.037
RegionID:10
Center:-0.008,0.270,0.820
Normal:-0.089,-0.262,-0.961
NumPatches:157
-0.007, 0.385, 0.790
-0.014, 0.380, 0.793
-0.021, 0.379, 0.792
-0.028, 0.386, 0.791
-0.035, 0.386, 0.791
-0.042, 0.386, 0.791
-0.049, 0.387, 0.793
-0.056, 0.387, 0.793
-0.063, 0.387, 0.793
-0.070, 0.387, 0.794
-0.077, 0.388, 0.794
-0.083, 0.388, 0.794
-0.090, 0.388, 0.794
-0.098, 0.382, 0.797
-0.097, 0.388, 0.795
-0.098, 0.376, 0.800
-0.098, 0.371, 0.803
-0.091, 0.364, 0.803
-0.099, 0.365, 0.805
-0.092, 0.357, 0.804
-0.092, 0.351, 0.806
-0.092, 0.345, 0.808
-0.092, 0.339, 0.810
-0.092, 0.332, 0.811
-0.093, 0.326, 0.813
-0.093, 0.320, 0.815
-0.093, 0.313, 0.817
-0.093, 0.307, 0.819
-0.086, 0.300, 0.820
-0.093, 0.301, 0.821
-0.086, 0.294, 0.821
-0.086, 0.287, 0.822
-0.087, 0.280, 0.824
-0.087, 0.274, 0.826
-0.087, 0.267, 0.829
-0.087, 0.261, 0.831
-0.088, 0.254, 0.833
-0.088, 0.248, 0.835
-0.088, 0.241, 0.836
-0.081, 0.233, 0.836
-0.088, 0.234, 0.838
-0.081, 0.227, 0.838
-0.081, 0.220, 0.840
-0.081, 0.213, 0.842
-0.081, 0.206, 0.845
-0.082, 0.200, 0.847
-0.082, 0.193, 0.849
-0.082, 0.185, 0.850
-0.082, 0.179, 0.852
-0.075, 0.171, 0.854
-0.082, 0.172, 0.854
-0.075, 0.164, 0.855
-0.075, 0.157, 0.856
-0.075, 0.150, 0.858
-0.068, 0.143, 0.861
-0.076, 0.143, 0.861
-0.060, 0.143, 0.860
-0.053, 0.143, 0.860
-0.046, 0.143, 0.860
-0.038, 0.150, 0.856
-0.030, 0.149, 0.854
-0.038, 0.142, 0.858
-0.023, 0.156, 0.853
-0.015, 0.156, 0.852
-0.023, 0.149, 0.853
-0.008, 0.156, 0.851
-0.001, 0.149, 0.854
-0.008, 0.149, 0.853
0.007, 0.149, 0.855
0.014, 0.149, 0.854
0.022, 0.149, 0.850
0.029, 0.148, 0.849
0.036, 0.148, 0.849
0.044, 0.148, 0.849
0.051, 0.148, 0.849
0.058, 0.148, 0.848
0.066, 0.148, 0.847
0.073, 0.148, 0.846
0.080, 0.155, 0.843
0.080, 0.162, 0.841
0.080, 0.168, 0.839
0.079, 0.175, 0.837
0.079, 0.182, 0.835
0.079, 0.189, 0.834
0.079, 0.196, 0.832
0.079, 0.203, 0.830
0.079, 0.210, 0.830
0.079, 0.217, 0.829
0.078, 0.224, 0.827
0.078, 0.230, 0.824
0.078, 0.237, 0.822
0.078, 0.244, 0.821
0.078, 0.250, 0.820
0.071, 0.257, 0.819
0.070, 0.263, 0.817
0.070, 0.269, 0.813
0.070, 0.276, 0.811
0.070, 0.282, 0.809
0.070, 0.289, 0.807
0.070, 0.295, 0.806
0.069, 0.302, 0.805
0.069, 0.308, 0.803
0.069, 0.314, 0.801
0.069, 0.320, 0.799
0.069, 0.327, 0.798
0.069, 0.333, 0.797
0.069, 0.339, 0.795
0.068, 0.346, 0.794
0.068, 0.352, 0.792
0.068, 0.357, 0.789
0.061, 0.363, 0.787
0.054, 0.364, 0.788
0.047, 0.365, 0.790
0.041, 0.365, 0.790
0.034, 0.365, 0.789
0.027, 0.371, 0.788
0.020, 0.365, 0.791
0.013, 0.372, 0.790
0.006, 0.366, 0.793
-0.001, 0.360, 0.796
-0.001, 0.367, 0.794
-0.007, 0.373, 0.793
-0.007, 0.380, 0.792
-0.001, 0.372, 0.791
0.006, 0.378, 0.788
0.013, 0.378, 0.788
0.020, 0.384, 0.786
0.027, 0.383, 0.785
0.020, 0.378, 0.788
0.027, 0.377, 0.787
0.020, 0.371, 0.789
0.034, 0.383, 0.784
0.040, 0.382, 0.784
0.047, 0.382, 0.784
0.040, 0.376, 0.785
0.034, 0.370, 0.787
0.047, 0.371, 0.789
0.054, 0.377, 0.786
0.054, 0.382, 0.784
0.061, 0.382, 0.783
0.068, 0.382, 0.783
0.061, 0.376, 0.784
0.068, 0.376, 0.784
0.061, 0.370, 0.786
0.068, 0.369, 0.785
0.068, 0.363, 0.787
0.006, 0.359, 0.793
-0.001, 0.354, 0.797
0.006, 0.348, 0.798
-0.001, 0.348, 0.799
0.013, 0.353, 0.794
0.020, 0.359, 0.792
0.020, 0.353, 0.793
0.013, 0.347, 0.796
0.078, 0.257, 0.819
0.080, 0.148, 0.845
-0.021, 0.386, 0.791
RegionID:11
Center:0.226,0.274,0.798
Normal:-0.084,-0.259,-0.962
NumPatches:142
0.254, 0.376, 0.770
0.247, 0.375, 0.770
0.240, 0.376, 0.770
0.234, 0.375, 0.770
0.227, 0.376, 0.770
0.221, 0.376, 0.771
0.214, 0.377, 0.772
0.208, 0.377, 0.772
0.201, 0.377, 0.773
0.195, 0.378, 0.774
0.188, 0.378, 0.775
0.181, 0.378, 0.774
0.175, 0.378, 0.775
0.168, 0.378, 0.775
0.161, 0.378, 0.775
0.154, 0.378, 0.775
0.148, 0.373, 0.778
0.142, 0.367, 0.781
0.142, 0.374, 0.780
0.148, 0.378, 0.776
0.149, 0.361, 0.781
0.142, 0.361, 0.781
0.149, 0.355, 0.783
0.143, 0.349, 0.785
0.137, 0.344, 0.789
0.143, 0.343, 0.787
0.137, 0.338, 0.791
0.137, 0.331, 0.792
0.138, 0.325, 0.794
0.144, 0.318, 0.794
0.138, 0.319, 0.796
0.145, 0.312, 0.796
0.145, 0.306, 0.797
0.145, 0.299, 0.798
0.146, 0.293, 0.801
0.146, 0.287, 0.803
0.146, 0.280, 0.804
0.146, 0.273, 0.804
0.147, 0.267, 0.806
0.147, 0.261, 0.808
0.147, 0.254, 0.810
0.148, 0.248, 0.812
0.148, 0.242, 0.815
0.149, 0.235, 0.817
0.149, 0.229, 0.819
0.156, 0.222, 0.819
0.149, 0.222, 0.821
0.156, 0.215, 0.820
0.150, 0.208, 0.823
0.157, 0.208, 0.823
0.150, 0.202, 0.825
0.150, 0.195, 0.826
0.151, 0.188, 0.827
0.151, 0.181, 0.830
0.151, 0.174, 0.831
0.159, 0.167, 0.832
0.152, 0.167, 0.834
0.166, 0.167, 0.832
0.173, 0.167, 0.831
0.180, 0.167, 0.831
0.187, 0.167, 0.831
0.194, 0.167, 0.831
0.201, 0.167, 0.830
0.209, 0.167, 0.830
0.216, 0.166, 0.829
0.222, 0.166, 0.827
0.230, 0.166, 0.827
0.237, 0.166, 0.827
0.243, 0.172, 0.823
0.250, 0.172, 0.822
0.244, 0.166, 0.827
0.257, 0.172, 0.822
0.264, 0.172, 0.823
0.271, 0.172, 0.822
0.278, 0.172, 0.820
0.284, 0.172, 0.820
0.292, 0.172, 0.820
0.299, 0.172, 0.819
0.306, 0.172, 0.819
0.312, 0.178, 0.817
0.318, 0.185, 0.814
0.318, 0.192, 0.813
0.317, 0.198, 0.812
0.316, 0.205, 0.810
0.315, 0.211, 0.808
0.315, 0.218, 0.806
0.314, 0.225, 0.805
0.314, 0.231, 0.804
0.313, 0.238, 0.802
0.312, 0.244, 0.800
0.312, 0.251, 0.799
0.312, 0.257, 0.798
0.311, 0.264, 0.797
0.310, 0.270, 0.794
0.309, 0.276, 0.791
0.308, 0.282, 0.789
0.308, 0.289, 0.788
0.307, 0.294, 0.786
0.306, 0.300, 0.783
0.305, 0.307, 0.782
0.305, 0.313, 0.781
0.305, 0.319, 0.780
0.304, 0.325, 0.778
0.303, 0.331, 0.776
0.296, 0.338, 0.776
0.290, 0.332, 0.778
0.284, 0.326, 0.780
0.278, 0.326, 0.781
0.271, 0.333, 0.780
0.270, 0.339, 0.777
0.269, 0.344, 0.774
0.269, 0.351, 0.774
0.262, 0.357, 0.774
0.255, 0.357, 0.773
0.254, 0.363, 0.771
0.254, 0.369, 0.771
0.268, 0.363, 0.771
0.268, 0.357, 0.773
0.275, 0.350, 0.773
0.282, 0.344, 0.774
0.275, 0.344, 0.774
0.288, 0.350, 0.773
0.288, 0.356, 0.771
0.287, 0.362, 0.768
0.286, 0.367, 0.766
0.286, 0.373, 0.765
0.293, 0.374, 0.766
0.299, 0.373, 0.765
0.300, 0.368, 0.767
0.300, 0.362, 0.769
0.301, 0.356, 0.770
0.295, 0.350, 0.772
0.301, 0.349, 0.771
0.296, 0.344, 0.774
0.290, 0.338, 0.776
0.302, 0.344, 0.774
0.303, 0.338, 0.775
0.278, 0.333, 0.780
0.291, 0.326, 0.779
0.319, 0.178, 0.817
0.313, 0.172, 0.819
0.150, 0.349, 0.785
RegionID:12
Center:-0.528,0.241,0.974
Normal:-0.131,-0.260,-0.957
NumPatches:27
-0.576, 0.263, 0.973
-0.578, 0.256, 0.976
-0.570, 0.247, 0.976
-0.562, 0.239, 0.979
-0.556, 0.231, 0.982
-0.564, 0.231, 0.982
-0.546, 0.239, 0.980
-0.534, 0.246, 0.973
-0.542, 0.255, 0.973
-0.533, 0.254, 0.971
-0.526, 0.246, 0.973
-0.536, 0.239, 0.977
-0.547, 0.231, 0.981
-0.547, 0.223, 0.982
-0.527, 0.238, 0.976
-0.517, 0.246, 0.973
-0.506, 0.245, 0.969
-0.497, 0.245, 0.967
-0.508, 0.238, 0.973
-0.499, 0.237, 0.970
-0.509, 0.230, 0.974
-0.500, 0.229, 0.972
-0.510, 0.222, 0.977
-0.489, 0.237, 0.969
-0.490, 0.229, 0.971
-0.489, 0.253, 0.967
-0.497, 0.261, 0.966
RegionID:13
Center:-0.177,0.363,0.904
Normal:-0.081,-0.269,-0.960
NumPatches:58
-0.213, 0.362, 0.904
-0.206, 0.355, 0.906
-0.197, 0.363, 0.905
-0.197, 0.370, 0.903
-0.205, 0.378, 0.903
-0.189, 0.377, 0.901
-0.181, 0.376, 0.899
-0.189, 0.369, 0.902
-0.181, 0.369, 0.901
-0.172, 0.375, 0.897
-0.172, 0.383, 0.897
-0.180, 0.391, 0.898
-0.187, 0.398, 0.895
-0.196, 0.398, 0.896
-0.203, 0.406, 0.896
-0.203, 0.413, 0.894
-0.202, 0.419, 0.891
-0.194, 0.418, 0.889
-0.186, 0.418, 0.887
-0.178, 0.424, 0.886
-0.186, 0.411, 0.890
-0.195, 0.405, 0.894
-0.187, 0.404, 0.892
-0.172, 0.390, 0.896
-0.164, 0.375, 0.897
-0.157, 0.369, 0.900
-0.165, 0.368, 0.899
-0.158, 0.362, 0.904
-0.166, 0.355, 0.906
-0.174, 0.355, 0.905
-0.182, 0.355, 0.905
-0.181, 0.362, 0.903
-0.158, 0.355, 0.906
-0.150, 0.362, 0.902
-0.149, 0.368, 0.899
-0.143, 0.356, 0.907
-0.151, 0.348, 0.908
-0.159, 0.340, 0.908
-0.166, 0.340, 0.908
-0.174, 0.340, 0.908
-0.183, 0.341, 0.910
-0.191, 0.342, 0.913
-0.200, 0.336, 0.917
-0.199, 0.343, 0.914
-0.206, 0.349, 0.910
-0.198, 0.356, 0.907
-0.199, 0.349, 0.910
-0.159, 0.333, 0.910
-0.151, 0.340, 0.907
-0.152, 0.326, 0.913
-0.160, 0.319, 0.915
-0.159, 0.326, 0.913
-0.152, 0.319, 0.915
-0.143, 0.318, 0.912
-0.152, 0.312, 0.916
-0.160, 0.304, 0.918
-0.135, 0.310, 0.912
-0.150, 0.356, 0.907
