NumRegions:9
RegionID:0
Center:-0.230,-0.374,1.081
Normal:-0.005,-0.175,-0.985
NumPatches:29
-0.273, -0.356, 1.078
-0.273, -0.366, 1.081
-0.265, -0.376, 1.083
-0.274, -0.376, 1.082
-0.255, -0.376, 1.082
-0.245, -0.366, 1.080
-0.253, -0.354, 1.073
-0.235, -0.356, 1.079
-0.226, -0.356, 1.079
-0.236, -0.366, 1.080
-0.236, -0.375, 1.080
-0.227, -0.385, 1.082
-0.237, -0.396, 1.085
-0.246, -0.406, 1.086
-0.246, -0.396, 1.085
-0.236, -0.385, 1.082
-0.227, -0.396, 1.086
-0.217, -0.386, 1.083
-0.217, -0.376, 1.083
-0.217, -0.366, 1.081
-0.217, -0.356, 1.079
-0.208, -0.366, 1.081
-0.198, -0.356, 1.079
-0.188, -0.365, 1.077
-0.198, -0.375, 1.081
-0.208, -0.376, 1.082
-0.198, -0.366, 1.080
-0.189, -0.375, 1.080
-0.247, -0.416, 1.089
RegionID:1
Center:0.095,-0.114,0.810
Normal:-0.085,0.017,-0.996
NumPatches:300
-0.036, -0.306, 0.819
-0.043, -0.306, 0.820
-0.051, -0.306, 0.820
-0.058, -0.306, 0.821
-0.065, -0.300, 0.823
-0.072, -0.300, 0.824
-0.072, -0.293, 0.823
-0.072, -0.286, 0.822
-0.072, -0.279, 0.823
-0.072, -0.271, 0.823
-0.072, -0.264, 0.823
-0.079, -0.257, 0.823
-0.079, -0.250, 0.824
-0.079, -0.243, 0.823
-0.079, -0.236, 0.823
-0.079, -0.229, 0.824
-0.079, -0.221, 0.823
-0.079, -0.214, 0.823
-0.072, -0.207, 0.823
-0.079, -0.200, 0.822
-0.079, -0.193, 0.822
-0.079, -0.185, 0.822
-0.079, -0.178, 0.822
-0.079, -0.171, 0.822
-0.079, -0.164, 0.823
-0.087, -0.157, 0.824
-0.087, -0.150, 0.825
-0.087, -0.143, 0.825
-0.087, -0.136, 0.824
-0.087, -0.129, 0.824
-0.087, -0.121, 0.824
-0.087, -0.114, 0.825
-0.087, -0.107, 0.826
-0.087, -0.100, 0.826
-0.087, -0.093, 0.826
-0.087, -0.086, 0.826
-0.087, -0.079, 0.827
-0.087, -0.071, 0.827
-0.087, -0.064, 0.827
-0.094, -0.057, 0.827
-0.094, -0.050, 0.827
-0.094, -0.043, 0.827
-0.094, -0.035, 0.828
-0.094, -0.028, 0.827
-0.094, -0.021, 0.827
-0.094, -0.014, 0.827
-0.094, -0.007, 0.827
-0.094, 0.001, 0.828
-0.094, 0.008, 0.828
-0.094, 0.015, 0.828
-0.094, 0.022, 0.827
-0.094, 0.029, 0.827
-0.094, 0.037, 0.827
-0.094, 0.044, 0.828
-0.094, 0.051, 0.829
-0.087, 0.058, 0.829
-0.080, 0.058, 0.829
-0.087, 0.051, 0.829
-0.073, 0.058, 0.827
-0.065, 0.058, 0.826
-0.058, 0.058, 0.825
-0.051, 0.058, 0.825
-0.044, 0.058, 0.824
-0.036, 0.065, 0.824
-0.029, 0.065, 0.824
-0.036, 0.058, 0.823
-0.022, 0.065, 0.824
-0.015, 0.065, 0.823
-0.008, 0.065, 0.822
-0.001, 0.065, 0.821
0.007, 0.065, 0.819
0.014, 0.065, 0.819
0.021, 0.065, 0.820
0.028, 0.065, 0.820
0.035, 0.065, 0.818
0.042, 0.065, 0.817
0.049, 0.065, 0.817
0.056, 0.064, 0.816
0.063, 0.064, 0.815
0.070, 0.064, 0.816
0.078, 0.065, 0.818
0.070, 0.057, 0.816
0.070, 0.050, 0.816
0.070, 0.043, 0.815
0.070, 0.036, 0.815
0.063, 0.029, 0.814
0.070, 0.029, 0.815
0.063, 0.022, 0.814
0.063, 0.015, 0.815
0.070, 0.008, 0.816
0.063, 0.008, 0.816
0.070, 0.001, 0.815
0.077, -0.007, 0.816
0.070, -0.007, 0.815
0.077, -0.014, 0.816
0.070, -0.021, 0.815
0.077, -0.021, 0.815
0.070, -0.028, 0.813
0.077, -0.035, 0.814
0.070, -0.035, 0.813
0.077, -0.042, 0.815
0.084, -0.035, 0.815
0.085, -0.028, 0.816
0.091, -0.021, 0.813
0.085, -0.014, 0.816
0.085, -0.007, 0.817
0.085, 0.001, 0.817
0.091, 0.008, 0.813
0.098, 0.015, 0.812
0.098, 0.022, 0.812
0.098, 0.029, 0.813
0.098, 0.036, 0.813
0.098, 0.043, 0.813
0.091, 0.050, 0.813
0.091, 0.057, 0.815
0.085, 0.065, 0.817
0.092, 0.064, 0.815
0.099, 0.071, 0.815
0.106, 0.071, 0.814
0.099, 0.064, 0.814
0.113, 0.071, 0.813
0.119, 0.071, 0.812
0.126, 0.071, 0.810
0.133, 0.071, 0.810
0.140, 0.071, 0.811
0.147, 0.071, 0.810
0.154, 0.078, 0.809
0.161, 0.078, 0.809
0.154, 0.071, 0.808
0.168, 0.078, 0.808
0.175, 0.078, 0.807
0.182, 0.078, 0.807
0.189, 0.078, 0.807
0.196, 0.078, 0.805
0.202, 0.078, 0.804
0.209, 0.078, 0.804
0.216, 0.078, 0.804
0.223, 0.078, 0.804
0.230, 0.077, 0.803
0.237, 0.077, 0.802
0.244, 0.084, 0.802
0.250, 0.084, 0.802
0.244, 0.077, 0.802
0.250, 0.077, 0.801
0.257, 0.077, 0.801
0.257, 0.070, 0.800
0.257, 0.063, 0.799
0.256, 0.056, 0.799
0.256, 0.049, 0.799
0.257, 0.042, 0.799
0.264, 0.035, 0.800
0.257, 0.035, 0.800
0.264, 0.028, 0.800
0.263, 0.021, 0.799
0.263, 0.014, 0.799
0.263, 0.008, 0.799
0.263, 0.001, 0.798
0.263, -0.006, 0.797
0.263, -0.013, 0.797
0.263, -0.020, 0.797
0.263, -0.027, 0.797
0.263, -0.034, 0.797
0.263, -0.041, 0.797
0.263, -0.048, 0.798
0.263, -0.055, 0.797
0.263, -0.062, 0.796
0.262, -0.069, 0.796
0.262, -0.076, 0.796
0.269, -0.082, 0.796
0.262, -0.083, 0.796
0.269, -0.089, 0.796
0.269, -0.096, 0.796
0.269, -0.103, 0.796
0.269, -0.110, 0.796
0.269, -0.117, 0.795
0.269, -0.124, 0.794
0.268, -0.131, 0.793
0.269, -0.138, 0.794
0.269, -0.145, 0.795
0.276, -0.152, 0.795
0.269, -0.152, 0.796
0.276, -0.158, 0.794
0.275, -0.165, 0.793
0.275, -0.172, 0.792
0.275, -0.179, 0.792
0.275, -0.186, 0.792
0.275, -0.192, 0.792
0.275, -0.199, 0.792
0.275, -0.206, 0.792
0.275, -0.213, 0.791
0.275, -0.220, 0.792
0.275, -0.227, 0.793
0.275, -0.234, 0.793
0.275, -0.241, 0.793
0.282, -0.247, 0.792
0.275, -0.248, 0.793
0.282, -0.254, 0.792
0.281, -0.261, 0.791
0.281, -0.268, 0.790
0.274, -0.275, 0.791
0.268, -0.282, 0.792
0.261, -0.282, 0.792
0.254, -0.282, 0.792
0.247, -0.282, 0.792
0.241, -0.282, 0.793
0.234, -0.283, 0.794
0.228, -0.283, 0.796
0.221, -0.284, 0.797
0.214, -0.284, 0.797
0.207, -0.284, 0.797
0.201, -0.284, 0.798
0.194, -0.284, 0.798
0.187, -0.291, 0.798
0.180, -0.291, 0.799
0.173, -0.292, 0.800
0.167, -0.292, 0.802
0.160, -0.293, 0.803
0.153, -0.293, 0.803
0.146, -0.293, 0.803
0.139, -0.293, 0.803
0.132, -0.293, 0.804
0.125, -0.293, 0.805
0.118, -0.287, 0.805
0.112, -0.288, 0.808
0.105, -0.288, 0.810
0.098, -0.288, 0.810
0.091, -0.289, 0.811
0.084, -0.289, 0.811
0.077, -0.296, 0.811
0.070, -0.296, 0.811
0.063, -0.296, 0.811
0.056, -0.296, 0.811
0.049, -0.296, 0.812
0.042, -0.296, 0.812
0.035, -0.297, 0.814
0.028, -0.297, 0.815
0.021, -0.298, 0.816
0.014, -0.298, 0.817
0.006, -0.298, 0.816
-0.001, -0.297, 0.816
-0.008, -0.298, 0.816
-0.015, -0.298, 0.818
-0.022, -0.299, 0.819
-0.029, -0.299, 0.819
-0.036, -0.299, 0.820
0.077, -0.289, 0.811
0.105, -0.281, 0.810
0.105, -0.274, 0.810
0.112, -0.266, 0.807
0.119, -0.266, 0.806
0.112, -0.273, 0.807
0.118, -0.280, 0.805
0.125, -0.273, 0.805
0.126, -0.266, 0.806
0.125, -0.279, 0.805
0.125, -0.286, 0.804
0.187, -0.284, 0.798
0.274, -0.281, 0.790
0.281, -0.274, 0.790
0.098, 0.050, 0.813
0.098, 0.008, 0.812
0.091, 0.001, 0.814
0.091, -0.014, 0.813
0.091, -0.028, 0.814
0.098, -0.035, 0.811
0.091, -0.035, 0.813
0.098, -0.042, 0.811
0.091, -0.049, 0.812
0.098, -0.049, 0.811
0.098, -0.056, 0.811
0.098, -0.063, 0.812
0.091, -0.070, 0.815
0.084, -0.077, 0.814
0.077, -0.077, 0.813
0.077, -0.070, 0.812
0.077, -0.063, 0.812
0.077, -0.056, 0.814
0.077, -0.049, 0.815
0.084, -0.084, 0.814
0.077, -0.091, 0.813
0.084, -0.091, 0.814
0.077, -0.098, 0.812
0.077, -0.105, 0.811
0.084, -0.112, 0.811
0.077, -0.112, 0.810
0.091, -0.112, 0.812
0.098, -0.105, 0.811
0.098, -0.098, 0.811
0.098, -0.091, 0.811
0.091, -0.084, 0.814
0.091, -0.077, 0.814
0.098, -0.070, 0.813
0.098, -0.084, 0.813
0.098, -0.112, 0.811
-0.087, -0.057, 0.827
-0.079, -0.157, 0.823
-0.072, -0.200, 0.823
-0.072, -0.214, 0.822
-0.072, -0.257, 0.823
-0.058, -0.300, 0.822
RegionID:2
Center:-0.340,-0.300,1.070
Normal:-0.046,-0.244,-0.969
NumPatches:62
-0.313, -0.256, 1.055
-0.322, -0.257, 1.056
-0.332, -0.266, 1.058
-0.344, -0.277, 1.066
-0.353, -0.287, 1.067
-0.363, -0.297, 1.069
-0.374, -0.307, 1.072
-0.383, -0.298, 1.073
-0.395, -0.299, 1.078
-0.392, -0.288, 1.071
-0.399, -0.277, 1.064
-0.408, -0.268, 1.065
-0.398, -0.267, 1.063
-0.390, -0.278, 1.067
-0.381, -0.287, 1.067
-0.372, -0.287, 1.067
-0.362, -0.287, 1.066
-0.373, -0.297, 1.070
-0.365, -0.307, 1.073
-0.354, -0.297, 1.070
-0.344, -0.287, 1.068
-0.353, -0.277, 1.065
-0.352, -0.268, 1.064
-0.340, -0.256, 1.055
-0.334, -0.277, 1.065
-0.335, -0.288, 1.069
-0.327, -0.298, 1.071
-0.337, -0.298, 1.073
-0.347, -0.308, 1.076
-0.327, -0.307, 1.073
-0.317, -0.297, 1.069
-0.316, -0.287, 1.066
-0.306, -0.277, 1.064
-0.314, -0.266, 1.058
-0.304, -0.256, 1.056
-0.312, -0.247, 1.053
-0.322, -0.247, 1.055
-0.295, -0.257, 1.057
-0.297, -0.286, 1.064
-0.307, -0.296, 1.067
-0.298, -0.296, 1.066
-0.308, -0.306, 1.069
-0.318, -0.317, 1.073
-0.309, -0.316, 1.072
-0.318, -0.326, 1.074
-0.329, -0.337, 1.080
-0.340, -0.348, 1.084
-0.349, -0.357, 1.083
-0.341, -0.368, 1.086
-0.351, -0.378, 1.089
-0.361, -0.379, 1.090
-0.350, -0.368, 1.086
-0.331, -0.368, 1.086
-0.339, -0.337, 1.080
-0.319, -0.337, 1.078
-0.298, -0.306, 1.069
-0.288, -0.296, 1.067
-0.289, -0.306, 1.070
-0.289, -0.316, 1.071
-0.365, -0.317, 1.074
-0.355, -0.326, 1.073
-0.356, -0.336, 1.075
RegionID:3
Center:0.054,0.079,0.960
Normal:-0.049,-0.225,-0.973
NumPatches:2141
0.458, -0.323, 1.035
0.467, -0.332, 1.034
0.459, -0.342, 1.037
0.458, -0.333, 1.035
0.475, -0.332, 1.033
0.487, -0.342, 1.038
0.477, -0.342, 1.036
0.487, -0.352, 1.038
0.495, -0.333, 1.036
0.492, -0.322, 1.030
0.482, -0.312, 1.028
0.471, -0.302, 1.024
0.462, -0.293, 1.024
0.456, -0.304, 1.029
0.480, -0.293, 1.024
0.480, -0.284, 1.023
0.470, -0.275, 1.022
0.469, -0.265, 1.019
0.479, -0.275, 1.021
0.486, -0.265, 1.017
0.484, -0.255, 1.014
0.475, -0.246, 1.013
0.474, -0.237, 1.012
0.464, -0.227, 1.008
0.455, -0.227, 1.008
0.446, -0.227, 1.008
0.438, -0.236, 1.010
0.437, -0.227, 1.007
0.428, -0.218, 1.007
0.419, -0.218, 1.007
0.412, -0.228, 1.009
0.403, -0.228, 1.010
0.411, -0.218, 1.007
0.402, -0.209, 1.006
0.401, -0.200, 1.004
0.410, -0.200, 1.005
0.419, -0.200, 1.006
0.411, -0.209, 1.006
0.428, -0.200, 1.005
0.436, -0.200, 1.005
0.445, -0.191, 1.004
0.444, -0.182, 1.002
0.442, -0.173, 0.998
0.432, -0.164, 0.995
0.422, -0.155, 0.993
0.414, -0.155, 0.994
0.405, -0.155, 0.994
0.397, -0.164, 0.994
0.390, -0.173, 0.999
0.383, -0.182, 1.003
0.384, -0.192, 1.005
0.406, -0.146, 0.994
0.405, -0.137, 0.992
0.404, -0.128, 0.989
0.403, -0.120, 0.987
0.394, -0.111, 0.986
0.402, -0.102, 0.985
0.392, -0.093, 0.981
0.381, -0.084, 0.977
0.389, -0.076, 0.975
0.381, -0.067, 0.975
0.372, -0.059, 0.974
0.363, -0.050, 0.972
0.353, -0.041, 0.969
0.352, -0.033, 0.966
0.352, -0.025, 0.965
0.351, -0.016, 0.964
0.351, -0.008, 0.962
0.350, 0.001, 0.960
0.348, 0.009, 0.956
0.348, 0.017, 0.954
0.347, 0.026, 0.953
0.347, 0.034, 0.952
0.347, 0.042, 0.951
0.346, 0.050, 0.951
0.337, 0.058, 0.947
0.346, 0.067, 0.948
0.336, 0.075, 0.944
0.345, 0.083, 0.945
0.336, 0.091, 0.943
0.334, 0.099, 0.940
0.334, 0.107, 0.938
0.333, 0.115, 0.936
0.324, 0.123, 0.934
0.316, 0.130, 0.933
0.308, 0.131, 0.934
0.299, 0.130, 0.933
0.291, 0.138, 0.931
0.283, 0.139, 0.933
0.276, 0.139, 0.934
0.268, 0.139, 0.935
0.260, 0.131, 0.935
0.251, 0.131, 0.935
0.243, 0.131, 0.936
0.236, 0.131, 0.937
0.227, 0.123, 0.936
0.219, 0.123, 0.937
0.219, 0.131, 0.937
0.219, 0.139, 0.938
0.211, 0.147, 0.936
0.202, 0.147, 0.935
0.194, 0.147, 0.935
0.187, 0.139, 0.938
0.179, 0.132, 0.940
0.171, 0.124, 0.942
0.163, 0.124, 0.942
0.155, 0.123, 0.941
0.147, 0.123, 0.941
0.139, 0.124, 0.942
0.130, 0.124, 0.943
0.123, 0.116, 0.945
0.114, 0.116, 0.945
0.106, 0.116, 0.946
0.098, 0.116, 0.948
0.090, 0.116, 0.947
0.082, 0.116, 0.947
0.073, 0.116, 0.948
0.065, 0.116, 0.949
0.057, 0.116, 0.950
0.049, 0.117, 0.951
0.041, 0.117, 0.953
0.032, 0.117, 0.954
0.024, 0.109, 0.954
0.016, 0.108, 0.953
0.008, 0.108, 0.953
-0.001, 0.109, 0.954
-0.009, 0.109, 0.955
-0.017, 0.109, 0.957
-0.026, 0.109, 0.957
-0.034, 0.109, 0.955
-0.042, 0.109, 0.954
-0.050, 0.109, 0.954
-0.059, 0.109, 0.956
-0.067, 0.109, 0.958
-0.076, 0.109, 0.959
-0.084, 0.109, 0.960
-0.092, 0.109, 0.959
-0.101, 0.109, 0.958
-0.109, 0.101, 0.961
-0.118, 0.101, 0.962
-0.126, 0.101, 0.963
-0.135, 0.101, 0.962
-0.143, 0.093, 0.963
-0.143, 0.101, 0.961
-0.143, 0.085, 0.965
-0.152, 0.077, 0.969
-0.161, 0.068, 0.972
-0.170, 0.068, 0.972
-0.178, 0.068, 0.970
-0.187, 0.060, 0.975
-0.186, 0.068, 0.970
-0.179, 0.052, 0.978
-0.188, 0.043, 0.980
-0.197, 0.043, 0.980
-0.206, 0.043, 0.981
-0.214, 0.043, 0.982
-0.223, 0.035, 0.981
-0.232, 0.026, 0.983
-0.241, 0.018, 0.988
-0.240, 0.026, 0.984
-0.249, 0.035, 0.984
-0.259, 0.026, 0.988
-0.248, 0.043, 0.982
-0.247, 0.052, 0.979
-0.247, 0.060, 0.976
-0.247, 0.069, 0.975
-0.255, 0.077, 0.974
-0.263, 0.077, 0.973
-0.273, 0.069, 0.980
-0.283, 0.061, 0.983
-0.292, 0.052, 0.986
-0.301, 0.061, 0.986
-0.309, 0.061, 0.984
-0.318, 0.052, 0.985
-0.317, 0.061, 0.984
-0.318, 0.044, 0.985
-0.310, 0.035, 0.989
-0.320, 0.027, 0.992
-0.328, 0.018, 0.991
-0.337, 0.018, 0.992
-0.337, 0.027, 0.991
-0.344, 0.035, 0.987
-0.353, 0.035, 0.987
-0.352, 0.044, 0.985
-0.328, 0.027, 0.992
-0.319, 0.035, 0.988
-0.328, 0.009, 0.990
-0.320, 0.001, 0.992
-0.311, 0.018, 0.992
-0.301, 0.026, 0.988
-0.302, 0.035, 0.989
-0.293, 0.044, 0.988
-0.284, 0.044, 0.987
-0.284, 0.035, 0.988
-0.293, 0.026, 0.987
-0.302, 0.018, 0.990
-0.293, 0.018, 0.988
-0.284, 0.026, 0.987
-0.275, 0.018, 0.986
-0.284, 0.009, 0.987
-0.276, 0.009, 0.988
-0.277, 0.001, 0.992
-0.300, 0.069, 0.984
-0.298, 0.077, 0.976
-0.306, 0.086, 0.976
-0.316, 0.078, 0.981
-0.325, 0.077, 0.981
-0.333, 0.077, 0.980
-0.341, 0.077, 0.979
-0.352, 0.069, 0.985
-0.362, 0.061, 0.989
-0.360, 0.078, 0.984
-0.368, 0.086, 0.982
-0.377, 0.078, 0.984
-0.385, 0.078, 0.982
-0.393, 0.078, 0.982
-0.403, 0.069, 0.984
-0.412, 0.061, 0.985
-0.421, 0.052, 0.986
-0.430, 0.052, 0.988
-0.440, 0.044, 0.991
-0.441, 0.035, 0.992
-0.430, 0.061, 0.987
-0.430, 0.069, 0.987
-0.439, 0.078, 0.988
-0.448, 0.087, 0.988
-0.455, 0.095, 0.987
-0.463, 0.103, 0.984
-0.470, 0.103, 0.982
-0.478, 0.103, 0.980
-0.470, 0.112, 0.982
-0.463, 0.120, 0.984
-0.451, 0.128, 0.977
-0.450, 0.136, 0.974
-0.441, 0.145, 0.973
-0.440, 0.153, 0.971
-0.431, 0.153, 0.970
-0.421, 0.160, 0.967
-0.420, 0.168, 0.964
-0.418, 0.176, 0.961
-0.410, 0.176, 0.961
-0.401, 0.184, 0.958
-0.390, 0.191, 0.953
-0.399, 0.200, 0.954
-0.408, 0.200, 0.956
-0.417, 0.192, 0.957
-0.425, 0.201, 0.957
-0.435, 0.193, 0.960
-0.444, 0.185, 0.962
-0.454, 0.177, 0.965
-0.453, 0.185, 0.963
-0.452, 0.193, 0.961
-0.459, 0.201, 0.958
-0.466, 0.208, 0.956
-0.458, 0.209, 0.956
-0.450, 0.209, 0.957
-0.442, 0.201, 0.958
-0.451, 0.201, 0.959
-0.444, 0.193, 0.961
-0.433, 0.200, 0.957
-0.445, 0.177, 0.964
-0.438, 0.169, 0.967
-0.416, 0.209, 0.956
-0.415, 0.216, 0.954
-0.415, 0.224, 0.952
-0.405, 0.224, 0.949
-0.406, 0.216, 0.950
-0.399, 0.208, 0.953
-0.407, 0.208, 0.955
-0.417, 0.200, 0.957
-0.389, 0.215, 0.949
-0.381, 0.207, 0.950
-0.390, 0.199, 0.952
-0.381, 0.199, 0.952
-0.374, 0.200, 0.955
-0.366, 0.208, 0.954
-0.355, 0.215, 0.949
-0.354, 0.223, 0.946
-0.362, 0.231, 0.944
-0.362, 0.239, 0.943
-0.361, 0.246, 0.941
-0.369, 0.255, 0.941
-0.378, 0.255, 0.943
-0.387, 0.255, 0.945
-0.397, 0.249, 0.950
-0.406, 0.249, 0.951
-0.396, 0.256, 0.946
-0.403, 0.264, 0.944
-0.393, 0.270, 0.939
-0.391, 0.278, 0.936
-0.391, 0.285, 0.934
-0.399, 0.293, 0.935
-0.407, 0.293, 0.934
-0.414, 0.293, 0.932
-0.423, 0.293, 0.933
-0.430, 0.301, 0.932
-0.422, 0.309, 0.933
-0.422, 0.317, 0.932
-0.412, 0.324, 0.928
-0.413, 0.316, 0.930
-0.407, 0.309, 0.933
-0.391, 0.302, 0.935
-0.381, 0.308, 0.929
-0.380, 0.315, 0.928
-0.370, 0.322, 0.924
-0.369, 0.329, 0.921
-0.371, 0.315, 0.926
-0.372, 0.308, 0.928
-0.384, 0.278, 0.938
-0.385, 0.270, 0.940
-0.394, 0.263, 0.943
-0.386, 0.263, 0.943
-0.369, 0.262, 0.940
-0.360, 0.254, 0.940
-0.353, 0.238, 0.942
-0.346, 0.231, 0.945
-0.354, 0.231, 0.944
-0.336, 0.238, 0.941
-0.335, 0.246, 0.938
-0.326, 0.253, 0.937
-0.326, 0.261, 0.936
-0.327, 0.270, 0.937
-0.318, 0.269, 0.936
-0.308, 0.276, 0.931
-0.307, 0.283, 0.928
-0.317, 0.292, 0.932
-0.325, 0.284, 0.931
-0.308, 0.300, 0.931
-0.299, 0.291, 0.927
-0.308, 0.292, 0.929
-0.291, 0.299, 0.926
-0.291, 0.291, 0.927
-0.310, 0.262, 0.937
-0.318, 0.253, 0.937
-0.327, 0.245, 0.937
-0.319, 0.245, 0.938
-0.310, 0.253, 0.937
-0.311, 0.245, 0.938
-0.311, 0.237, 0.938
-0.347, 0.215, 0.948
-0.357, 0.208, 0.952
-0.366, 0.200, 0.954
-0.348, 0.199, 0.951
-0.340, 0.199, 0.950
-0.349, 0.191, 0.953
-0.350, 0.184, 0.956
-0.351, 0.176, 0.958
-0.351, 0.168, 0.960
-0.344, 0.160, 0.963
-0.354, 0.152, 0.966
-0.362, 0.152, 0.967
-0.370, 0.152, 0.964
-0.377, 0.160, 0.963
-0.387, 0.152, 0.966
-0.386, 0.160, 0.963
-0.388, 0.144, 0.969
-0.389, 0.136, 0.970
-0.380, 0.127, 0.970
-0.389, 0.119, 0.972
-0.398, 0.119, 0.972
-0.407, 0.119, 0.974
-0.416, 0.111, 0.975
-0.426, 0.103, 0.979
-0.436, 0.095, 0.982
-0.446, 0.095, 0.985
-0.454, 0.103, 0.984
-0.463, 0.112, 0.984
-0.452, 0.120, 0.979
-0.427, 0.095, 0.981
-0.418, 0.095, 0.980
-0.428, 0.086, 0.984
-0.430, 0.078, 0.986
-0.410, 0.095, 0.981
-0.402, 0.086, 0.981
-0.411, 0.086, 0.983
-0.403, 0.078, 0.983
-0.412, 0.069, 0.985
-0.392, 0.086, 0.979
-0.392, 0.094, 0.978
-0.382, 0.103, 0.975
-0.389, 0.111, 0.972
-0.381, 0.119, 0.971
-0.389, 0.127, 0.971
-0.372, 0.127, 0.969
-0.363, 0.127, 0.970
-0.372, 0.119, 0.971
-0.381, 0.111, 0.973
-0.363, 0.119, 0.970
-0.355, 0.127, 0.970
-0.356, 0.111, 0.971
-0.347, 0.111, 0.971
-0.356, 0.102, 0.973
-0.367, 0.094, 0.979
-0.376, 0.086, 0.981
-0.383, 0.094, 0.978
-0.376, 0.094, 0.980
-0.357, 0.094, 0.976
-0.359, 0.086, 0.980
-0.350, 0.077, 0.981
-0.339, 0.111, 0.973
-0.331, 0.119, 0.975
-0.330, 0.127, 0.972
-0.323, 0.111, 0.975
-0.331, 0.102, 0.973
-0.339, 0.102, 0.973
-0.323, 0.102, 0.974
-0.313, 0.110, 0.971
-0.304, 0.110, 0.968
-0.295, 0.118, 0.967
-0.304, 0.127, 0.968
-0.294, 0.135, 0.964
-0.293, 0.143, 0.962
-0.285, 0.151, 0.961
-0.293, 0.159, 0.959
-0.301, 0.159, 0.958
-0.309, 0.159, 0.957
-0.317, 0.159, 0.957
-0.327, 0.151, 0.961
-0.336, 0.152, 0.963
-0.345, 0.144, 0.967
-0.354, 0.144, 0.968
-0.345, 0.152, 0.965
-0.352, 0.160, 0.963
-0.335, 0.159, 0.960
-0.334, 0.167, 0.957
-0.325, 0.167, 0.957
-0.317, 0.167, 0.957
-0.326, 0.159, 0.958
-0.309, 0.176, 0.957
-0.299, 0.183, 0.952
-0.290, 0.191, 0.949
-0.289, 0.198, 0.947
-0.297, 0.206, 0.945
-0.306, 0.207, 0.948
-0.314, 0.207, 0.949
-0.323, 0.207, 0.949
-0.331, 0.199, 0.951
-0.331, 0.207, 0.949
-0.339, 0.215, 0.949
-0.330, 0.215, 0.948
-0.321, 0.215, 0.946
-0.313, 0.215, 0.946
-0.305, 0.214, 0.945
-0.295, 0.221, 0.940
-0.294, 0.229, 0.936
-0.287, 0.222, 0.942
-0.296, 0.214, 0.944
-0.288, 0.206, 0.945
-0.280, 0.214, 0.945
-0.279, 0.222, 0.943
-0.271, 0.222, 0.943
-0.263, 0.222, 0.943
-0.254, 0.229, 0.939
-0.245, 0.237, 0.938
-0.237, 0.245, 0.937
-0.228, 0.245, 0.935
-0.219, 0.252, 0.931
-0.211, 0.259, 0.928
-0.219, 0.268, 0.930
-0.227, 0.268, 0.931
-0.235, 0.260, 0.930
-0.243, 0.268, 0.931
-0.252, 0.268, 0.932
-0.261, 0.261, 0.935
-0.269, 0.261, 0.936
-0.277, 0.253, 0.934
-0.285, 0.245, 0.934
-0.293, 0.252, 0.932
-0.293, 0.260, 0.933
-0.285, 0.261, 0.934
-0.276, 0.268, 0.933
-0.276, 0.276, 0.930
-0.275, 0.283, 0.928
-0.275, 0.291, 0.927
-0.266, 0.290, 0.925
-0.258, 0.298, 0.924
-0.258, 0.306, 0.923
-0.265, 0.314, 0.923
-0.274, 0.314, 0.924
-0.282, 0.315, 0.925
-0.290, 0.315, 0.925
-0.299, 0.315, 0.927
-0.307, 0.323, 0.926
-0.314, 0.322, 0.925
-0.298, 0.330, 0.923
-0.273, 0.321, 0.921
-0.264, 0.328, 0.919
-0.256, 0.328, 0.917
-0.265, 0.321, 0.920
-0.257, 0.314, 0.922
-0.249, 0.313, 0.922
-0.241, 0.313, 0.921
-0.232, 0.312, 0.919
-0.233, 0.305, 0.920
-0.225, 0.297, 0.922
-0.233, 0.297, 0.922
-0.217, 0.297, 0.922
-0.209, 0.298, 0.923
-0.201, 0.305, 0.922
-0.193, 0.305, 0.920
-0.201, 0.298, 0.923
-0.185, 0.305, 0.920
-0.176, 0.304, 0.918
-0.177, 0.297, 0.921
-0.177, 0.290, 0.923
-0.178, 0.282, 0.925
-0.178, 0.274, 0.926
-0.186, 0.266, 0.926
-0.194, 0.267, 0.926
-0.202, 0.259, 0.928
-0.211, 0.252, 0.931
-0.220, 0.244, 0.934
-0.229, 0.237, 0.937
-0.237, 0.229, 0.938
-0.246, 0.222, 0.941
-0.256, 0.215, 0.945
-0.264, 0.215, 0.946
-0.255, 0.222, 0.942
-0.245, 0.229, 0.938
-0.247, 0.214, 0.944
-0.239, 0.214, 0.943
-0.247, 0.206, 0.944
-0.247, 0.198, 0.945
-0.240, 0.191, 0.949
-0.248, 0.182, 0.949
-0.248, 0.190, 0.946
-0.241, 0.175, 0.953
-0.249, 0.175, 0.953
-0.258, 0.167, 0.955
-0.266, 0.167, 0.954
-0.275, 0.159, 0.956
-0.284, 0.159, 0.958
-0.284, 0.167, 0.957
-0.283, 0.175, 0.955
-0.290, 0.183, 0.952
-0.300, 0.175, 0.955
-0.309, 0.167, 0.958
-0.282, 0.191, 0.950
-0.273, 0.183, 0.950
-0.282, 0.183, 0.951
-0.274, 0.175, 0.953
-0.265, 0.174, 0.951
-0.276, 0.151, 0.958
-0.285, 0.143, 0.962
-0.267, 0.151, 0.958
-0.259, 0.159, 0.957
-0.250, 0.159, 0.955
-0.259, 0.151, 0.959
-0.241, 0.167, 0.953
-0.241, 0.158, 0.954
-0.232, 0.191, 0.949
-0.223, 0.190, 0.948
-0.215, 0.190, 0.948
-0.206, 0.198, 0.944
-0.206, 0.206, 0.943
-0.206, 0.214, 0.942
-0.213, 0.222, 0.941
-0.222, 0.222, 0.941
-0.230, 0.222, 0.941
-0.229, 0.229, 0.939
-0.205, 0.221, 0.940
-0.197, 0.213, 0.941
-0.189, 0.213, 0.940
-0.181, 0.213, 0.940
-0.172, 0.221, 0.938
-0.171, 0.228, 0.935
-0.179, 0.236, 0.932
-0.188, 0.236, 0.935
-0.196, 0.237, 0.936
-0.204, 0.237, 0.936
-0.204, 0.244, 0.933
-0.203, 0.252, 0.931
-0.171, 0.236, 0.933
-0.172, 0.213, 0.940
-0.181, 0.206, 0.943
-0.173, 0.205, 0.941
-0.164, 0.205, 0.940
-0.173, 0.198, 0.943
-0.165, 0.197, 0.943
-0.173, 0.190, 0.944
-0.182, 0.182, 0.947
-0.191, 0.182, 0.949
-0.198, 0.190, 0.946
-0.207, 0.190, 0.947
-0.198, 0.198, 0.943
-0.190, 0.190, 0.947
-0.173, 0.182, 0.946
-0.165, 0.190, 0.944
-0.157, 0.190, 0.946
-0.149, 0.190, 0.945
-0.140, 0.189, 0.944
-0.132, 0.189, 0.943
-0.124, 0.189, 0.942
-0.115, 0.189, 0.942
-0.107, 0.189, 0.942
-0.099, 0.189, 0.942
-0.091, 0.189, 0.941
-0.082, 0.189, 0.940
-0.074, 0.189, 0.941
-0.066, 0.189, 0.941
-0.058, 0.189, 0.940
-0.050, 0.189, 0.939
-0.041, 0.196, 0.937
-0.033, 0.196, 0.936
-0.042, 0.189, 0.940
-0.025, 0.196, 0.935
-0.017, 0.196, 0.935
-0.009, 0.196, 0.936
-0.001, 0.196, 0.936
0.007, 0.196, 0.936
0.016, 0.196, 0.935
0.024, 0.196, 0.934
0.032, 0.196, 0.934
0.040, 0.196, 0.934
0.048, 0.195, 0.933
0.056, 0.203, 0.931
0.064, 0.203, 0.931
0.056, 0.195, 0.933
0.072, 0.203, 0.931
0.080, 0.211, 0.929
0.080, 0.218, 0.927
0.080, 0.226, 0.926
0.080, 0.234, 0.925
0.080, 0.241, 0.922
0.079, 0.249, 0.920
0.079, 0.256, 0.918
0.079, 0.263, 0.915
0.079, 0.271, 0.914
0.079, 0.279, 0.914
0.079, 0.286, 0.912
0.070, 0.293, 0.908
0.078, 0.300, 0.907
0.078, 0.308, 0.905
0.078, 0.315, 0.904
0.078, 0.323, 0.903
0.078, 0.330, 0.901
0.070, 0.337, 0.899
0.070, 0.344, 0.897
0.069, 0.351, 0.895
0.077, 0.358, 0.893
0.069, 0.365, 0.891
0.077, 0.372, 0.890
0.077, 0.380, 0.889
0.077, 0.365, 0.891
0.077, 0.351, 0.895
0.077, 0.344, 0.896
0.078, 0.337, 0.899
0.086, 0.322, 0.902
0.086, 0.315, 0.903
0.086, 0.307, 0.904
0.086, 0.300, 0.907
0.078, 0.293, 0.909
0.086, 0.293, 0.908
0.086, 0.286, 0.911
0.087, 0.279, 0.913
0.087, 0.271, 0.913
0.087, 0.263, 0.915
0.087, 0.256, 0.917
0.087, 0.249, 0.920
0.087, 0.241, 0.922
0.088, 0.234, 0.924
0.088, 0.226, 0.925
0.096, 0.218, 0.926
0.088, 0.218, 0.926
0.096, 0.210, 0.928
0.104, 0.210, 0.927
0.112, 0.210, 0.927
0.120, 0.210, 0.927
0.128, 0.210, 0.926
0.136, 0.218, 0.923
0.144, 0.217, 0.922
0.136, 0.210, 0.925
0.152, 0.217, 0.921
0.159, 0.217, 0.921
0.167, 0.217, 0.920
0.175, 0.217, 0.920
0.183, 0.209, 0.920
0.176, 0.201, 0.923
0.168, 0.202, 0.924
0.160, 0.194, 0.926
0.153, 0.187, 0.930
0.145, 0.179, 0.930
0.145, 0.187, 0.929
0.153, 0.194, 0.928
0.160, 0.202, 0.925
0.153, 0.171, 0.932
0.145, 0.171, 0.932
0.161, 0.179, 0.930
0.168, 0.186, 0.926
0.176, 0.194, 0.926
0.177, 0.186, 0.928
0.169, 0.178, 0.929
0.161, 0.171, 0.932
0.175, 0.209, 0.921
0.192, 0.217, 0.922
0.200, 0.217, 0.922
0.192, 0.209, 0.922
0.207, 0.217, 0.920
0.215, 0.216, 0.919
0.223, 0.216, 0.918
0.230, 0.224, 0.916
0.238, 0.223, 0.914
0.231, 0.216, 0.918
0.246, 0.223, 0.914
0.254, 0.223, 0.914
0.262, 0.223, 0.914
0.270, 0.223, 0.914
0.277, 0.223, 0.912
0.285, 0.223, 0.912
0.278, 0.216, 0.916
0.286, 0.216, 0.915
0.279, 0.209, 0.919
0.287, 0.201, 0.919
0.280, 0.201, 0.921
0.294, 0.208, 0.915
0.302, 0.216, 0.916
0.293, 0.223, 0.913
0.302, 0.223, 0.915
0.309, 0.223, 0.914
0.316, 0.230, 0.910
0.324, 0.231, 0.912
0.317, 0.223, 0.914
0.325, 0.223, 0.914
0.317, 0.215, 0.914
0.310, 0.208, 0.916
0.302, 0.208, 0.916
0.295, 0.200, 0.918
0.311, 0.200, 0.918
0.317, 0.207, 0.914
0.326, 0.216, 0.915
0.333, 0.223, 0.914
0.340, 0.230, 0.911
0.339, 0.238, 0.910
0.339, 0.246, 0.908
0.338, 0.253, 0.907
0.338, 0.260, 0.905
0.345, 0.260, 0.904
0.354, 0.253, 0.906
0.347, 0.246, 0.909
0.355, 0.246, 0.909
0.348, 0.238, 0.911
0.355, 0.238, 0.910
0.348, 0.230, 0.911
0.340, 0.223, 0.912
0.333, 0.215, 0.914
0.333, 0.208, 0.915
0.341, 0.200, 0.915
0.335, 0.193, 0.920
0.334, 0.200, 0.915
0.349, 0.200, 0.915
0.357, 0.207, 0.914
0.348, 0.215, 0.912
0.348, 0.223, 0.911
0.357, 0.215, 0.913
0.365, 0.208, 0.915
0.357, 0.200, 0.915
0.366, 0.200, 0.916
0.358, 0.192, 0.917
0.352, 0.185, 0.922
0.344, 0.177, 0.922
0.335, 0.177, 0.920
0.327, 0.177, 0.920
0.320, 0.177, 0.922
0.312, 0.177, 0.922
0.312, 0.185, 0.922
0.311, 0.193, 0.920
0.319, 0.193, 0.919
0.353, 0.177, 0.923
0.359, 0.185, 0.919
0.373, 0.200, 0.915
0.374, 0.192, 0.916
0.382, 0.184, 0.918
0.374, 0.184, 0.917
0.391, 0.184, 0.919
0.398, 0.184, 0.917
0.406, 0.176, 0.918
0.399, 0.176, 0.918
0.414, 0.184, 0.918
0.421, 0.192, 0.915
0.421, 0.200, 0.915
0.413, 0.207, 0.914
0.405, 0.207, 0.914
0.404, 0.215, 0.912
0.402, 0.222, 0.909
0.401, 0.229, 0.906
0.392, 0.236, 0.902
0.391, 0.244, 0.902
0.399, 0.251, 0.900
0.391, 0.259, 0.901
0.383, 0.259, 0.900
0.375, 0.259, 0.900
0.368, 0.260, 0.902
0.361, 0.253, 0.905
0.369, 0.245, 0.904
0.362, 0.238, 0.908
0.362, 0.245, 0.906
0.370, 0.237, 0.907
0.378, 0.237, 0.907
0.367, 0.267, 0.900
0.358, 0.273, 0.896
0.351, 0.282, 0.898
0.344, 0.275, 0.901
0.336, 0.275, 0.900
0.335, 0.282, 0.898
0.342, 0.289, 0.896
0.342, 0.296, 0.895
0.348, 0.303, 0.890
0.355, 0.310, 0.889
0.357, 0.296, 0.894
0.350, 0.289, 0.896
0.349, 0.296, 0.894
0.358, 0.281, 0.896
0.366, 0.274, 0.897
0.365, 0.296, 0.895
0.373, 0.297, 0.895
0.381, 0.297, 0.896
0.388, 0.296, 0.894
0.395, 0.296, 0.892
0.396, 0.289, 0.895
0.404, 0.281, 0.896
0.398, 0.274, 0.898
0.397, 0.281, 0.897
0.398, 0.266, 0.898
0.405, 0.258, 0.897
0.398, 0.259, 0.899
0.406, 0.251, 0.899
0.399, 0.244, 0.901
0.407, 0.244, 0.902
0.400, 0.236, 0.903
0.409, 0.237, 0.905
0.417, 0.237, 0.907
0.409, 0.229, 0.907
0.423, 0.244, 0.902
0.414, 0.251, 0.900
0.432, 0.237, 0.904
0.439, 0.244, 0.904
0.447, 0.252, 0.902
0.446, 0.259, 0.901
0.445, 0.266, 0.898
0.437, 0.274, 0.899
0.429, 0.267, 0.899
0.420, 0.274, 0.897
0.412, 0.273, 0.895
0.412, 0.281, 0.895
0.429, 0.274, 0.898
0.452, 0.274, 0.897
0.460, 0.274, 0.898
0.453, 0.267, 0.899
0.461, 0.267, 0.899
0.468, 0.266, 0.898
0.476, 0.274, 0.898
0.467, 0.281, 0.896
0.472, 0.287, 0.891
0.479, 0.295, 0.890
0.487, 0.303, 0.890
0.486, 0.310, 0.889
0.477, 0.317, 0.886
0.485, 0.317, 0.886
0.492, 0.316, 0.885
0.499, 0.316, 0.884
0.504, 0.322, 0.880
0.503, 0.329, 0.878
0.513, 0.323, 0.881
0.506, 0.315, 0.882
0.513, 0.315, 0.882
0.507, 0.309, 0.885
0.521, 0.323, 0.883
0.520, 0.330, 0.881
0.520, 0.337, 0.880
0.528, 0.345, 0.881
0.517, 0.351, 0.875
0.509, 0.351, 0.875
0.509, 0.358, 0.874
0.535, 0.338, 0.880
0.542, 0.345, 0.879
0.547, 0.351, 0.875
0.553, 0.357, 0.872
0.554, 0.350, 0.873
0.554, 0.343, 0.874
0.554, 0.335, 0.874
0.555, 0.328, 0.875
0.530, 0.316, 0.885
0.523, 0.308, 0.885
0.530, 0.309, 0.885
0.525, 0.302, 0.888
0.532, 0.302, 0.888
0.538, 0.309, 0.885
0.545, 0.316, 0.884
0.537, 0.324, 0.884
0.547, 0.309, 0.887
0.487, 0.295, 0.890
0.480, 0.288, 0.891
0.488, 0.288, 0.892
0.481, 0.280, 0.893
0.484, 0.266, 0.898
0.476, 0.258, 0.898
0.469, 0.251, 0.901
0.461, 0.251, 0.900
0.455, 0.244, 0.903
0.448, 0.245, 0.904
0.439, 0.237, 0.904
0.433, 0.229, 0.907
0.426, 0.222, 0.908
0.420, 0.215, 0.913
0.412, 0.215, 0.912
0.421, 0.207, 0.914
0.428, 0.215, 0.912
0.434, 0.222, 0.909
0.436, 0.207, 0.913
0.429, 0.199, 0.914
0.429, 0.207, 0.914
0.436, 0.191, 0.912
0.428, 0.183, 0.914
0.422, 0.176, 0.917
0.416, 0.169, 0.920
0.415, 0.176, 0.918
0.423, 0.168, 0.919
0.417, 0.161, 0.924
0.418, 0.154, 0.925
0.426, 0.146, 0.925
0.420, 0.138, 0.929
0.411, 0.138, 0.929
0.404, 0.130, 0.930
0.396, 0.122, 0.932
0.388, 0.122, 0.932
0.380, 0.114, 0.932
0.373, 0.106, 0.934
0.365, 0.098, 0.935
0.358, 0.090, 0.938
0.358, 0.098, 0.937
0.359, 0.082, 0.940
0.360, 0.075, 0.943
0.370, 0.067, 0.946
0.362, 0.067, 0.947
0.370, 0.058, 0.946
0.378, 0.058, 0.947
0.386, 0.067, 0.947
0.392, 0.074, 0.942
0.391, 0.082, 0.938
0.399, 0.082, 0.938
0.408, 0.082, 0.939
0.400, 0.074, 0.940
0.394, 0.066, 0.946
0.387, 0.058, 0.949
0.395, 0.058, 0.948
0.403, 0.058, 0.948
0.395, 0.050, 0.949
0.404, 0.042, 0.949
0.396, 0.034, 0.951
0.389, 0.026, 0.953
0.381, 0.017, 0.954
0.373, 0.009, 0.956
0.365, 0.009, 0.956
0.357, 0.009, 0.956
0.357, 0.017, 0.956
0.365, 0.026, 0.955
0.355, 0.034, 0.952
0.364, 0.034, 0.952
0.372, 0.026, 0.954
0.373, 0.017, 0.954
0.375, 0.001, 0.960
0.383, 0.001, 0.959
0.392, -0.008, 0.960
0.384, -0.008, 0.962
0.393, -0.016, 0.963
0.400, -0.008, 0.959
0.408, -0.008, 0.959
0.401, -0.016, 0.963
0.394, -0.025, 0.966
0.387, -0.033, 0.969
0.379, -0.033, 0.970
0.370, -0.041, 0.969
0.362, -0.041, 0.969
0.370, -0.033, 0.970
0.379, -0.050, 0.970
0.388, -0.042, 0.971
0.395, -0.033, 0.969
0.396, -0.042, 0.972
0.405, -0.050, 0.972
0.397, -0.050, 0.973
0.388, -0.059, 0.972
0.389, -0.067, 0.974
0.408, -0.016, 0.960
0.415, -0.008, 0.957
0.415, 0.001, 0.956
0.406, 0.009, 0.954
0.398, 0.017, 0.956
0.390, 0.017, 0.955
0.405, 0.026, 0.953
0.404, 0.034, 0.951
0.395, 0.042, 0.949
0.388, 0.034, 0.951
0.413, 0.042, 0.950
0.412, 0.050, 0.949
0.419, 0.050, 0.946
0.426, 0.058, 0.944
0.417, 0.066, 0.941
0.409, 0.066, 0.942
0.416, 0.074, 0.940
0.424, 0.082, 0.940
0.430, 0.090, 0.934
0.429, 0.098, 0.932
0.421, 0.106, 0.932
0.412, 0.106, 0.931
0.404, 0.114, 0.931
0.397, 0.114, 0.933
0.404, 0.122, 0.932
0.412, 0.114, 0.931
0.421, 0.114, 0.932
0.428, 0.114, 0.930
0.436, 0.114, 0.929
0.428, 0.106, 0.931
0.444, 0.122, 0.929
0.444, 0.130, 0.929
0.443, 0.138, 0.928
0.451, 0.138, 0.927
0.458, 0.138, 0.926
0.465, 0.145, 0.923
0.456, 0.153, 0.920
0.448, 0.161, 0.922
0.440, 0.169, 0.921
0.448, 0.169, 0.921
0.455, 0.168, 0.919
0.461, 0.176, 0.916
0.469, 0.184, 0.916
0.462, 0.192, 0.918
0.453, 0.199, 0.914
0.444, 0.199, 0.913
0.443, 0.207, 0.912
0.451, 0.207, 0.912
0.458, 0.214, 0.909
0.465, 0.214, 0.908
0.458, 0.207, 0.910
0.467, 0.199, 0.911
0.473, 0.206, 0.909
0.472, 0.214, 0.907
0.474, 0.199, 0.911
0.469, 0.192, 0.915
0.469, 0.176, 0.916
0.462, 0.168, 0.918
0.455, 0.161, 0.920
0.464, 0.153, 0.921
0.466, 0.138, 0.926
0.452, 0.122, 0.929
0.444, 0.114, 0.930
0.453, 0.114, 0.933
0.444, 0.106, 0.931
0.454, 0.098, 0.934
0.447, 0.090, 0.936
0.439, 0.090, 0.937
0.445, 0.098, 0.932
0.449, 0.082, 0.940
0.449, 0.074, 0.941
0.441, 0.066, 0.941
0.435, 0.058, 0.944
0.427, 0.050, 0.946
0.435, 0.050, 0.946
0.442, 0.050, 0.944
0.436, 0.042, 0.949
0.430, 0.034, 0.952
0.422, 0.034, 0.952
0.413, 0.026, 0.952
0.413, 0.034, 0.951
0.414, 0.017, 0.953
0.414, 0.009, 0.954
0.423, 0.001, 0.956
0.424, -0.008, 0.958
0.416, -0.016, 0.959
0.424, -0.024, 0.958
0.437, 0.034, 0.950
0.450, 0.058, 0.942
0.450, 0.066, 0.942
0.459, 0.058, 0.944
0.450, 0.050, 0.943
0.459, 0.042, 0.945
0.467, 0.050, 0.944
0.467, 0.058, 0.944
0.475, 0.050, 0.944
0.468, 0.042, 0.945
0.461, 0.034, 0.948
0.476, 0.042, 0.945
0.485, 0.050, 0.947
0.492, 0.058, 0.945
0.490, 0.066, 0.941
0.489, 0.074, 0.939
0.488, 0.082, 0.937
0.497, 0.082, 0.938
0.505, 0.082, 0.937
0.513, 0.090, 0.937
0.519, 0.098, 0.933
0.518, 0.106, 0.931
0.508, 0.114, 0.928
0.507, 0.122, 0.927
0.507, 0.130, 0.927
0.499, 0.138, 0.926
0.490, 0.137, 0.924
0.489, 0.145, 0.924
0.489, 0.153, 0.923
0.496, 0.161, 0.920
0.501, 0.168, 0.916
0.510, 0.168, 0.917
0.502, 0.160, 0.918
0.497, 0.153, 0.924
0.506, 0.145, 0.925
0.513, 0.145, 0.923
0.507, 0.138, 0.927
0.514, 0.138, 0.926
0.521, 0.145, 0.923
0.529, 0.145, 0.923
0.522, 0.137, 0.924
0.516, 0.130, 0.928
0.536, 0.145, 0.921
0.544, 0.153, 0.921
0.537, 0.137, 0.923
0.516, 0.176, 0.915
0.508, 0.184, 0.914
0.508, 0.191, 0.913
0.507, 0.199, 0.913
0.506, 0.206, 0.910
0.514, 0.207, 0.911
0.522, 0.207, 0.911
0.530, 0.207, 0.911
0.537, 0.214, 0.909
0.542, 0.221, 0.904
0.541, 0.228, 0.903
0.532, 0.236, 0.900
0.531, 0.243, 0.899
0.531, 0.251, 0.899
0.530, 0.258, 0.897
0.520, 0.265, 0.894
0.514, 0.258, 0.897
0.507, 0.259, 0.898
0.506, 0.266, 0.896
0.513, 0.265, 0.895
0.520, 0.273, 0.894
0.519, 0.280, 0.892
0.519, 0.288, 0.892
0.526, 0.288, 0.891
0.527, 0.280, 0.892
0.528, 0.273, 0.894
0.529, 0.265, 0.895
0.516, 0.251, 0.899
0.517, 0.244, 0.901
0.510, 0.236, 0.903
0.502, 0.236, 0.903
0.494, 0.236, 0.904
0.487, 0.229, 0.905
0.478, 0.228, 0.903
0.472, 0.229, 0.905
0.464, 0.229, 0.906
0.456, 0.237, 0.905
0.464, 0.237, 0.906
0.487, 0.237, 0.904
0.478, 0.244, 0.903
0.477, 0.251, 0.900
0.468, 0.259, 0.899
0.483, 0.258, 0.898
0.484, 0.251, 0.900
0.494, 0.244, 0.903
0.486, 0.244, 0.903
0.517, 0.236, 0.902
0.540, 0.236, 0.901
0.550, 0.213, 0.904
0.543, 0.213, 0.906
0.538, 0.207, 0.911
0.531, 0.199, 0.912
0.539, 0.191, 0.913
0.531, 0.183, 0.913
0.524, 0.176, 0.915
0.518, 0.168, 0.917
0.526, 0.168, 0.918
0.517, 0.184, 0.915
0.531, 0.191, 0.913
0.539, 0.183, 0.913
0.547, 0.183, 0.913
0.541, 0.176, 0.915
0.555, 0.183, 0.913
0.562, 0.191, 0.911
0.561, 0.199, 0.910
0.567, 0.206, 0.907
0.566, 0.213, 0.904
0.574, 0.221, 0.905
0.572, 0.228, 0.902
0.570, 0.235, 0.899
0.569, 0.243, 0.897
0.560, 0.250, 0.895
0.559, 0.257, 0.894
0.551, 0.265, 0.894
0.544, 0.265, 0.895
0.544, 0.273, 0.894
0.567, 0.250, 0.894
0.574, 0.213, 0.905
0.576, 0.198, 0.909
0.563, 0.183, 0.913
0.547, 0.199, 0.913
0.517, 0.114, 0.931
0.527, 0.098, 0.934
0.520, 0.090, 0.936
0.513, 0.082, 0.938
0.522, 0.074, 0.939
0.529, 0.082, 0.938
0.528, 0.090, 0.936
0.537, 0.090, 0.938
0.545, 0.098, 0.936
0.550, 0.106, 0.932
0.552, 0.098, 0.934
0.546, 0.090, 0.938
0.538, 0.082, 0.938
0.530, 0.074, 0.939
0.522, 0.066, 0.940
0.531, 0.066, 0.942
0.538, 0.074, 0.938
0.546, 0.082, 0.939
0.554, 0.082, 0.938
0.561, 0.082, 0.936
0.554, 0.074, 0.938
0.561, 0.074, 0.936
0.568, 0.074, 0.934
0.561, 0.066, 0.936
0.569, 0.066, 0.935
0.570, 0.058, 0.938
0.583, 0.050, 0.946
0.592, 0.042, 0.947
0.583, 0.034, 0.945
0.592, 0.034, 0.947
0.584, 0.025, 0.947
0.586, 0.017, 0.950
0.590, 0.009, 0.957
0.600, 0.001, 0.960
0.592, -0.008, 0.959
0.584, -0.016, 0.961
0.572, -0.008, 0.955
0.564, -0.016, 0.956
0.556, -0.016, 0.956
0.549, -0.024, 0.958
0.540, -0.016, 0.957
0.531, -0.008, 0.956
0.523, -0.008, 0.956
0.515, -0.016, 0.957
0.508, -0.024, 0.960
0.500, -0.024, 0.959
0.491, -0.033, 0.959
0.485, -0.033, 0.962
0.477, -0.033, 0.964
0.468, -0.033, 0.963
0.467, -0.024, 0.961
0.466, -0.016, 0.959
0.475, -0.016, 0.959
0.483, -0.016, 0.959
0.490, -0.008, 0.957
0.489, 0.001, 0.955
0.497, 0.009, 0.954
0.503, 0.017, 0.949
0.502, 0.025, 0.948
0.502, 0.034, 0.948
0.494, 0.042, 0.949
0.494, 0.050, 0.949
0.502, 0.050, 0.948
0.509, 0.050, 0.946
0.502, 0.042, 0.948
0.511, 0.025, 0.948
0.519, 0.025, 0.948
0.528, 0.017, 0.950
0.521, 0.009, 0.951
0.514, 0.001, 0.954
0.507, -0.008, 0.957
0.498, -0.008, 0.957
0.491, -0.016, 0.959
0.492, -0.024, 0.959
0.506, 0.001, 0.955
0.515, -0.008, 0.956
0.522, 0.001, 0.955
0.519, 0.017, 0.949
0.537, 0.017, 0.951
0.546, 0.026, 0.952
0.553, 0.025, 0.951
0.546, 0.017, 0.953
0.555, 0.009, 0.954
0.547, 0.009, 0.955
0.556, 0.001, 0.956
0.556, -0.008, 0.956
0.548, -0.016, 0.956
0.539, -0.008, 0.955
0.509, -0.033, 0.961
0.516, -0.024, 0.959
0.524, -0.024, 0.959
0.517, -0.033, 0.961
0.510, -0.041, 0.963
0.519, -0.041, 0.964
0.512, -0.050, 0.966
0.520, -0.050, 0.966
0.528, -0.041, 0.964
0.536, -0.050, 0.964
0.528, -0.058, 0.965
0.528, -0.050, 0.965
0.536, -0.058, 0.965
0.528, -0.067, 0.966
0.524, -0.075, 0.973
0.533, -0.084, 0.974
0.544, -0.093, 0.978
0.552, -0.093, 0.977
0.544, -0.050, 0.964
0.544, -0.041, 0.964
0.551, -0.033, 0.961
0.552, -0.041, 0.964
0.562, -0.050, 0.966
0.555, -0.058, 0.968
0.545, -0.058, 0.966
0.563, -0.058, 0.967
0.570, -0.050, 0.966
0.568, -0.041, 0.963
0.567, -0.033, 0.960
0.565, -0.024, 0.957
0.575, -0.033, 0.960
0.585, -0.024, 0.963
0.594, -0.024, 0.963
0.602, -0.016, 0.962
0.601, -0.008, 0.961
0.591, 0.001, 0.958
0.582, -0.008, 0.958
0.611, -0.016, 0.963
0.602, -0.024, 0.963
0.612, -0.024, 0.965
0.602, -0.033, 0.963
0.613, -0.033, 0.967
0.581, -0.058, 0.969
0.590, -0.067, 0.970
0.582, -0.067, 0.971
0.590, -0.075, 0.971
0.598, -0.075, 0.970
0.607, -0.084, 0.971
0.599, -0.092, 0.972
0.593, -0.101, 0.975
0.586, -0.101, 0.977
0.592, -0.092, 0.974
0.599, -0.084, 0.972
0.600, -0.101, 0.974
0.609, -0.101, 0.974
0.605, -0.110, 0.982
0.611, -0.110, 0.976
0.617, -0.101, 0.973
0.615, -0.092, 0.970
0.616, -0.084, 0.971
0.602, 0.042, 0.949
0.601, 0.034, 0.948
0.434, 0.066, 0.943
0.425, 0.074, 0.942
0.462, 0.106, 0.934
0.469, 0.114, 0.931
0.460, 0.122, 0.929
0.467, 0.122, 0.928
0.470, 0.106, 0.933
0.462, 0.098, 0.934
0.373, 0.098, 0.935
0.372, 0.114, 0.932
0.380, 0.122, 0.932
0.402, 0.138, 0.927
0.418, 0.146, 0.927
0.454, 0.251, 0.901
0.080, 0.203, 0.930
-0.210, 0.267, 0.928
-0.202, 0.267, 0.927
-0.178, 0.267, 0.926
-0.170, 0.267, 0.927
-0.170, 0.259, 0.928
-0.250, 0.298, 0.924
-0.250, 0.290, 0.925
-0.251, 0.283, 0.928
-0.260, 0.276, 0.931
-0.268, 0.276, 0.930
-0.267, 0.283, 0.927
-0.260, 0.269, 0.933
-0.252, 0.276, 0.931
-0.277, 0.261, 0.934
-0.285, 0.252, 0.934
-0.235, 0.268, 0.931
-0.281, 0.207, 0.948
-0.295, 0.127, 0.966
-0.287, 0.118, 0.967
-0.287, 0.110, 0.969
-0.296, 0.102, 0.972
-0.306, 0.094, 0.974
-0.315, 0.086, 0.978
-0.305, 0.102, 0.971
-0.297, 0.094, 0.974
-0.288, 0.102, 0.972
-0.289, 0.094, 0.973
-0.289, 0.085, 0.975
-0.290, 0.077, 0.977
-0.282, 0.069, 0.981
-0.292, 0.061, 0.984
-0.272, 0.077, 0.976
-0.426, 0.111, 0.978
-0.425, 0.120, 0.976
-0.433, 0.128, 0.975
-0.441, 0.136, 0.974
-0.431, 0.144, 0.971
-0.422, 0.152, 0.969
-0.415, 0.144, 0.972
-0.423, 0.144, 0.971
-0.432, 0.136, 0.973
-0.425, 0.128, 0.975
-0.416, 0.119, 0.975
-0.407, 0.128, 0.973
-0.406, 0.136, 0.972
-0.406, 0.144, 0.971
-0.369, 0.160, 0.963
-0.391, 0.184, 0.956
-0.401, 0.176, 0.960
-0.412, 0.052, 0.986
-0.246, 0.077, 0.974
-0.240, 0.035, 0.982
-0.232, 0.018, 0.986
-0.223, 0.026, 0.984
-0.222, 0.043, 0.980
-0.188, 0.052, 0.979
-0.179, 0.043, 0.979
-0.188, 0.035, 0.981
-0.180, 0.035, 0.980
-0.171, 0.043, 0.978
-0.162, 0.043, 0.977
-0.153, 0.052, 0.974
-0.162, 0.060, 0.975
-0.153, 0.068, 0.970
-0.144, 0.077, 0.969
-0.153, 0.060, 0.972
-0.154, 0.043, 0.976
-0.154, 0.035, 0.979
-0.155, 0.026, 0.983
-0.155, 0.018, 0.985
-0.146, 0.009, 0.984
-0.155, 0.009, 0.986
-0.147, 0.001, 0.987
-0.156, -0.008, 0.991
-0.164, -0.008, 0.990
-0.173, -0.017, 0.990
-0.173, -0.008, 0.989
-0.173, -0.025, 0.993
-0.165, -0.034, 0.997
-0.174, -0.034, 0.995
-0.166, -0.043, 0.998
-0.174, -0.051, 0.998
-0.184, -0.060, 1.001
-0.192, -0.051, 0.999
-0.202, -0.060, 1.005
-0.200, -0.043, 0.996
-0.209, -0.043, 0.997
-0.219, -0.052, 1.002
-0.227, -0.052, 1.003
-0.236, -0.052, 1.003
-0.246, -0.061, 1.007
-0.256, -0.070, 1.012
-0.265, -0.078, 1.011
-0.274, -0.079, 1.012
-0.283, -0.079, 1.014
-0.291, -0.087, 1.013
-0.301, -0.097, 1.017
-0.310, -0.088, 1.016
-0.319, -0.088, 1.017
-0.329, -0.088, 1.019
-0.318, -0.079, 1.013
-0.326, -0.070, 1.011
-0.309, -0.079, 1.013
-0.300, -0.079, 1.014
-0.292, -0.079, 1.014
-0.301, -0.088, 1.015
-0.282, -0.070, 1.012
-0.282, -0.061, 1.009
-0.281, -0.052, 1.006
-0.280, -0.043, 1.004
-0.271, -0.043, 1.004
-0.262, -0.034, 1.002
-0.270, -0.025, 1.001
-0.278, -0.017, 0.995
-0.269, -0.017, 0.996
-0.261, -0.017, 0.998
-0.253, -0.017, 1.000
-0.262, -0.025, 1.002
-0.244, -0.017, 1.000
-0.235, -0.008, 0.996
-0.226, -0.017, 0.997
-0.235, -0.017, 0.999
-0.217, -0.008, 0.994
-0.216, 0.001, 0.991
-0.216, 0.009, 0.988
-0.207, 0.001, 0.990
-0.198, 0.009, 0.988
-0.190, 0.009, 0.990
-0.199, 0.001, 0.990
-0.181, 0.018, 0.986
-0.180, 0.026, 0.982
-0.181, 0.009, 0.988
-0.217, -0.017, 0.995
-0.262, -0.043, 1.003
-0.264, -0.070, 1.010
-0.255, -0.061, 1.010
-0.246, -0.052, 1.006
-0.265, -0.087, 1.012
-0.273, -0.096, 1.011
-0.284, -0.105, 1.017
-0.274, -0.105, 1.013
-0.265, -0.096, 1.012
-0.256, -0.087, 1.012
-0.247, -0.087, 1.013
-0.256, -0.096, 1.014
-0.248, -0.097, 1.016
-0.238, -0.087, 1.012
-0.238, -0.078, 1.011
-0.236, -0.069, 1.004
-0.229, -0.078, 1.009
-0.219, -0.069, 1.003
-0.219, -0.078, 1.005
-0.229, -0.087, 1.009
-0.220, -0.087, 1.009
-0.229, -0.096, 1.012
-0.239, -0.105, 1.017
-0.249, -0.114, 1.019
-0.258, -0.124, 1.020
-0.267, -0.124, 1.022
-0.257, -0.114, 1.016
-0.250, -0.124, 1.022
-0.259, -0.133, 1.023
-0.269, -0.142, 1.027
-0.279, -0.152, 1.033
-0.289, -0.161, 1.034
-0.298, -0.170, 1.036
-0.307, -0.170, 1.035
-0.316, -0.161, 1.036
-0.325, -0.171, 1.037
-0.333, -0.161, 1.034
-0.343, -0.170, 1.035
-0.353, -0.171, 1.038
-0.365, -0.181, 1.046
-0.373, -0.181, 1.044
-0.381, -0.180, 1.041
-0.390, -0.171, 1.040
-0.401, -0.181, 1.045
-0.409, -0.172, 1.043
-0.417, -0.171, 1.041
-0.425, -0.162, 1.039
-0.435, -0.162, 1.039
-0.445, -0.172, 1.043
-0.456, -0.181, 1.047
-0.434, -0.153, 1.038
-0.442, -0.144, 1.037
-0.452, -0.144, 1.038
-0.461, -0.153, 1.039
-0.471, -0.153, 1.039
-0.452, -0.135, 1.037
-0.452, -0.126, 1.037
-0.458, -0.116, 1.031
-0.468, -0.125, 1.033
-0.466, -0.107, 1.029
-0.476, -0.107, 1.031
-0.485, -0.107, 1.031
-0.465, -0.097, 1.026
-0.455, -0.088, 1.024
-0.464, -0.079, 1.024
-0.473, -0.071, 1.024
-0.482, -0.062, 1.025
-0.491, -0.062, 1.026
-0.501, -0.071, 1.027
-0.509, -0.062, 1.025
-0.518, -0.071, 1.026
-0.517, -0.062, 1.024
-0.516, -0.053, 1.021
-0.524, -0.044, 1.020
-0.533, -0.035, 1.020
-0.532, -0.026, 1.017
-0.531, -0.017, 1.015
-0.529, -0.008, 1.013
-0.527, 0.001, 1.009
-0.516, 0.009, 1.005
-0.507, 0.018, 1.004
-0.515, 0.027, 1.002
-0.516, 0.036, 1.003
-0.508, 0.009, 1.006
-0.518, 0.001, 1.007
-0.522, -0.026, 1.017
-0.513, -0.026, 1.015
-0.523, -0.035, 1.019
-0.514, -0.035, 1.017
-0.505, -0.035, 1.017
-0.515, -0.044, 1.019
-0.495, -0.026, 1.015
-0.503, -0.017, 1.014
-0.483, -0.017, 1.009
-0.477, -0.026, 1.014
-0.485, -0.026, 1.013
-0.495, -0.035, 1.016
-0.487, -0.043, 1.016
-0.496, -0.043, 1.016
-0.491, -0.053, 1.025
-0.500, -0.062, 1.025
-0.468, -0.026, 1.013
-0.468, -0.035, 1.014
-0.460, -0.043, 1.016
-0.471, -0.052, 1.019
-0.469, -0.043, 1.016
-0.461, -0.052, 1.018
-0.472, -0.062, 1.022
-0.451, -0.043, 1.015
-0.442, -0.043, 1.015
-0.432, -0.035, 1.012
-0.422, -0.026, 1.009
-0.421, -0.017, 1.007
-0.421, -0.008, 1.007
-0.429, 0.001, 1.005
-0.436, 0.009, 1.000
-0.444, 0.009, 0.999
-0.453, 0.009, 0.999
-0.462, 0.009, 1.002
-0.472, 0.009, 1.003
-0.442, 0.018, 0.996
-0.426, 0.018, 0.999
-0.419, 0.009, 1.003
-0.428, 0.009, 1.002
-0.420, 0.001, 1.005
-0.411, 0.009, 1.003
-0.412, 0.001, 1.006
-0.403, -0.008, 1.007
-0.413, -0.017, 1.009
-0.412, -0.008, 1.007
-0.404, -0.017, 1.008
-0.394, -0.008, 1.004
-0.385, -0.008, 1.003
-0.376, -0.017, 1.003
-0.385, -0.017, 1.004
-0.394, -0.026, 1.006
-0.404, -0.026, 1.007
-0.394, -0.034, 1.006
-0.404, -0.043, 1.008
-0.395, -0.043, 1.007
-0.387, -0.043, 1.008
-0.378, -0.043, 1.009
-0.388, -0.052, 1.013
-0.378, -0.052, 1.010
-0.390, -0.061, 1.017
-0.382, -0.070, 1.018
-0.392, -0.079, 1.022
-0.400, -0.088, 1.021
-0.411, -0.097, 1.025
-0.421, -0.107, 1.029
-0.430, -0.107, 1.029
-0.439, -0.107, 1.028
-0.422, -0.116, 1.029
-0.412, -0.107, 1.027
-0.412, -0.116, 1.029
-0.422, -0.125, 1.030
-0.433, -0.134, 1.036
-0.422, -0.134, 1.031
-0.434, -0.144, 1.037
-0.423, -0.143, 1.034
-0.416, -0.153, 1.038
-0.425, -0.153, 1.037
-0.417, -0.162, 1.041
-0.407, -0.153, 1.038
-0.398, -0.153, 1.038
-0.408, -0.162, 1.042
-0.399, -0.162, 1.040
-0.389, -0.153, 1.037
-0.413, -0.125, 1.030
-0.410, -0.088, 1.022
-0.409, -0.079, 1.020
-0.400, -0.079, 1.021
-0.391, -0.070, 1.020
-0.383, -0.088, 1.022
-0.373, -0.079, 1.018
-0.372, -0.070, 1.016
-0.371, -0.061, 1.014
-0.362, -0.052, 1.012
-0.369, -0.043, 1.009
-0.360, -0.043, 1.008
-0.351, -0.043, 1.006
-0.341, -0.034, 1.004
-0.350, -0.025, 1.003
-0.359, -0.025, 1.004
-0.367, -0.017, 1.003
-0.359, -0.017, 1.004
-0.341, -0.025, 1.003
-0.342, -0.043, 1.006
-0.335, -0.052, 1.012
-0.344, -0.061, 1.012
-0.354, -0.070, 1.015
-0.364, -0.079, 1.019
-0.373, -0.088, 1.021
-0.383, -0.097, 1.022
-0.392, -0.106, 1.022
-0.383, -0.106, 1.023
-0.393, -0.115, 1.025
-0.374, -0.097, 1.022
-0.365, -0.088, 1.021
-0.365, -0.106, 1.022
-0.363, -0.070, 1.016
-0.362, -0.061, 1.014
-0.353, -0.061, 1.013
-0.433, -0.043, 1.015
-0.455, -0.079, 1.024
-0.445, -0.079, 1.022
-0.437, -0.088, 1.023
-0.456, -0.097, 1.026
-0.457, -0.107, 1.029
-0.381, -0.171, 1.041
-0.372, -0.171, 1.042
-0.363, -0.171, 1.040
-0.365, -0.191, 1.048
-0.355, -0.190, 1.045
-0.366, -0.200, 1.050
-0.356, -0.200, 1.048
-0.367, -0.210, 1.052
-0.377, -0.220, 1.056
-0.387, -0.220, 1.058
-0.396, -0.220, 1.058
-0.406, -0.230, 1.059
-0.414, -0.220, 1.056
-0.405, -0.220, 1.056
-0.397, -0.239, 1.061
-0.407, -0.239, 1.062
-0.398, -0.249, 1.063
-0.389, -0.249, 1.062
-0.379, -0.248, 1.061
-0.369, -0.248, 1.058
-0.379, -0.258, 1.060
-0.369, -0.257, 1.060
-0.359, -0.247, 1.055
-0.359, -0.238, 1.055
-0.350, -0.229, 1.056
-0.349, -0.219, 1.054
-0.357, -0.209, 1.051
-0.367, -0.219, 1.054
-0.348, -0.210, 1.051
-0.341, -0.229, 1.056
-0.349, -0.238, 1.055
-0.331, -0.229, 1.055
-0.322, -0.229, 1.056
-0.311, -0.218, 1.049
-0.320, -0.209, 1.048
-0.310, -0.199, 1.044
-0.308, -0.189, 1.041
-0.299, -0.180, 1.039
-0.289, -0.170, 1.035
-0.297, -0.161, 1.034
-0.307, -0.161, 1.034
-0.316, -0.152, 1.035
-0.325, -0.161, 1.035
-0.333, -0.152, 1.031
-0.343, -0.161, 1.036
-0.352, -0.152, 1.036
-0.340, -0.142, 1.027
-0.323, -0.142, 1.028
-0.314, -0.134, 1.029
-0.324, -0.152, 1.032
-0.297, -0.152, 1.031
-0.295, -0.142, 1.027
-0.295, -0.133, 1.025
-0.286, -0.133, 1.023
-0.277, -0.142, 1.026
-0.286, -0.142, 1.025
-0.270, -0.152, 1.031
-0.260, -0.142, 1.027
-0.251, -0.142, 1.026
-0.242, -0.133, 1.026
-0.231, -0.124, 1.020
-0.240, -0.114, 1.018
-0.230, -0.105, 1.015
-0.220, -0.096, 1.010
-0.212, -0.096, 1.011
-0.221, -0.105, 1.014
-0.231, -0.114, 1.017
-0.222, -0.114, 1.017
-0.213, -0.114, 1.017
-0.203, -0.105, 1.012
-0.204, -0.114, 1.016
-0.204, -0.123, 1.018
-0.195, -0.132, 1.017
-0.205, -0.141, 1.021
-0.215, -0.151, 1.026
-0.223, -0.142, 1.024
-0.233, -0.151, 1.025
-0.242, -0.151, 1.027
-0.252, -0.161, 1.031
-0.261, -0.170, 1.031
-0.272, -0.180, 1.038
-0.282, -0.190, 1.043
-0.291, -0.190, 1.042
-0.300, -0.199, 1.043
-0.300, -0.190, 1.042
-0.282, -0.199, 1.043
-0.273, -0.190, 1.042
-0.264, -0.190, 1.042
-0.253, -0.189, 1.037
-0.264, -0.199, 1.044
-0.255, -0.208, 1.044
-0.265, -0.218, 1.047
-0.275, -0.228, 1.051
-0.266, -0.228, 1.051
-0.275, -0.237, 1.051
-0.266, -0.237, 1.051
-0.256, -0.227, 1.049
-0.256, -0.218, 1.047
-0.264, -0.208, 1.044
-0.247, -0.218, 1.047
-0.236, -0.208, 1.041
-0.244, -0.198, 1.036
-0.244, -0.188, 1.034
-0.235, -0.188, 1.035
-0.226, -0.189, 1.036
-0.235, -0.198, 1.037
-0.217, -0.188, 1.034
-0.206, -0.178, 1.027
-0.199, -0.189, 1.036
-0.208, -0.198, 1.037
-0.217, -0.198, 1.037
-0.208, -0.207, 1.038
-0.199, -0.207, 1.036
-0.190, -0.207, 1.036
-0.182, -0.216, 1.040
-0.191, -0.216, 1.039
-0.200, -0.226, 1.041
-0.209, -0.225, 1.039
-0.218, -0.235, 1.043
-0.229, -0.246, 1.050
-0.239, -0.256, 1.053
-0.249, -0.266, 1.056
-0.257, -0.256, 1.052
-0.256, -0.246, 1.049
-0.247, -0.236, 1.047
-0.247, -0.227, 1.047
-0.237, -0.218, 1.046
-0.238, -0.236, 1.048
-0.228, -0.236, 1.046
-0.238, -0.246, 1.050
-0.247, -0.255, 1.051
-0.239, -0.266, 1.056
-0.249, -0.275, 1.058
-0.240, -0.275, 1.058
-0.230, -0.265, 1.054
-0.230, -0.256, 1.053
-0.220, -0.255, 1.051
-0.210, -0.254, 1.047
-0.220, -0.265, 1.051
-0.211, -0.264, 1.049
-0.202, -0.264, 1.049
-0.192, -0.255, 1.048
-0.201, -0.245, 1.048
-0.201, -0.236, 1.046
-0.192, -0.245, 1.048
-0.183, -0.255, 1.050
-0.174, -0.245, 1.047
-0.173, -0.235, 1.044
-0.173, -0.226, 1.043
-0.173, -0.217, 1.042
-0.164, -0.217, 1.041
-0.154, -0.207, 1.039
-0.154, -0.198, 1.037
-0.154, -0.188, 1.035
-0.144, -0.188, 1.033
-0.145, -0.198, 1.036
-0.145, -0.207, 1.037
-0.154, -0.216, 1.038
-0.145, -0.216, 1.038
-0.155, -0.226, 1.041
-0.165, -0.255, 1.049
-0.175, -0.265, 1.052
-0.184, -0.265, 1.054
-0.194, -0.275, 1.057
-0.202, -0.274, 1.053
-0.174, -0.255, 1.050
-0.175, -0.274, 1.054
-0.165, -0.274, 1.052
-0.156, -0.274, 1.052
-0.146, -0.263, 1.047
-0.146, -0.254, 1.044
-0.218, -0.225, 1.039
-0.188, -0.178, 1.027
-0.188, -0.168, 1.023
-0.196, -0.159, 1.021
-0.206, -0.160, 1.025
-0.215, -0.160, 1.027
-0.196, -0.150, 1.021
-0.196, -0.141, 1.019
-0.205, -0.132, 1.020
-0.214, -0.142, 1.024
-0.223, -0.133, 1.024
-0.232, -0.142, 1.025
-0.242, -0.142, 1.026
-0.251, -0.151, 1.029
-0.260, -0.161, 1.030
-0.270, -0.170, 1.033
-0.279, -0.170, 1.033
-0.270, -0.161, 1.031
-0.232, -0.133, 1.024
-0.186, -0.132, 1.017
-0.186, -0.123, 1.014
-0.177, -0.114, 1.015
-0.168, -0.114, 1.014
-0.177, -0.123, 1.015
-0.169, -0.132, 1.017
-0.178, -0.132, 1.016
-0.187, -0.141, 1.020
-0.179, -0.151, 1.024
-0.169, -0.141, 1.019
-0.161, -0.150, 1.022
-0.170, -0.160, 1.024
-0.179, -0.160, 1.026
-0.170, -0.151, 1.023
-0.152, -0.141, 1.021
-0.151, -0.132, 1.019
-0.151, -0.123, 1.017
-0.159, -0.114, 1.014
-0.159, -0.105, 1.012
-0.159, -0.096, 1.009
-0.158, -0.087, 1.006
-0.158, -0.078, 1.004
-0.149, -0.078, 1.001
-0.149, -0.087, 1.005
-0.150, -0.096, 1.009
-0.150, -0.105, 1.011
-0.151, -0.114, 1.013
-0.142, -0.141, 1.018
-0.152, -0.150, 1.022
-0.143, -0.150, 1.022
-0.301, -0.218, 1.045
-0.344, -0.189, 1.040
-0.344, -0.180, 1.037
-0.218, -0.043, 0.999
-0.191, -0.043, 0.997
-0.183, -0.051, 0.998
-0.175, -0.060, 1.000
-0.184, -0.069, 1.004
-0.166, -0.051, 1.000
-0.157, -0.043, 0.997
-0.157, -0.034, 0.997
-0.147, -0.025, 0.991
-0.147, -0.017, 0.990
-0.147, -0.008, 0.990
-0.148, -0.034, 0.995
-0.148, -0.043, 0.998
-0.109, 0.109, 0.958
-0.042, 0.117, 0.954
-0.042, 0.125, 0.953
-0.050, 0.133, 0.952
-0.059, 0.125, 0.953
-0.067, 0.125, 0.954
-0.075, 0.125, 0.956
-0.084, 0.125, 0.956
-0.092, 0.125, 0.956
-0.100, 0.125, 0.955
-0.109, 0.125, 0.956
-0.117, 0.125, 0.955
-0.125, 0.125, 0.954
-0.125, 0.133, 0.953
-0.125, 0.142, 0.954
-0.117, 0.142, 0.955
-0.108, 0.150, 0.953
-0.100, 0.150, 0.951
-0.109, 0.142, 0.954
-0.100, 0.133, 0.952
-0.091, 0.157, 0.948
-0.083, 0.157, 0.947
-0.092, 0.149, 0.950
-0.083, 0.141, 0.949
-0.075, 0.157, 0.947
-0.067, 0.157, 0.947
-0.058, 0.157, 0.947
-0.050, 0.157, 0.946
-0.042, 0.149, 0.947
-0.050, 0.149, 0.946
-0.058, 0.141, 0.948
-0.059, 0.133, 0.952
-0.042, 0.141, 0.950
-0.034, 0.133, 0.951
-0.042, 0.133, 0.952
-0.025, 0.133, 0.950
-0.017, 0.125, 0.952
-0.026, 0.125, 0.951
-0.034, 0.117, 0.953
-0.017, 0.117, 0.955
0.024, 0.117, 0.954
0.122, 0.124, 0.944
0.179, 0.123, 0.941
0.187, 0.123, 0.940
0.196, 0.132, 0.941
0.179, 0.139, 0.938
0.186, 0.147, 0.936
0.210, 0.155, 0.932
0.218, 0.155, 0.932
0.226, 0.155, 0.931
0.227, 0.147, 0.935
0.228, 0.139, 0.937
0.228, 0.131, 0.938
0.259, 0.139, 0.934
0.299, 0.138, 0.930
0.324, 0.130, 0.932
0.332, 0.123, 0.934
0.344, 0.091, 0.943
0.345, 0.075, 0.946
0.346, 0.058, 0.949
0.391, -0.084, 0.978
0.413, -0.128, 0.990
0.420, -0.120, 0.988
0.421, -0.129, 0.991
0.413, -0.137, 0.992
0.422, -0.146, 0.991
0.414, -0.146, 0.993
0.430, -0.146, 0.990
0.438, -0.146, 0.989
0.431, -0.155, 0.992
0.441, -0.164, 0.995
0.452, -0.191, 1.002
0.445, -0.200, 1.004
0.453, -0.200, 1.004
0.461, -0.191, 1.001
0.468, -0.182, 0.997
0.467, -0.173, 0.997
0.467, -0.164, 0.995
0.474, -0.155, 0.993
0.472, -0.146, 0.989
0.480, -0.145, 0.986
0.489, -0.154, 0.988
0.481, -0.154, 0.990
0.476, -0.164, 0.996
0.484, -0.173, 0.996
0.477, -0.182, 0.998
0.469, -0.191, 1.000
0.476, -0.173, 0.998
0.491, -0.163, 0.991
0.500, -0.163, 0.993
0.492, -0.172, 0.994
0.495, -0.145, 0.984
0.454, -0.209, 1.005
0.455, -0.218, 1.007
0.437, -0.218, 1.007
0.448, -0.246, 1.013
0.473, -0.227, 1.009
0.481, -0.227, 1.007
0.490, -0.227, 1.008
0.498, -0.218, 1.006
0.485, -0.208, 0.998
0.496, -0.200, 1.001
0.505, -0.191, 1.002
0.511, -0.181, 0.996
0.521, -0.191, 1.000
0.513, -0.191, 1.001
0.505, -0.200, 1.003
0.496, -0.208, 1.001
0.508, -0.218, 1.008
0.500, -0.228, 1.009
0.508, -0.228, 1.009
0.501, -0.237, 1.011
0.511, -0.247, 1.015
0.503, -0.256, 1.017
0.502, -0.246, 1.014
0.512, -0.256, 1.016
0.504, -0.265, 1.018
0.504, -0.274, 1.019
0.506, -0.284, 1.022
0.498, -0.293, 1.024
0.489, -0.293, 1.025
0.498, -0.302, 1.025
0.507, -0.294, 1.025
0.518, -0.304, 1.029
0.520, -0.246, 1.014
0.517, -0.236, 1.010
0.526, -0.228, 1.009
0.518, -0.219, 1.010
0.526, -0.219, 1.010
0.533, -0.209, 1.006
0.532, -0.200, 1.004
0.529, -0.191, 0.999
0.537, -0.181, 0.997
0.532, -0.171, 0.988
0.539, -0.162, 0.985
0.530, -0.153, 0.984
0.522, -0.145, 0.985
0.538, -0.145, 0.984
0.538, -0.136, 0.984
0.529, -0.128, 0.983
0.527, -0.119, 0.980
0.537, -0.110, 0.982
0.544, -0.110, 0.979
0.554, -0.119, 0.981
0.545, -0.127, 0.981
0.538, -0.128, 0.982
0.544, -0.119, 0.979
0.546, -0.136, 0.983
0.555, -0.136, 0.983
0.547, -0.145, 0.984
0.538, -0.153, 0.983
0.547, -0.162, 0.985
0.562, -0.173, 0.996
0.569, -0.163, 0.993
0.575, -0.154, 0.988
0.564, -0.145, 0.984
0.564, -0.136, 0.983
0.563, -0.128, 0.983
0.564, -0.119, 0.984
0.579, -0.172, 0.995
0.572, -0.182, 0.998
0.564, -0.190, 0.999
0.574, -0.200, 1.002
0.583, -0.209, 1.003
0.575, -0.209, 1.003
0.584, -0.217, 1.003
0.593, -0.226, 1.004
0.598, -0.216, 0.998
0.571, -0.173, 0.996
0.538, -0.190, 0.999
0.540, -0.200, 1.003
0.541, -0.218, 1.004
0.533, -0.218, 1.007
0.541, -0.226, 1.004
0.533, -0.236, 1.006
0.528, -0.246, 1.013
0.520, -0.255, 1.014
0.528, -0.255, 1.014
0.534, -0.245, 1.009
0.536, -0.255, 1.013
0.549, -0.265, 1.019
0.553, -0.254, 1.010
0.557, -0.274, 1.017
0.548, -0.217, 1.002
0.556, -0.217, 1.000
0.548, -0.226, 1.002
0.556, -0.226, 1.001
0.483, -0.246, 1.012
0.487, -0.274, 1.019
0.501, -0.322, 1.030
0.511, -0.332, 1.032
0.503, -0.332, 1.034
0.519, -0.322, 1.030
0.528, -0.322, 1.030
0.520, -0.332, 1.033
0.531, -0.342, 1.036
0.522, -0.342, 1.037
0.538, -0.331, 1.032
0.537, -0.322, 1.030
0.548, -0.341, 1.034
0.540, -0.351, 1.037
0.539, -0.341, 1.034
0.550, -0.351, 1.038
RegionID:4
Center:0.460,-0.087,0.976
Normal:-0.051,-0.211,-0.976
NumPatches:48
0.443, -0.102, 0.981
0.436, -0.111, 0.984
0.435, -0.102, 0.982
0.425, -0.093, 0.978
0.423, -0.084, 0.976
0.432, -0.076, 0.976
0.422, -0.067, 0.973
0.421, -0.058, 0.970
0.429, -0.058, 0.970
0.437, -0.050, 0.968
0.445, -0.041, 0.967
0.453, -0.050, 0.967
0.446, -0.050, 0.969
0.438, -0.058, 0.971
0.431, -0.067, 0.974
0.455, -0.058, 0.970
0.464, -0.067, 0.972
0.457, -0.076, 0.975
0.457, -0.067, 0.974
0.458, -0.084, 0.976
0.466, -0.093, 0.975
0.458, -0.101, 0.977
0.451, -0.102, 0.979
0.443, -0.110, 0.982
0.458, -0.093, 0.976
0.460, -0.110, 0.981
0.467, -0.110, 0.978
0.477, -0.119, 0.980
0.468, -0.119, 0.980
0.486, -0.119, 0.983
0.494, -0.110, 0.982
0.492, -0.101, 0.978
0.483, -0.093, 0.976
0.475, -0.093, 0.976
0.482, -0.084, 0.974
0.482, -0.076, 0.974
0.481, -0.067, 0.973
0.479, -0.058, 0.969
0.490, -0.084, 0.972
0.499, -0.084, 0.973
0.491, -0.093, 0.974
0.499, -0.093, 0.975
0.506, -0.075, 0.971
0.496, -0.119, 0.984
0.487, -0.128, 0.984
0.496, -0.128, 0.985
0.433, -0.084, 0.977
0.434, -0.093, 0.980
RegionID:5
Center:-0.528,0.226,0.958
Normal:-0.126,-0.208,-0.970
NumPatches:26
-0.571, 0.227, 0.964
-0.572, 0.219, 0.965
-0.563, 0.211, 0.965
-0.554, 0.219, 0.964
-0.553, 0.227, 0.962
-0.542, 0.234, 0.957
-0.541, 0.242, 0.955
-0.531, 0.249, 0.952
-0.531, 0.241, 0.953
-0.523, 0.233, 0.954
-0.533, 0.234, 0.956
-0.543, 0.226, 0.960
-0.535, 0.218, 0.960
-0.544, 0.218, 0.962
-0.526, 0.217, 0.958
-0.516, 0.225, 0.956
-0.515, 0.233, 0.954
-0.507, 0.233, 0.955
-0.499, 0.242, 0.956
-0.498, 0.233, 0.953
-0.508, 0.225, 0.956
-0.517, 0.217, 0.958
-0.519, 0.210, 0.962
-0.498, 0.224, 0.952
-0.499, 0.216, 0.954
-0.492, 0.209, 0.957
RegionID:6
Center:-0.047,0.301,0.820
Normal:-0.052,-0.216,-0.975
NumPatches:126
-0.089, 0.199, 0.845
-0.096, 0.199, 0.845
-0.104, 0.199, 0.847
-0.111, 0.200, 0.847
-0.118, 0.199, 0.847
-0.118, 0.206, 0.845
-0.118, 0.213, 0.843
-0.118, 0.220, 0.841
-0.125, 0.227, 0.840
-0.124, 0.234, 0.838
-0.124, 0.241, 0.836
-0.124, 0.248, 0.836
-0.117, 0.255, 0.835
-0.124, 0.261, 0.832
-0.123, 0.268, 0.830
-0.123, 0.275, 0.829
-0.123, 0.282, 0.829
-0.123, 0.288, 0.827
-0.123, 0.295, 0.827
-0.130, 0.302, 0.826
-0.129, 0.308, 0.822
-0.122, 0.315, 0.821
-0.129, 0.321, 0.819
-0.129, 0.328, 0.818
-0.128, 0.335, 0.817
-0.128, 0.342, 0.817
-0.128, 0.348, 0.815
-0.128, 0.354, 0.812
-0.135, 0.361, 0.812
-0.135, 0.367, 0.811
-0.134, 0.374, 0.809
-0.134, 0.380, 0.807
-0.134, 0.386, 0.805
-0.133, 0.392, 0.803
-0.126, 0.392, 0.804
-0.120, 0.392, 0.804
-0.112, 0.392, 0.803
-0.105, 0.391, 0.801
-0.098, 0.391, 0.802
-0.091, 0.391, 0.802
-0.084, 0.391, 0.802
-0.091, 0.385, 0.804
-0.084, 0.385, 0.802
-0.092, 0.379, 0.806
-0.085, 0.372, 0.806
-0.092, 0.373, 0.808
-0.077, 0.378, 0.803
-0.070, 0.385, 0.803
-0.077, 0.391, 0.802
-0.070, 0.391, 0.802
-0.063, 0.391, 0.801
-0.056, 0.391, 0.801
-0.049, 0.391, 0.801
-0.042, 0.390, 0.799
-0.035, 0.390, 0.799
-0.028, 0.390, 0.799
-0.021, 0.390, 0.799
-0.014, 0.390, 0.799
-0.008, 0.390, 0.799
-0.001, 0.389, 0.798
0.006, 0.388, 0.796
0.013, 0.389, 0.796
0.020, 0.389, 0.798
0.027, 0.389, 0.797
0.027, 0.383, 0.798
0.027, 0.376, 0.800
0.027, 0.370, 0.802
0.027, 0.364, 0.803
0.027, 0.357, 0.802
0.034, 0.350, 0.803
0.027, 0.350, 0.803
0.034, 0.344, 0.806
0.035, 0.338, 0.808
0.035, 0.331, 0.809
0.035, 0.325, 0.811
0.035, 0.318, 0.812
0.035, 0.312, 0.813
0.035, 0.305, 0.814
0.035, 0.299, 0.816
0.035, 0.292, 0.818
0.035, 0.286, 0.820
0.035, 0.279, 0.821
0.035, 0.272, 0.823
0.035, 0.266, 0.824
0.035, 0.259, 0.824
0.035, 0.252, 0.826
0.035, 0.246, 0.828
0.035, 0.239, 0.829
0.035, 0.232, 0.830
0.036, 0.225, 0.832
0.036, 0.218, 0.834
0.028, 0.212, 0.837
0.021, 0.212, 0.837
0.014, 0.212, 0.837
0.007, 0.205, 0.839
-0.001, 0.205, 0.839
-0.008, 0.205, 0.839
-0.015, 0.205, 0.840
-0.023, 0.205, 0.840
-0.030, 0.206, 0.843
-0.037, 0.212, 0.840
-0.045, 0.206, 0.841
-0.052, 0.212, 0.839
-0.059, 0.205, 0.841
-0.067, 0.206, 0.842
-0.074, 0.205, 0.841
-0.081, 0.213, 0.841
-0.089, 0.206, 0.844
-0.088, 0.213, 0.842
-0.074, 0.212, 0.839
-0.059, 0.212, 0.839
-0.052, 0.219, 0.838
-0.044, 0.219, 0.839
-0.037, 0.219, 0.839
-0.030, 0.212, 0.839
0.007, 0.212, 0.837
0.036, 0.212, 0.836
-0.070, 0.378, 0.803
-0.078, 0.371, 0.804
-0.127, 0.360, 0.810
-0.122, 0.322, 0.820
-0.122, 0.308, 0.821
-0.123, 0.302, 0.825
-0.116, 0.261, 0.832
-0.117, 0.248, 0.836
-0.117, 0.227, 0.839
RegionID:7
Center:0.188,0.309,0.807
Normal:-0.048,-0.215,-0.975
NumPatches:117
0.267, 0.371, 0.788
0.266, 0.377, 0.787
0.259, 0.383, 0.786
0.252, 0.383, 0.785
0.245, 0.383, 0.786
0.239, 0.384, 0.787
0.232, 0.384, 0.787
0.225, 0.384, 0.788
0.219, 0.385, 0.789
0.213, 0.379, 0.791
0.206, 0.373, 0.793
0.199, 0.366, 0.792
0.193, 0.360, 0.795
0.193, 0.366, 0.793
0.199, 0.373, 0.793
0.199, 0.379, 0.791
0.192, 0.385, 0.789
0.185, 0.385, 0.790
0.178, 0.386, 0.791
0.171, 0.386, 0.791
0.164, 0.386, 0.790
0.157, 0.385, 0.790
0.151, 0.386, 0.791
0.144, 0.386, 0.791
0.137, 0.386, 0.791
0.130, 0.386, 0.792
0.123, 0.386, 0.791
0.116, 0.386, 0.791
0.110, 0.387, 0.793
0.103, 0.381, 0.795
0.103, 0.387, 0.794
0.103, 0.374, 0.796
0.104, 0.369, 0.799
0.104, 0.362, 0.800
0.104, 0.356, 0.800
0.111, 0.349, 0.801
0.104, 0.349, 0.801
0.111, 0.343, 0.803
0.111, 0.337, 0.805
0.105, 0.330, 0.806
0.112, 0.330, 0.806
0.105, 0.324, 0.808
0.105, 0.317, 0.809
0.105, 0.311, 0.811
0.105, 0.304, 0.812
0.105, 0.298, 0.813
0.106, 0.291, 0.815
0.106, 0.284, 0.816
0.106, 0.278, 0.817
0.106, 0.271, 0.819
0.106, 0.264, 0.819
0.114, 0.258, 0.821
0.106, 0.258, 0.821
0.114, 0.251, 0.823
0.114, 0.244, 0.824
0.114, 0.238, 0.826
0.115, 0.231, 0.829
0.122, 0.224, 0.830
0.115, 0.224, 0.830
0.129, 0.224, 0.828
0.136, 0.224, 0.828
0.143, 0.224, 0.827
0.150, 0.223, 0.826
0.157, 0.230, 0.825
0.164, 0.230, 0.825
0.157, 0.223, 0.826
0.171, 0.230, 0.825
0.179, 0.230, 0.824
0.186, 0.230, 0.824
0.193, 0.230, 0.824
0.200, 0.230, 0.825
0.207, 0.230, 0.824
0.214, 0.230, 0.823
0.221, 0.229, 0.822
0.228, 0.229, 0.821
0.235, 0.229, 0.821
0.242, 0.229, 0.821
0.249, 0.236, 0.819
0.256, 0.236, 0.819
0.249, 0.229, 0.822
0.263, 0.235, 0.818
0.270, 0.235, 0.818
0.277, 0.243, 0.819
0.277, 0.249, 0.817
0.269, 0.256, 0.815
0.268, 0.262, 0.813
0.267, 0.269, 0.811
0.267, 0.275, 0.809
0.267, 0.282, 0.809
0.266, 0.289, 0.808
0.273, 0.295, 0.807
0.272, 0.301, 0.804
0.271, 0.307, 0.801
0.271, 0.314, 0.800
0.271, 0.321, 0.800
0.270, 0.327, 0.798
0.270, 0.334, 0.798
0.270, 0.340, 0.797
0.269, 0.346, 0.795
0.269, 0.353, 0.795
0.269, 0.360, 0.794
0.268, 0.365, 0.791
0.273, 0.289, 0.807
0.274, 0.268, 0.810
0.276, 0.256, 0.815
0.277, 0.236, 0.819
0.198, 0.385, 0.788
0.206, 0.379, 0.791
0.212, 0.385, 0.788
0.213, 0.373, 0.793
0.213, 0.367, 0.794
0.206, 0.359, 0.793
0.200, 0.354, 0.796
0.193, 0.354, 0.797
0.207, 0.354, 0.796
0.213, 0.360, 0.794
0.266, 0.383, 0.786
RegionID:8
Center:0.384,0.346,0.883
Normal:-0.028,-0.205,-0.978
NumPatches:79
0.331, 0.325, 0.887
0.341, 0.319, 0.892
0.347, 0.325, 0.889
0.347, 0.333, 0.887
0.353, 0.339, 0.883
0.344, 0.346, 0.882
0.337, 0.354, 0.883
0.330, 0.347, 0.885
0.329, 0.361, 0.881
0.328, 0.368, 0.879
0.328, 0.375, 0.878
0.335, 0.382, 0.877
0.327, 0.389, 0.876
0.333, 0.395, 0.873
0.341, 0.395, 0.873
0.349, 0.396, 0.873
0.342, 0.389, 0.875
0.349, 0.389, 0.874
0.342, 0.382, 0.876
0.350, 0.382, 0.876
0.357, 0.389, 0.875
0.364, 0.381, 0.874
0.357, 0.374, 0.875
0.357, 0.381, 0.875
0.365, 0.374, 0.876
0.372, 0.381, 0.874
0.372, 0.388, 0.874
0.372, 0.396, 0.874
0.371, 0.403, 0.872
0.378, 0.402, 0.871
0.379, 0.395, 0.873
0.379, 0.388, 0.874
0.372, 0.374, 0.875
0.366, 0.367, 0.878
0.367, 0.360, 0.880
0.361, 0.347, 0.884
0.369, 0.347, 0.885
0.361, 0.339, 0.885
0.353, 0.332, 0.885
0.362, 0.325, 0.887
0.354, 0.325, 0.887
0.370, 0.332, 0.887
0.369, 0.340, 0.887
0.377, 0.332, 0.887
0.369, 0.324, 0.886
0.384, 0.339, 0.884
0.384, 0.332, 0.885
0.393, 0.325, 0.887
0.401, 0.325, 0.889
0.408, 0.333, 0.888
0.414, 0.339, 0.884
0.406, 0.346, 0.882
0.398, 0.353, 0.881
0.413, 0.346, 0.881
0.420, 0.345, 0.880
0.422, 0.339, 0.883
0.415, 0.332, 0.886
0.409, 0.326, 0.889
0.402, 0.318, 0.890
0.423, 0.332, 0.886
0.431, 0.332, 0.887
0.424, 0.325, 0.888
0.431, 0.325, 0.887
0.424, 0.318, 0.889
0.431, 0.317, 0.886
0.439, 0.317, 0.886
0.431, 0.309, 0.887
0.425, 0.302, 0.889
0.432, 0.302, 0.888
0.439, 0.309, 0.887
0.447, 0.317, 0.887
0.454, 0.324, 0.886
0.461, 0.316, 0.884
0.454, 0.309, 0.887
0.454, 0.317, 0.886
0.440, 0.302, 0.889
0.433, 0.295, 0.891
0.442, 0.296, 0.892
0.434, 0.288, 0.893
