NumRegions:9
RegionID:0
Center:0.115,-0.125,0.798
Normal:-0.097,0.036,-0.995
NumPatches:241
0.077, 0.050, 0.807
0.070, 0.057, 0.809
0.063, 0.057, 0.809
0.056, 0.057, 0.811
0.049, 0.050, 0.810
0.042, 0.050, 0.811
0.035, 0.050, 0.812
0.028, 0.050, 0.812
0.021, 0.050, 0.813
0.014, 0.050, 0.813
0.006, 0.050, 0.813
-0.001, 0.050, 0.813
-0.008, 0.050, 0.814
-0.015, 0.050, 0.816
-0.022, 0.050, 0.817
-0.029, 0.043, 0.818
-0.036, 0.043, 0.819
-0.043, 0.043, 0.818
-0.050, 0.043, 0.819
-0.058, 0.043, 0.820
-0.065, 0.043, 0.820
-0.072, 0.036, 0.820
-0.079, 0.029, 0.821
-0.079, 0.036, 0.821
-0.072, 0.043, 0.820
-0.079, 0.022, 0.820
-0.079, 0.015, 0.821
-0.079, 0.008, 0.822
-0.079, 0.001, 0.822
-0.079, -0.007, 0.822
-0.079, -0.014, 0.821
-0.079, -0.021, 0.821
-0.079, -0.028, 0.819
-0.079, -0.035, 0.819
-0.072, -0.042, 0.819
-0.079, -0.042, 0.819
-0.072, -0.049, 0.818
-0.072, -0.056, 0.817
-0.072, -0.063, 0.816
-0.072, -0.070, 0.817
-0.072, -0.078, 0.817
-0.072, -0.085, 0.817
-0.072, -0.092, 0.817
-0.072, -0.099, 0.816
-0.071, -0.106, 0.815
-0.064, -0.113, 0.814
-0.071, -0.113, 0.815
-0.064, -0.120, 0.815
-0.064, -0.127, 0.814
-0.064, -0.134, 0.813
-0.064, -0.141, 0.814
-0.064, -0.148, 0.815
-0.064, -0.155, 0.815
-0.064, -0.162, 0.814
-0.064, -0.169, 0.813
-0.064, -0.176, 0.813
-0.057, -0.183, 0.813
-0.064, -0.183, 0.813
-0.057, -0.190, 0.812
-0.057, -0.197, 0.812
-0.057, -0.204, 0.811
-0.057, -0.211, 0.811
-0.057, -0.218, 0.811
-0.057, -0.225, 0.810
-0.057, -0.232, 0.810
-0.057, -0.239, 0.809
-0.057, -0.246, 0.809
-0.057, -0.253, 0.810
-0.050, -0.260, 0.809
-0.057, -0.260, 0.809
-0.050, -0.267, 0.809
-0.050, -0.274, 0.809
-0.050, -0.281, 0.808
-0.050, -0.288, 0.809
-0.050, -0.294, 0.807
-0.050, -0.301, 0.806
-0.050, -0.309, 0.808
-0.043, -0.316, 0.808
-0.050, -0.316, 0.809
-0.036, -0.315, 0.807
-0.029, -0.315, 0.805
-0.022, -0.314, 0.804
-0.015, -0.314, 0.804
-0.008, -0.314, 0.802
-0.001, -0.313, 0.802
0.006, -0.313, 0.802
0.013, -0.313, 0.801
0.020, -0.313, 0.801
0.027, -0.313, 0.800
0.034, -0.313, 0.800
0.041, -0.312, 0.799
0.048, -0.312, 0.798
0.055, -0.311, 0.797
0.062, -0.311, 0.797
0.069, -0.305, 0.797
0.076, -0.305, 0.797
0.069, -0.311, 0.797
0.083, -0.297, 0.797
0.089, -0.297, 0.796
0.082, -0.304, 0.796
0.096, -0.297, 0.795
0.103, -0.303, 0.793
0.096, -0.303, 0.792
0.110, -0.296, 0.793
0.117, -0.296, 0.793
0.110, -0.303, 0.793
0.124, -0.296, 0.794
0.130, -0.296, 0.793
0.137, -0.295, 0.790
0.143, -0.294, 0.788
0.150, -0.301, 0.788
0.143, -0.301, 0.788
0.157, -0.301, 0.787
0.164, -0.300, 0.786
0.170, -0.300, 0.786
0.177, -0.300, 0.785
0.183, -0.299, 0.783
0.190, -0.299, 0.782
0.197, -0.299, 0.782
0.203, -0.299, 0.782
0.210, -0.299, 0.782
0.217, -0.298, 0.781
0.223, -0.298, 0.780
0.230, -0.291, 0.779
0.237, -0.291, 0.780
0.230, -0.298, 0.780
0.244, -0.291, 0.780
0.250, -0.290, 0.778
0.256, -0.290, 0.777
0.263, -0.290, 0.777
0.269, -0.290, 0.776
0.276, -0.290, 0.776
0.282, -0.289, 0.774
0.289, -0.289, 0.773
0.295, -0.282, 0.773
0.302, -0.275, 0.773
0.302, -0.268, 0.773
0.302, -0.262, 0.773
0.302, -0.255, 0.774
0.303, -0.249, 0.775
0.303, -0.242, 0.775
0.296, -0.235, 0.774
0.296, -0.229, 0.774
0.296, -0.222, 0.775
0.296, -0.215, 0.775
0.296, -0.209, 0.776
0.296, -0.202, 0.776
0.296, -0.195, 0.775
0.296, -0.188, 0.776
0.290, -0.182, 0.776
0.290, -0.175, 0.777
0.290, -0.169, 0.778
0.291, -0.162, 0.779
0.291, -0.155, 0.779
0.291, -0.149, 0.780
0.291, -0.142, 0.779
0.291, -0.135, 0.779
0.285, -0.128, 0.781
0.285, -0.122, 0.781
0.285, -0.115, 0.781
0.285, -0.108, 0.781
0.285, -0.101, 0.782
0.285, -0.095, 0.783
0.285, -0.088, 0.783
0.285, -0.081, 0.783
0.285, -0.074, 0.783
0.279, -0.068, 0.783
0.279, -0.061, 0.784
0.279, -0.054, 0.784
0.279, -0.047, 0.785
0.279, -0.040, 0.785
0.279, -0.034, 0.785
0.279, -0.027, 0.784
0.279, -0.020, 0.785
0.273, -0.013, 0.787
0.273, -0.006, 0.787
0.273, 0.001, 0.788
0.274, 0.007, 0.789
0.274, 0.014, 0.789
0.274, 0.021, 0.789
0.274, 0.028, 0.789
0.274, 0.035, 0.789
0.274, 0.042, 0.789
0.274, 0.049, 0.790
0.267, 0.056, 0.790
0.267, 0.062, 0.790
0.268, 0.069, 0.791
0.261, 0.076, 0.792
0.254, 0.076, 0.792
0.247, 0.076, 0.792
0.241, 0.077, 0.794
0.234, 0.070, 0.794
0.228, 0.070, 0.795
0.221, 0.070, 0.795
0.214, 0.070, 0.796
0.207, 0.070, 0.796
0.200, 0.070, 0.797
0.194, 0.070, 0.797
0.187, 0.070, 0.798
0.180, 0.070, 0.799
0.173, 0.063, 0.799
0.166, 0.063, 0.800
0.159, 0.063, 0.800
0.153, 0.063, 0.801
0.146, 0.063, 0.801
0.139, 0.063, 0.803
0.132, 0.064, 0.805
0.126, 0.064, 0.806
0.118, 0.057, 0.805
0.112, 0.057, 0.807
0.105, 0.050, 0.807
0.105, 0.057, 0.809
0.104, 0.043, 0.806
0.104, 0.036, 0.806
0.104, 0.029, 0.805
0.104, 0.022, 0.805
0.098, 0.015, 0.808
0.091, 0.015, 0.806
0.083, 0.015, 0.805
0.076, 0.015, 0.806
0.076, 0.022, 0.805
0.076, 0.029, 0.805
0.076, 0.036, 0.806
0.076, 0.043, 0.806
0.084, 0.050, 0.807
0.077, 0.057, 0.808
0.104, 0.015, 0.805
0.119, 0.064, 0.807
0.173, 0.070, 0.800
0.235, 0.077, 0.796
0.268, 0.076, 0.792
0.274, 0.056, 0.790
0.280, -0.013, 0.786
0.285, -0.068, 0.783
0.291, -0.128, 0.780
0.297, -0.182, 0.777
0.303, -0.235, 0.775
0.302, -0.282, 0.772
0.295, -0.289, 0.773
-0.029, 0.050, 0.818
0.049, 0.057, 0.812
RegionID:1
Center:0.049,0.086,0.948
Normal:-0.053,-0.206,-0.977
NumPatches:2373
-0.248, -0.150, 1.017
-0.239, -0.158, 1.016
-0.249, -0.168, 1.020
-0.258, -0.168, 1.019
-0.267, -0.168, 1.019
-0.275, -0.167, 1.018
-0.285, -0.177, 1.020
-0.294, -0.186, 1.023
-0.286, -0.195, 1.024
-0.276, -0.186, 1.020
-0.278, -0.205, 1.030
-0.288, -0.215, 1.032
-0.298, -0.224, 1.034
-0.306, -0.233, 1.033
-0.316, -0.243, 1.036
-0.307, -0.242, 1.036
-0.297, -0.233, 1.034
-0.288, -0.233, 1.033
-0.298, -0.242, 1.035
-0.289, -0.242, 1.035
-0.298, -0.252, 1.037
-0.280, -0.233, 1.035
-0.271, -0.234, 1.037
-0.263, -0.243, 1.038
-0.272, -0.243, 1.039
-0.282, -0.253, 1.042
-0.263, -0.252, 1.038
-0.253, -0.252, 1.038
-0.244, -0.242, 1.034
-0.243, -0.233, 1.033
-0.243, -0.224, 1.032
-0.252, -0.215, 1.032
-0.261, -0.215, 1.032
-0.270, -0.215, 1.031
-0.279, -0.215, 1.032
-0.252, -0.206, 1.031
-0.242, -0.205, 1.026
-0.234, -0.214, 1.031
-0.243, -0.214, 1.031
-0.223, -0.204, 1.022
-0.214, -0.195, 1.022
-0.205, -0.186, 1.021
-0.205, -0.195, 1.022
-0.214, -0.204, 1.023
-0.205, -0.204, 1.022
-0.214, -0.213, 1.024
-0.206, -0.213, 1.025
-0.197, -0.223, 1.028
-0.207, -0.233, 1.033
-0.217, -0.242, 1.035
-0.226, -0.252, 1.036
-0.235, -0.261, 1.036
-0.244, -0.261, 1.038
-0.254, -0.261, 1.039
-0.244, -0.252, 1.036
-0.235, -0.251, 1.035
-0.225, -0.242, 1.033
-0.226, -0.261, 1.036
-0.217, -0.261, 1.037
-0.208, -0.251, 1.035
-0.207, -0.242, 1.033
-0.198, -0.232, 1.030
-0.207, -0.223, 1.030
-0.188, -0.232, 1.027
-0.180, -0.242, 1.032
-0.190, -0.251, 1.034
-0.199, -0.251, 1.034
-0.208, -0.261, 1.036
-0.217, -0.270, 1.037
-0.228, -0.281, 1.044
-0.237, -0.290, 1.046
-0.238, -0.300, 1.047
-0.246, -0.309, 1.046
-0.238, -0.319, 1.049
-0.229, -0.310, 1.049
-0.220, -0.310, 1.049
-0.229, -0.319, 1.050
-0.220, -0.319, 1.052
-0.230, -0.329, 1.054
-0.221, -0.329, 1.054
-0.211, -0.319, 1.051
-0.211, -0.309, 1.049
-0.210, -0.300, 1.047
-0.210, -0.290, 1.044
-0.218, -0.280, 1.040
-0.209, -0.280, 1.040
-0.201, -0.300, 1.046
-0.192, -0.299, 1.045
-0.201, -0.309, 1.047
-0.192, -0.309, 1.046
-0.182, -0.299, 1.043
-0.172, -0.288, 1.036
-0.172, -0.279, 1.036
-0.172, -0.269, 1.034
-0.180, -0.260, 1.032
-0.180, -0.251, 1.033
-0.189, -0.241, 1.031
-0.171, -0.251, 1.032
-0.162, -0.241, 1.031
-0.153, -0.241, 1.031
-0.162, -0.250, 1.031
-0.171, -0.260, 1.033
-0.153, -0.250, 1.030
-0.153, -0.260, 1.032
-0.145, -0.269, 1.034
-0.154, -0.279, 1.036
-0.163, -0.287, 1.035
-0.173, -0.298, 1.040
-0.183, -0.308, 1.045
-0.173, -0.308, 1.044
-0.164, -0.308, 1.043
-0.174, -0.318, 1.047
-0.183, -0.327, 1.047
-0.164, -0.317, 1.044
-0.155, -0.326, 1.043
-0.164, -0.327, 1.046
-0.146, -0.326, 1.043
-0.137, -0.327, 1.045
-0.128, -0.316, 1.041
-0.119, -0.308, 1.042
-0.118, -0.298, 1.039
-0.118, -0.288, 1.038
-0.128, -0.337, 1.048
-0.154, -0.288, 1.036
-0.145, -0.278, 1.035
-0.154, -0.269, 1.035
-0.136, -0.278, 1.033
-0.136, -0.288, 1.037
-0.212, -0.338, 1.054
-0.221, -0.348, 1.054
-0.221, -0.338, 1.054
-0.203, -0.348, 1.055
-0.193, -0.348, 1.054
-0.306, -0.215, 1.034
-0.297, -0.215, 1.033
-0.249, -0.177, 1.020
-0.250, -0.186, 1.022
-0.229, -0.149, 1.011
-0.220, -0.140, 1.010
-0.212, -0.140, 1.010
-0.221, -0.149, 1.011
-0.230, -0.158, 1.014
-0.221, -0.158, 1.012
-0.212, -0.149, 1.012
-0.202, -0.140, 1.008
-0.194, -0.149, 1.010
-0.203, -0.158, 1.011
-0.203, -0.149, 1.011
-0.195, -0.158, 1.013
-0.185, -0.148, 1.008
-0.184, -0.139, 1.005
-0.175, -0.130, 1.004
-0.166, -0.130, 1.003
-0.175, -0.139, 1.004
-0.167, -0.139, 1.005
-0.176, -0.148, 1.007
-0.168, -0.149, 1.010
-0.176, -0.157, 1.010
-0.177, -0.167, 1.013
-0.168, -0.175, 1.012
-0.177, -0.176, 1.013
-0.159, -0.167, 1.013
-0.159, -0.158, 1.013
-0.159, -0.149, 1.013
-0.150, -0.158, 1.011
-0.141, -0.148, 1.006
-0.140, -0.139, 1.004
-0.149, -0.130, 1.004
-0.149, -0.121, 1.000
-0.158, -0.113, 1.003
-0.148, -0.103, 0.998
-0.157, -0.095, 0.997
-0.166, -0.095, 0.998
-0.174, -0.086, 0.994
-0.182, -0.094, 0.994
-0.192, -0.103, 0.998
-0.201, -0.104, 1.001
-0.210, -0.113, 1.004
-0.219, -0.113, 1.004
-0.219, -0.104, 1.003
-0.218, -0.095, 1.000
-0.226, -0.086, 0.996
-0.226, -0.077, 0.996
-0.235, -0.069, 0.998
-0.244, -0.069, 0.997
-0.253, -0.069, 0.999
-0.262, -0.078, 1.000
-0.270, -0.077, 0.998
-0.278, -0.077, 0.997
-0.287, -0.077, 0.998
-0.297, -0.078, 1.001
-0.306, -0.078, 1.003
-0.315, -0.078, 1.003
-0.324, -0.078, 1.003
-0.334, -0.087, 1.008
-0.343, -0.087, 1.009
-0.351, -0.087, 1.007
-0.360, -0.096, 1.008
-0.371, -0.105, 1.015
-0.381, -0.114, 1.016
-0.372, -0.114, 1.017
-0.381, -0.123, 1.017
-0.391, -0.132, 1.019
-0.400, -0.141, 1.021
-0.410, -0.142, 1.023
-0.418, -0.133, 1.021
-0.429, -0.142, 1.025
-0.437, -0.133, 1.024
-0.436, -0.124, 1.021
-0.435, -0.115, 1.020
-0.434, -0.105, 1.017
-0.423, -0.096, 1.011
-0.414, -0.087, 1.012
-0.406, -0.087, 1.012
-0.415, -0.096, 1.013
-0.424, -0.105, 1.014
-0.415, -0.105, 1.014
-0.407, -0.114, 1.015
-0.415, -0.114, 1.014
-0.408, -0.123, 1.017
-0.400, -0.132, 1.020
-0.409, -0.132, 1.021
-0.396, -0.078, 1.010
-0.395, -0.069, 1.008
-0.394, -0.061, 1.006
-0.393, -0.052, 1.001
-0.400, -0.043, 0.998
-0.400, -0.034, 0.998
-0.390, -0.034, 0.995
-0.380, -0.025, 0.992
-0.379, -0.017, 0.989
-0.372, -0.025, 0.992
-0.381, -0.034, 0.993
-0.391, -0.043, 0.997
-0.381, -0.043, 0.995
-0.372, -0.034, 0.993
-0.364, -0.034, 0.994
-0.356, -0.043, 0.996
-0.365, -0.043, 0.996
-0.348, -0.043, 0.997
-0.385, -0.069, 1.005
-0.376, -0.078, 1.004
-0.386, -0.078, 1.007
-0.396, -0.087, 1.011
-0.368, -0.078, 1.005
-0.359, -0.078, 1.005
-0.350, -0.078, 1.005
-0.360, -0.087, 1.007
-0.340, -0.069, 0.999
-0.332, -0.060, 1.001
-0.323, -0.060, 1.000
-0.332, -0.069, 1.003
-0.341, -0.078, 1.003
-0.333, -0.078, 1.004
-0.313, -0.051, 0.997
-0.304, -0.051, 0.997
-0.313, -0.060, 0.999
-0.305, -0.069, 1.000
-0.314, -0.069, 1.000
-0.296, -0.069, 0.997
-0.428, -0.133, 1.023
-0.391, -0.150, 1.019
-0.402, -0.160, 1.024
-0.412, -0.160, 1.028
-0.422, -0.170, 1.031
-0.432, -0.179, 1.033
-0.432, -0.170, 1.033
-0.421, -0.160, 1.028
-0.423, -0.179, 1.032
-0.414, -0.179, 1.032
-0.404, -0.169, 1.029
-0.394, -0.169, 1.028
-0.405, -0.179, 1.032
-0.396, -0.179, 1.032
-0.404, -0.188, 1.032
-0.405, -0.197, 1.034
-0.384, -0.160, 1.024
-0.382, -0.150, 1.020
-0.382, -0.141, 1.019
-0.382, -0.132, 1.019
-0.373, -0.141, 1.019
-0.364, -0.141, 1.020
-0.354, -0.141, 1.017
-0.365, -0.150, 1.021
-0.375, -0.160, 1.025
-0.365, -0.159, 1.022
-0.355, -0.150, 1.020
-0.345, -0.140, 1.014
-0.335, -0.131, 1.012
-0.327, -0.141, 1.015
-0.337, -0.150, 1.019
-0.348, -0.159, 1.023
-0.319, -0.141, 1.016
-0.361, -0.105, 1.011
-0.278, -0.069, 0.997
-0.278, -0.060, 0.995
-0.286, -0.051, 0.993
-0.286, -0.043, 0.994
-0.285, -0.034, 0.991
-0.277, -0.043, 0.994
-0.268, -0.042, 0.993
-0.277, -0.051, 0.994
-0.269, -0.060, 0.996
-0.261, -0.060, 0.996
-0.270, -0.069, 0.997
-0.252, -0.060, 0.996
-0.242, -0.051, 0.992
-0.251, -0.042, 0.990
-0.259, -0.042, 0.991
-0.241, -0.034, 0.987
-0.249, -0.025, 0.985
-0.257, -0.016, 0.984
-0.267, -0.016, 0.986
-0.275, -0.008, 0.985
-0.284, -0.016, 0.988
-0.266, -0.008, 0.983
-0.256, -0.008, 0.980
-0.248, 0.001, 0.979
-0.247, 0.009, 0.978
-0.256, 0.018, 0.980
-0.247, 0.026, 0.976
-0.254, 0.035, 0.973
-0.254, 0.043, 0.970
-0.245, 0.051, 0.969
-0.253, 0.060, 0.969
-0.262, 0.060, 0.969
-0.271, 0.060, 0.971
-0.279, 0.060, 0.971
-0.288, 0.051, 0.973
-0.298, 0.043, 0.976
-0.306, 0.043, 0.975
-0.314, 0.043, 0.974
-0.323, 0.052, 0.975
-0.333, 0.043, 0.979
-0.342, 0.035, 0.981
-0.334, 0.026, 0.983
-0.325, 0.018, 0.982
-0.335, 0.009, 0.985
-0.344, 0.001, 0.986
-0.353, 0.001, 0.988
-0.362, 0.001, 0.989
-0.352, 0.009, 0.985
-0.343, 0.009, 0.984
-0.334, 0.018, 0.984
-0.335, 0.001, 0.987
-0.327, 0.001, 0.987
-0.318, 0.001, 0.987
-0.309, 0.001, 0.985
-0.300, 0.001, 0.984
-0.309, -0.008, 0.984
-0.318, -0.016, 0.985
-0.329, -0.025, 0.992
-0.329, -0.034, 0.993
-0.309, -0.016, 0.984
-0.300, -0.016, 0.984
-0.292, 0.009, 0.984
-0.299, 0.018, 0.981
-0.308, 0.018, 0.982
-0.317, 0.018, 0.982
-0.316, 0.026, 0.981
-0.298, 0.026, 0.978
-0.290, 0.035, 0.977
-0.289, 0.043, 0.975
-0.280, 0.043, 0.974
-0.292, 0.018, 0.984
-0.292, 0.001, 0.984
-0.342, 0.052, 0.980
-0.348, 0.060, 0.975
-0.356, 0.060, 0.972
-0.355, 0.068, 0.970
-0.346, 0.077, 0.969
-0.355, 0.085, 0.969
-0.364, 0.085, 0.971
-0.371, 0.093, 0.969
-0.380, 0.085, 0.970
-0.390, 0.077, 0.973
-0.401, 0.069, 0.978
-0.391, 0.069, 0.977
-0.401, 0.060, 0.979
-0.392, 0.060, 0.979
-0.381, 0.077, 0.972
-0.380, 0.093, 0.969
-0.379, 0.102, 0.967
-0.388, 0.110, 0.967
-0.397, 0.102, 0.970
-0.405, 0.102, 0.968
-0.413, 0.102, 0.968
-0.423, 0.094, 0.971
-0.433, 0.086, 0.976
-0.432, 0.094, 0.972
-0.440, 0.102, 0.971
-0.448, 0.102, 0.971
-0.431, 0.110, 0.970
-0.423, 0.110, 0.970
-0.431, 0.102, 0.970
-0.422, 0.102, 0.970
-0.413, 0.110, 0.969
-0.404, 0.118, 0.967
-0.394, 0.126, 0.963
-0.394, 0.134, 0.961
-0.401, 0.143, 0.960
-0.410, 0.143, 0.960
-0.419, 0.143, 0.962
-0.428, 0.143, 0.964
-0.437, 0.143, 0.965
-0.435, 0.151, 0.961
-0.426, 0.159, 0.959
-0.426, 0.168, 0.959
-0.425, 0.175, 0.956
-0.424, 0.183, 0.954
-0.431, 0.191, 0.952
-0.440, 0.191, 0.953
-0.448, 0.191, 0.953
-0.456, 0.199, 0.951
-0.464, 0.199, 0.951
-0.471, 0.199, 0.949
-0.480, 0.199, 0.951
-0.490, 0.191, 0.953
-0.497, 0.199, 0.952
-0.506, 0.208, 0.953
-0.517, 0.200, 0.957
-0.514, 0.216, 0.951
-0.522, 0.216, 0.952
-0.532, 0.208, 0.955
-0.542, 0.201, 0.958
-0.541, 0.209, 0.956
-0.550, 0.217, 0.958
-0.540, 0.216, 0.954
-0.529, 0.224, 0.949
-0.529, 0.232, 0.949
-0.520, 0.231, 0.947
-0.512, 0.232, 0.948
-0.521, 0.224, 0.949
-0.513, 0.224, 0.950
-0.506, 0.224, 0.953
-0.498, 0.216, 0.953
-0.489, 0.216, 0.952
-0.498, 0.208, 0.952
-0.489, 0.199, 0.952
-0.481, 0.208, 0.952
-0.481, 0.216, 0.952
-0.473, 0.216, 0.952
-0.463, 0.223, 0.949
-0.470, 0.231, 0.947
-0.460, 0.239, 0.944
-0.467, 0.246, 0.941
-0.474, 0.254, 0.939
-0.466, 0.254, 0.939
-0.459, 0.247, 0.942
-0.451, 0.247, 0.942
-0.445, 0.239, 0.946
-0.453, 0.239, 0.946
-0.461, 0.231, 0.946
-0.454, 0.224, 0.949
-0.446, 0.231, 0.948
-0.437, 0.231, 0.947
-0.446, 0.224, 0.949
-0.455, 0.216, 0.950
-0.464, 0.208, 0.952
-0.455, 0.207, 0.951
-0.447, 0.216, 0.951
-0.448, 0.199, 0.952
-0.440, 0.200, 0.953
-0.431, 0.199, 0.952
-0.422, 0.199, 0.951
-0.415, 0.191, 0.954
-0.423, 0.191, 0.953
-0.416, 0.183, 0.955
-0.428, 0.239, 0.945
-0.416, 0.245, 0.936
-0.534, 0.201, 0.958
-0.535, 0.193, 0.959
-0.545, 0.185, 0.963
-0.555, 0.177, 0.965
-0.563, 0.185, 0.966
-0.573, 0.178, 0.968
-0.581, 0.169, 0.967
-0.592, 0.161, 0.971
-0.590, 0.169, 0.969
-0.600, 0.178, 0.971
-0.610, 0.170, 0.973
-0.618, 0.170, 0.973
-0.617, 0.178, 0.971
-0.589, 0.177, 0.967
-0.580, 0.185, 0.965
-0.572, 0.186, 0.966
-0.581, 0.177, 0.967
-0.562, 0.193, 0.964
-0.554, 0.185, 0.965
-0.582, 0.161, 0.968
-0.594, 0.153, 0.974
-0.545, 0.168, 0.963
-0.554, 0.168, 0.964
-0.546, 0.160, 0.965
-0.537, 0.168, 0.963
-0.537, 0.177, 0.963
-0.535, 0.185, 0.961
-0.528, 0.168, 0.963
-0.537, 0.160, 0.963
-0.547, 0.152, 0.967
-0.539, 0.144, 0.968
-0.547, 0.144, 0.967
-0.558, 0.136, 0.970
-0.552, 0.128, 0.975
-0.562, 0.120, 0.977
-0.572, 0.112, 0.981
-0.583, 0.103, 0.984
-0.593, 0.095, 0.987
-0.602, 0.095, 0.988
-0.601, 0.104, 0.986
-0.592, 0.104, 0.985
-0.594, 0.087, 0.989
-0.584, 0.087, 0.987
-0.573, 0.095, 0.983
-0.572, 0.103, 0.981
-0.564, 0.095, 0.982
-0.574, 0.086, 0.984
-0.585, 0.078, 0.988
-0.575, 0.078, 0.985
-0.585, 0.070, 0.989
-0.596, 0.061, 0.993
-0.587, 0.061, 0.991
-0.598, 0.053, 0.995
-0.591, 0.044, 0.997
-0.599, 0.044, 0.997
-0.590, 0.035, 0.997
-0.582, 0.044, 0.998
-0.580, 0.053, 0.994
-0.577, 0.061, 0.989
-0.566, 0.069, 0.986
-0.560, 0.061, 0.990
-0.571, 0.053, 0.994
-0.562, 0.053, 0.994
-0.553, 0.052, 0.992
-0.564, 0.044, 0.997
-0.554, 0.044, 0.994
-0.543, 0.052, 0.989
-0.544, 0.044, 0.991
-0.553, 0.035, 0.993
-0.535, 0.035, 0.992
-0.527, 0.035, 0.993
-0.536, 0.027, 0.993
-0.545, 0.018, 0.993
-0.528, 0.027, 0.994
-0.555, 0.095, 0.980
-0.544, 0.103, 0.977
-0.544, 0.111, 0.976
-0.553, 0.120, 0.977
-0.543, 0.128, 0.975
-0.541, 0.136, 0.972
-0.544, 0.120, 0.977
-0.545, 0.094, 0.978
-0.571, 0.120, 0.979
-0.528, 0.160, 0.963
-0.417, 0.167, 0.958
-0.408, 0.159, 0.957
-0.418, 0.151, 0.960
-0.417, 0.159, 0.957
-0.399, 0.167, 0.954
-0.399, 0.175, 0.953
-0.391, 0.183, 0.955
-0.388, 0.190, 0.947
-0.388, 0.198, 0.948
-0.388, 0.207, 0.947
-0.379, 0.198, 0.945
-0.370, 0.206, 0.943
-0.362, 0.214, 0.943
-0.370, 0.222, 0.943
-0.360, 0.230, 0.940
-0.353, 0.222, 0.942
-0.361, 0.222, 0.943
-0.353, 0.214, 0.941
-0.362, 0.206, 0.944
-0.370, 0.198, 0.944
-0.379, 0.190, 0.946
-0.371, 0.182, 0.947
-0.381, 0.174, 0.950
-0.363, 0.190, 0.947
-0.363, 0.198, 0.946
-0.353, 0.206, 0.943
-0.354, 0.198, 0.945
-0.346, 0.190, 0.945
-0.355, 0.190, 0.947
-0.363, 0.182, 0.948
-0.364, 0.174, 0.949
-0.346, 0.182, 0.946
-0.338, 0.190, 0.946
-0.337, 0.198, 0.943
-0.330, 0.190, 0.946
-0.338, 0.182, 0.947
-0.330, 0.182, 0.947
-0.340, 0.174, 0.951
-0.331, 0.174, 0.950
-0.324, 0.166, 0.952
-0.332, 0.166, 0.953
-0.315, 0.166, 0.951
-0.306, 0.166, 0.950
-0.316, 0.158, 0.953
-0.307, 0.158, 0.953
-0.317, 0.150, 0.956
-0.308, 0.150, 0.956
-0.299, 0.158, 0.954
-0.290, 0.166, 0.950
-0.297, 0.174, 0.947
-0.296, 0.181, 0.945
-0.296, 0.189, 0.943
-0.287, 0.197, 0.940
-0.295, 0.205, 0.939
-0.302, 0.212, 0.936
-0.310, 0.220, 0.935
-0.318, 0.221, 0.936
-0.327, 0.229, 0.937
-0.336, 0.222, 0.940
-0.344, 0.229, 0.939
-0.317, 0.236, 0.932
-0.325, 0.244, 0.933
-0.325, 0.252, 0.932
-0.332, 0.260, 0.930
-0.331, 0.267, 0.928
-0.340, 0.275, 0.928
-0.347, 0.283, 0.927
-0.356, 0.291, 0.928
-0.365, 0.284, 0.931
-0.373, 0.292, 0.932
-0.382, 0.285, 0.934
-0.389, 0.276, 0.931
-0.380, 0.300, 0.929
-0.388, 0.300, 0.929
-0.397, 0.300, 0.930
-0.405, 0.292, 0.931
-0.405, 0.284, 0.931
-0.380, 0.307, 0.927
-0.388, 0.315, 0.927
-0.379, 0.315, 0.925
-0.371, 0.307, 0.925
-0.363, 0.306, 0.925
-0.363, 0.299, 0.926
-0.347, 0.291, 0.927
-0.339, 0.291, 0.926
-0.339, 0.283, 0.926
-0.331, 0.275, 0.927
-0.322, 0.282, 0.924
-0.316, 0.252, 0.931
-0.308, 0.251, 0.930
-0.299, 0.259, 0.928
-0.292, 0.259, 0.930
-0.300, 0.252, 0.931
-0.309, 0.244, 0.932
-0.309, 0.236, 0.932
-0.317, 0.228, 0.934
-0.284, 0.260, 0.930
-0.275, 0.267, 0.927
-0.282, 0.274, 0.925
-0.274, 0.282, 0.924
-0.273, 0.289, 0.922
-0.280, 0.296, 0.919
-0.288, 0.305, 0.919
-0.298, 0.298, 0.923
-0.305, 0.305, 0.921
-0.314, 0.314, 0.923
-0.322, 0.306, 0.923
-0.304, 0.320, 0.918
-0.311, 0.327, 0.915
-0.303, 0.335, 0.916
-0.311, 0.343, 0.916
-0.319, 0.351, 0.916
-0.310, 0.357, 0.911
-0.302, 0.357, 0.911
-0.293, 0.364, 0.909
-0.302, 0.373, 0.911
-0.310, 0.373, 0.911
-0.309, 0.381, 0.910
-0.308, 0.387, 0.907
-0.315, 0.394, 0.904
-0.322, 0.401, 0.902
-0.331, 0.394, 0.904
-0.336, 0.399, 0.898
-0.314, 0.408, 0.900
-0.305, 0.415, 0.898
-0.313, 0.422, 0.897
-0.307, 0.394, 0.905
-0.298, 0.400, 0.901
-0.290, 0.407, 0.899
-0.290, 0.400, 0.900
-0.300, 0.394, 0.904
-0.292, 0.387, 0.906
-0.301, 0.381, 0.910
-0.301, 0.387, 0.907
-0.285, 0.364, 0.909
-0.277, 0.364, 0.909
-0.286, 0.357, 0.912
-0.295, 0.350, 0.914
-0.303, 0.343, 0.915
-0.302, 0.350, 0.912
-0.295, 0.343, 0.916
-0.287, 0.350, 0.914
-0.278, 0.357, 0.911
-0.270, 0.365, 0.910
-0.269, 0.372, 0.907
-0.261, 0.379, 0.906
-0.252, 0.369, 0.902
-0.261, 0.371, 0.906
-0.252, 0.363, 0.905
-0.245, 0.363, 0.905
-0.278, 0.350, 0.913
-0.287, 0.343, 0.916
-0.279, 0.343, 0.915
-0.271, 0.342, 0.913
-0.279, 0.335, 0.915
-0.271, 0.334, 0.913
-0.263, 0.342, 0.913
-0.255, 0.350, 0.913
-0.297, 0.313, 0.920
-0.305, 0.313, 0.920
-0.297, 0.305, 0.920
-0.288, 0.312, 0.918
-0.280, 0.304, 0.919
-0.272, 0.297, 0.919
-0.265, 0.297, 0.920
-0.256, 0.296, 0.918
-0.247, 0.303, 0.914
-0.240, 0.296, 0.918
-0.232, 0.296, 0.919
-0.241, 0.289, 0.922
-0.234, 0.282, 0.925
-0.225, 0.289, 0.921
-0.224, 0.296, 0.918
-0.223, 0.303, 0.914
-0.223, 0.310, 0.912
-0.215, 0.303, 0.914
-0.207, 0.310, 0.913
-0.207, 0.318, 0.912
-0.214, 0.325, 0.909
-0.206, 0.325, 0.909
-0.199, 0.325, 0.910
-0.191, 0.333, 0.910
-0.191, 0.318, 0.912
-0.199, 0.318, 0.912
-0.183, 0.318, 0.912
-0.175, 0.317, 0.910
-0.167, 0.325, 0.908
-0.167, 0.317, 0.910
-0.175, 0.310, 0.911
-0.183, 0.303, 0.914
-0.176, 0.303, 0.915
-0.184, 0.295, 0.916
-0.192, 0.288, 0.917
-0.200, 0.280, 0.918
-0.209, 0.273, 0.922
-0.217, 0.281, 0.921
-0.225, 0.282, 0.923
-0.208, 0.280, 0.919
-0.210, 0.266, 0.925
-0.202, 0.259, 0.926
-0.210, 0.251, 0.927
-0.218, 0.251, 0.927
-0.227, 0.243, 0.928
-0.235, 0.235, 0.930
-0.235, 0.244, 0.931
-0.243, 0.252, 0.931
-0.251, 0.251, 0.930
-0.260, 0.252, 0.930
-0.268, 0.244, 0.933
-0.277, 0.244, 0.933
-0.285, 0.236, 0.934
-0.285, 0.244, 0.933
-0.277, 0.229, 0.936
-0.286, 0.221, 0.938
-0.294, 0.213, 0.938
-0.302, 0.221, 0.936
-0.286, 0.213, 0.938
-0.278, 0.213, 0.938
-0.287, 0.205, 0.939
-0.269, 0.220, 0.934
-0.262, 0.213, 0.938
-0.254, 0.205, 0.938
-0.262, 0.197, 0.940
-0.271, 0.189, 0.943
-0.279, 0.189, 0.942
-0.287, 0.189, 0.942
-0.271, 0.197, 0.942
-0.262, 0.205, 0.938
-0.245, 0.205, 0.938
-0.237, 0.212, 0.935
-0.245, 0.220, 0.935
-0.236, 0.220, 0.933
-0.227, 0.227, 0.931
-0.227, 0.235, 0.929
-0.218, 0.235, 0.928
-0.210, 0.243, 0.927
-0.202, 0.251, 0.927
-0.194, 0.258, 0.926
-0.194, 0.266, 0.924
-0.185, 0.265, 0.921
-0.176, 0.272, 0.917
-0.176, 0.280, 0.918
-0.184, 0.288, 0.917
-0.192, 0.280, 0.918
-0.176, 0.288, 0.918
-0.168, 0.296, 0.917
-0.168, 0.288, 0.918
-0.168, 0.280, 0.918
-0.177, 0.258, 0.923
-0.185, 0.258, 0.924
-0.178, 0.250, 0.925
-0.186, 0.243, 0.927
-0.178, 0.242, 0.925
-0.187, 0.235, 0.929
-0.195, 0.228, 0.932
-0.204, 0.228, 0.933
-0.212, 0.220, 0.935
-0.220, 0.220, 0.934
-0.228, 0.220, 0.933
-0.219, 0.227, 0.930
-0.212, 0.212, 0.935
-0.204, 0.204, 0.934
-0.212, 0.204, 0.936
-0.204, 0.196, 0.937
-0.196, 0.196, 0.938
-0.188, 0.204, 0.936
-0.195, 0.212, 0.932
-0.195, 0.220, 0.932
-0.187, 0.227, 0.931
-0.178, 0.227, 0.929
-0.170, 0.234, 0.926
-0.162, 0.234, 0.926
-0.170, 0.227, 0.928
-0.162, 0.226, 0.927
-0.162, 0.219, 0.930
-0.171, 0.212, 0.935
-0.180, 0.204, 0.935
-0.188, 0.196, 0.938
-0.180, 0.188, 0.937
-0.188, 0.188, 0.939
-0.180, 0.181, 0.940
-0.172, 0.180, 0.939
-0.164, 0.188, 0.938
-0.171, 0.196, 0.934
-0.171, 0.204, 0.935
-0.163, 0.212, 0.934
-0.155, 0.204, 0.935
-0.163, 0.196, 0.936
-0.155, 0.196, 0.936
-0.156, 0.188, 0.937
-0.164, 0.180, 0.939
-0.156, 0.180, 0.939
-0.148, 0.173, 0.942
-0.156, 0.173, 0.941
-0.140, 0.173, 0.942
-0.132, 0.173, 0.941
-0.123, 0.164, 0.940
-0.132, 0.164, 0.941
-0.115, 0.172, 0.940
-0.107, 0.172, 0.938
-0.115, 0.164, 0.940
-0.098, 0.172, 0.937
-0.090, 0.172, 0.937
-0.082, 0.172, 0.936
-0.074, 0.171, 0.935
-0.066, 0.172, 0.936
-0.058, 0.172, 0.937
-0.050, 0.172, 0.936
-0.041, 0.171, 0.934
-0.033, 0.171, 0.934
-0.025, 0.179, 0.932
-0.017, 0.179, 0.932
-0.025, 0.171, 0.933
-0.009, 0.179, 0.933
-0.001, 0.179, 0.932
0.007, 0.179, 0.931
0.016, 0.179, 0.931
0.024, 0.179, 0.931
0.032, 0.186, 0.928
0.040, 0.186, 0.927
0.032, 0.179, 0.930
0.048, 0.186, 0.927
0.056, 0.186, 0.926
0.064, 0.186, 0.926
0.072, 0.186, 0.926
0.080, 0.186, 0.925
0.088, 0.194, 0.924
0.088, 0.201, 0.923
0.087, 0.209, 0.921
0.087, 0.217, 0.919
0.087, 0.224, 0.917
0.087, 0.232, 0.915
0.087, 0.239, 0.914
0.087, 0.247, 0.913
0.087, 0.255, 0.913
0.087, 0.262, 0.912
0.086, 0.270, 0.909
0.086, 0.277, 0.907
0.086, 0.284, 0.905
0.086, 0.292, 0.904
0.086, 0.299, 0.902
0.085, 0.306, 0.900
0.077, 0.313, 0.898
0.077, 0.320, 0.896
0.077, 0.327, 0.894
0.077, 0.335, 0.894
0.077, 0.343, 0.894
0.077, 0.350, 0.892
0.077, 0.357, 0.890
0.077, 0.363, 0.887
0.076, 0.370, 0.884
0.084, 0.376, 0.881
0.076, 0.383, 0.879
0.076, 0.391, 0.880
0.076, 0.399, 0.880
0.076, 0.406, 0.879
0.084, 0.399, 0.880
0.084, 0.391, 0.881
0.084, 0.370, 0.885
0.084, 0.364, 0.888
0.085, 0.357, 0.890
0.085, 0.350, 0.892
0.085, 0.343, 0.894
0.085, 0.335, 0.894
0.085, 0.327, 0.894
0.085, 0.321, 0.897
0.093, 0.313, 0.898
0.085, 0.314, 0.899
0.093, 0.305, 0.898
0.093, 0.298, 0.899
0.094, 0.291, 0.903
0.094, 0.284, 0.906
0.094, 0.277, 0.907
0.094, 0.270, 0.909
0.094, 0.262, 0.911
0.094, 0.255, 0.912
0.095, 0.247, 0.913
0.095, 0.239, 0.914
0.095, 0.232, 0.916
0.095, 0.224, 0.917
0.103, 0.217, 0.919
0.095, 0.217, 0.919
0.103, 0.209, 0.920
0.111, 0.201, 0.921
0.103, 0.201, 0.921
0.119, 0.201, 0.921
0.127, 0.201, 0.921
0.135, 0.201, 0.920
0.143, 0.201, 0.920
0.151, 0.201, 0.920
0.159, 0.200, 0.919
0.167, 0.208, 0.918
0.175, 0.208, 0.917
0.167, 0.200, 0.918
0.183, 0.208, 0.916
0.190, 0.208, 0.915
0.198, 0.207, 0.914
0.206, 0.207, 0.914
0.214, 0.207, 0.913
0.221, 0.207, 0.912
0.230, 0.207, 0.914
0.237, 0.215, 0.912
0.245, 0.215, 0.913
0.238, 0.208, 0.915
0.253, 0.215, 0.912
0.261, 0.207, 0.912
0.254, 0.207, 0.914
0.268, 0.206, 0.910
0.276, 0.214, 0.908
0.284, 0.214, 0.909
0.276, 0.206, 0.910
0.284, 0.206, 0.909
0.292, 0.206, 0.908
0.285, 0.199, 0.912
0.293, 0.191, 0.914
0.286, 0.192, 0.914
0.300, 0.199, 0.910
0.308, 0.207, 0.911
0.300, 0.214, 0.909
0.299, 0.221, 0.906
0.307, 0.221, 0.906
0.314, 0.221, 0.905
0.308, 0.214, 0.909
0.322, 0.221, 0.905
0.329, 0.221, 0.903
0.337, 0.221, 0.903
0.330, 0.213, 0.905
0.323, 0.206, 0.909
0.331, 0.206, 0.908
0.324, 0.199, 0.910
0.332, 0.191, 0.910
0.324, 0.183, 0.912
0.317, 0.176, 0.914
0.325, 0.176, 0.914
0.318, 0.168, 0.916
0.318, 0.160, 0.916
0.318, 0.152, 0.916
0.326, 0.144, 0.916
0.318, 0.144, 0.918
0.328, 0.137, 0.921
0.321, 0.129, 0.923
0.313, 0.121, 0.926
0.306, 0.122, 0.927
0.298, 0.122, 0.928
0.290, 0.122, 0.929
0.282, 0.122, 0.930
0.274, 0.122, 0.928
0.266, 0.122, 0.928
0.258, 0.122, 0.929
0.250, 0.122, 0.929
0.242, 0.122, 0.929
0.233, 0.130, 0.926
0.225, 0.122, 0.929
0.218, 0.114, 0.931
0.210, 0.114, 0.931
0.202, 0.114, 0.933
0.194, 0.114, 0.934
0.186, 0.114, 0.933
0.185, 0.122, 0.931
0.185, 0.130, 0.928
0.177, 0.138, 0.928
0.169, 0.138, 0.928
0.161, 0.138, 0.930
0.153, 0.130, 0.932
0.146, 0.123, 0.935
0.154, 0.123, 0.934
0.146, 0.115, 0.936
0.138, 0.107, 0.939
0.130, 0.107, 0.939
0.121, 0.115, 0.937
0.113, 0.115, 0.938
0.106, 0.115, 0.940
0.098, 0.107, 0.942
0.089, 0.099, 0.942
0.081, 0.099, 0.942
0.073, 0.099, 0.945
0.065, 0.099, 0.945
0.057, 0.099, 0.944
0.049, 0.099, 0.944
0.040, 0.099, 0.945
0.032, 0.099, 0.947
0.024, 0.100, 0.948
0.016, 0.100, 0.948
0.008, 0.100, 0.947
-0.001, 0.100, 0.947
-0.009, 0.092, 0.949
-0.017, 0.092, 0.951
-0.026, 0.092, 0.952
-0.034, 0.092, 0.952
-0.042, 0.100, 0.950
-0.050, 0.108, 0.948
-0.059, 0.100, 0.950
-0.067, 0.092, 0.952
-0.075, 0.092, 0.952
-0.084, 0.084, 0.955
-0.092, 0.084, 0.956
-0.100, 0.084, 0.955
-0.109, 0.084, 0.954
-0.117, 0.084, 0.954
-0.126, 0.076, 0.958
-0.125, 0.084, 0.956
-0.126, 0.067, 0.960
-0.135, 0.059, 0.962
-0.126, 0.059, 0.962
-0.135, 0.051, 0.965
-0.135, 0.043, 0.967
-0.135, 0.034, 0.968
-0.144, 0.026, 0.972
-0.154, 0.018, 0.977
-0.162, 0.009, 0.976
-0.162, 0.018, 0.975
-0.153, 0.026, 0.975
-0.154, 0.001, 0.978
-0.162, 0.001, 0.976
-0.145, 0.009, 0.977
-0.136, 0.018, 0.972
-0.136, 0.026, 0.970
-0.136, 0.009, 0.974
-0.145, 0.001, 0.978
-0.137, 0.001, 0.977
-0.128, -0.008, 0.978
-0.137, -0.008, 0.979
-0.128, -0.016, 0.979
-0.129, -0.025, 0.982
-0.129, -0.034, 0.983
-0.129, -0.042, 0.985
-0.129, -0.051, 0.987
-0.138, -0.059, 0.987
-0.147, -0.059, 0.988
-0.155, -0.051, 0.987
-0.164, -0.051, 0.987
-0.173, -0.051, 0.988
-0.182, -0.051, 0.991
-0.191, -0.060, 0.993
-0.199, -0.060, 0.992
-0.208, -0.068, 0.994
-0.217, -0.068, 0.994
-0.226, -0.069, 0.996
-0.235, -0.060, 0.997
-0.243, -0.060, 0.996
-0.226, -0.051, 0.995
-0.233, -0.042, 0.990
-0.242, -0.042, 0.989
-0.233, -0.034, 0.987
-0.232, -0.025, 0.986
-0.240, -0.016, 0.984
-0.249, -0.016, 0.983
-0.248, -0.008, 0.980
-0.240, -0.008, 0.981
-0.231, -0.008, 0.980
-0.222, -0.008, 0.980
-0.222, -0.016, 0.980
-0.223, -0.025, 0.984
-0.215, -0.034, 0.988
-0.225, -0.042, 0.992
-0.216, -0.042, 0.990
-0.206, -0.034, 0.985
-0.198, -0.034, 0.984
-0.190, -0.042, 0.987
-0.198, -0.042, 0.985
-0.207, -0.051, 0.988
-0.217, -0.060, 0.993
-0.216, -0.051, 0.992
-0.208, -0.060, 0.992
-0.190, -0.051, 0.991
-0.181, -0.042, 0.987
-0.180, -0.034, 0.983
-0.180, -0.025, 0.981
-0.171, -0.016, 0.980
-0.163, -0.016, 0.980
-0.171, -0.025, 0.980
-0.154, -0.016, 0.980
-0.154, -0.025, 0.980
-0.154, -0.033, 0.981
-0.163, -0.042, 0.984
-0.172, -0.042, 0.985
-0.155, -0.042, 0.983
-0.146, -0.051, 0.986
-0.209, -0.077, 0.996
-0.217, -0.086, 0.995
-0.209, -0.086, 0.997
-0.201, -0.095, 0.999
-0.210, -0.104, 1.002
-0.209, -0.095, 1.000
-0.191, -0.069, 0.995
-0.182, -0.077, 0.993
-0.173, -0.077, 0.993
-0.182, -0.086, 0.993
-0.165, -0.086, 0.994
-0.156, -0.086, 0.995
-0.148, -0.077, 0.994
-0.139, -0.086, 0.992
-0.148, -0.095, 0.996
-0.139, -0.094, 0.994
-0.130, -0.086, 0.991
-0.122, -0.094, 0.992
-0.130, -0.094, 0.994
-0.139, -0.103, 0.995
-0.148, -0.112, 0.999
-0.140, -0.112, 0.997
-0.131, -0.112, 0.998
-0.122, -0.112, 0.997
-0.122, -0.121, 0.999
-0.123, -0.130, 1.002
-0.123, -0.139, 1.004
-0.123, -0.148, 1.007
-0.123, -0.157, 1.007
-0.132, -0.166, 1.009
-0.141, -0.166, 1.008
-0.141, -0.157, 1.007
-0.133, -0.175, 1.012
-0.141, -0.184, 1.011
-0.150, -0.184, 1.009
-0.159, -0.175, 1.011
-0.133, -0.184, 1.012
-0.124, -0.175, 1.012
-0.124, -0.166, 1.009
-0.124, -0.184, 1.013
-0.130, -0.059, 0.988
-0.100, 0.092, 0.954
-0.100, 0.100, 0.951
-0.100, 0.108, 0.950
-0.091, 0.116, 0.949
-0.083, 0.116, 0.948
-0.092, 0.108, 0.950
-0.084, 0.100, 0.952
-0.092, 0.092, 0.954
-0.075, 0.108, 0.947
-0.075, 0.116, 0.947
-0.067, 0.100, 0.949
-0.075, 0.100, 0.950
-0.058, 0.108, 0.949
-0.042, 0.108, 0.948
-0.034, 0.100, 0.951
-0.009, 0.100, 0.948
0.089, 0.107, 0.941
0.097, 0.115, 0.940
0.130, 0.115, 0.936
0.146, 0.107, 0.937
0.154, 0.107, 0.936
0.162, 0.106, 0.935
0.153, 0.138, 0.931
0.185, 0.138, 0.927
0.218, 0.122, 0.930
0.218, 0.130, 0.930
0.217, 0.138, 0.927
0.225, 0.138, 0.927
0.233, 0.138, 0.926
0.241, 0.138, 0.926
0.248, 0.145, 0.923
0.256, 0.145, 0.924
0.249, 0.138, 0.927
0.241, 0.130, 0.927
0.258, 0.130, 0.929
0.265, 0.138, 0.926
0.264, 0.145, 0.924
0.265, 0.130, 0.927
0.321, 0.121, 0.925
0.329, 0.129, 0.925
0.336, 0.137, 0.921
0.334, 0.144, 0.917
0.342, 0.152, 0.915
0.350, 0.160, 0.916
0.349, 0.168, 0.913
0.340, 0.175, 0.910
0.332, 0.183, 0.911
0.324, 0.191, 0.910
0.339, 0.190, 0.909
0.338, 0.198, 0.907
0.347, 0.190, 0.909
0.339, 0.183, 0.910
0.348, 0.175, 0.912
0.356, 0.183, 0.912
0.355, 0.191, 0.910
0.354, 0.198, 0.906
0.353, 0.205, 0.905
0.353, 0.213, 0.903
0.345, 0.220, 0.902
0.337, 0.213, 0.903
0.345, 0.228, 0.902
0.351, 0.235, 0.899
0.359, 0.235, 0.899
0.352, 0.228, 0.901
0.352, 0.220, 0.902
0.366, 0.243, 0.898
0.366, 0.250, 0.897
0.373, 0.258, 0.896
0.364, 0.265, 0.892
0.364, 0.272, 0.891
0.355, 0.279, 0.889
0.347, 0.279, 0.888
0.347, 0.286, 0.888
0.347, 0.294, 0.887
0.346, 0.302, 0.887
0.346, 0.309, 0.886
0.345, 0.316, 0.884
0.344, 0.322, 0.881
0.343, 0.329, 0.879
0.344, 0.337, 0.880
0.344, 0.345, 0.880
0.352, 0.345, 0.881
0.359, 0.345, 0.881
0.365, 0.351, 0.876
0.364, 0.358, 0.873
0.363, 0.365, 0.872
0.363, 0.372, 0.872
0.374, 0.345, 0.879
0.367, 0.338, 0.881
0.366, 0.345, 0.879
0.374, 0.337, 0.879
0.367, 0.330, 0.882
0.374, 0.330, 0.879
0.368, 0.323, 0.882
0.361, 0.316, 0.884
0.353, 0.308, 0.885
0.353, 0.316, 0.884
0.361, 0.308, 0.885
0.354, 0.301, 0.886
0.363, 0.295, 0.889
0.354, 0.294, 0.888
0.363, 0.287, 0.889
0.371, 0.287, 0.890
0.363, 0.279, 0.889
0.372, 0.272, 0.892
0.380, 0.280, 0.893
0.379, 0.287, 0.891
0.378, 0.294, 0.888
0.370, 0.302, 0.888
0.386, 0.287, 0.890
0.392, 0.294, 0.886
0.400, 0.301, 0.886
0.390, 0.307, 0.882
0.382, 0.314, 0.880
0.375, 0.315, 0.882
0.368, 0.316, 0.884
0.382, 0.322, 0.880
0.381, 0.329, 0.878
0.400, 0.309, 0.885
0.400, 0.294, 0.886
0.393, 0.287, 0.889
0.387, 0.280, 0.891
0.380, 0.273, 0.894
0.372, 0.265, 0.894
0.382, 0.258, 0.897
0.374, 0.250, 0.897
0.388, 0.265, 0.895
0.394, 0.271, 0.889
0.394, 0.279, 0.889
0.401, 0.286, 0.888
0.409, 0.286, 0.888
0.416, 0.294, 0.887
0.424, 0.286, 0.887
0.416, 0.279, 0.888
0.409, 0.279, 0.888
0.416, 0.271, 0.888
0.424, 0.279, 0.889
0.431, 0.286, 0.886
0.429, 0.293, 0.883
0.436, 0.300, 0.881
0.436, 0.307, 0.881
0.427, 0.314, 0.878
0.427, 0.321, 0.878
0.442, 0.314, 0.879
0.442, 0.321, 0.878
0.449, 0.328, 0.876
0.456, 0.335, 0.874
0.447, 0.342, 0.873
0.464, 0.343, 0.876
0.472, 0.344, 0.877
0.464, 0.336, 0.876
0.449, 0.321, 0.877
0.457, 0.314, 0.878
0.450, 0.314, 0.878
0.443, 0.307, 0.880
0.451, 0.300, 0.881
0.444, 0.300, 0.881
0.437, 0.292, 0.882
0.439, 0.286, 0.886
0.447, 0.278, 0.887
0.440, 0.279, 0.890
0.447, 0.271, 0.888
0.441, 0.264, 0.892
0.447, 0.263, 0.888
0.442, 0.257, 0.893
0.449, 0.249, 0.892
0.442, 0.249, 0.893
0.455, 0.256, 0.888
0.462, 0.263, 0.887
0.454, 0.271, 0.887
0.454, 0.278, 0.886
0.461, 0.285, 0.884
0.460, 0.293, 0.883
0.460, 0.300, 0.882
0.458, 0.307, 0.879
0.468, 0.300, 0.883
0.476, 0.293, 0.884
0.468, 0.293, 0.884
0.476, 0.285, 0.885
0.485, 0.278, 0.887
0.477, 0.278, 0.886
0.485, 0.270, 0.886
0.492, 0.270, 0.885
0.501, 0.263, 0.888
0.493, 0.263, 0.887
0.510, 0.264, 0.889
0.517, 0.256, 0.889
0.511, 0.249, 0.892
0.503, 0.249, 0.891
0.495, 0.248, 0.890
0.487, 0.248, 0.890
0.480, 0.249, 0.891
0.474, 0.242, 0.894
0.468, 0.235, 0.898
0.460, 0.235, 0.897
0.453, 0.228, 0.900
0.446, 0.220, 0.901
0.439, 0.213, 0.902
0.430, 0.204, 0.900
0.424, 0.197, 0.904
0.417, 0.190, 0.905
0.409, 0.190, 0.905
0.401, 0.198, 0.906
0.401, 0.205, 0.905
0.400, 0.213, 0.902
0.407, 0.213, 0.902
0.415, 0.213, 0.903
0.422, 0.220, 0.900
0.422, 0.227, 0.899
0.420, 0.235, 0.897
0.420, 0.242, 0.896
0.420, 0.250, 0.896
0.419, 0.257, 0.893
0.417, 0.264, 0.889
0.428, 0.250, 0.896
0.429, 0.227, 0.898
0.438, 0.220, 0.900
0.429, 0.220, 0.899
0.422, 0.212, 0.901
0.416, 0.205, 0.905
0.409, 0.198, 0.906
0.417, 0.182, 0.906
0.425, 0.190, 0.906
0.434, 0.182, 0.908
0.426, 0.175, 0.909
0.418, 0.174, 0.908
0.426, 0.167, 0.909
0.434, 0.175, 0.909
0.441, 0.182, 0.907
0.449, 0.182, 0.907
0.457, 0.182, 0.907
0.450, 0.175, 0.909
0.442, 0.167, 0.910
0.434, 0.167, 0.908
0.427, 0.159, 0.910
0.420, 0.151, 0.912
0.413, 0.144, 0.915
0.420, 0.144, 0.914
0.414, 0.136, 0.917
0.407, 0.128, 0.918
0.400, 0.121, 0.921
0.392, 0.121, 0.922
0.383, 0.129, 0.919
0.377, 0.121, 0.924
0.369, 0.113, 0.924
0.362, 0.105, 0.927
0.355, 0.098, 0.929
0.347, 0.090, 0.930
0.346, 0.098, 0.928
0.346, 0.105, 0.926
0.345, 0.113, 0.925
0.345, 0.121, 0.923
0.344, 0.129, 0.921
0.343, 0.137, 0.920
0.342, 0.144, 0.917
0.350, 0.152, 0.917
0.352, 0.137, 0.920
0.360, 0.137, 0.921
0.360, 0.129, 0.922
0.369, 0.121, 0.924
0.361, 0.113, 0.925
0.354, 0.106, 0.927
0.354, 0.113, 0.926
0.360, 0.121, 0.923
0.370, 0.105, 0.926
0.377, 0.097, 0.925
0.385, 0.105, 0.923
0.393, 0.105, 0.923
0.385, 0.097, 0.925
0.378, 0.089, 0.926
0.372, 0.082, 0.931
0.364, 0.074, 0.933
0.356, 0.066, 0.933
0.356, 0.074, 0.933
0.356, 0.082, 0.931
0.356, 0.090, 0.931
0.365, 0.066, 0.934
0.372, 0.074, 0.933
0.379, 0.081, 0.928
0.386, 0.081, 0.926
0.395, 0.081, 0.928
0.387, 0.073, 0.929
0.381, 0.066, 0.935
0.402, 0.089, 0.927
0.409, 0.097, 0.923
0.401, 0.105, 0.923
0.400, 0.113, 0.922
0.407, 0.120, 0.918
0.414, 0.128, 0.918
0.422, 0.120, 0.918
0.415, 0.113, 0.919
0.408, 0.105, 0.922
0.416, 0.105, 0.921
0.423, 0.113, 0.919
0.431, 0.105, 0.919
0.425, 0.097, 0.923
0.417, 0.097, 0.923
0.410, 0.089, 0.926
0.404, 0.082, 0.930
0.423, 0.105, 0.920
0.426, 0.089, 0.926
0.434, 0.081, 0.926
0.427, 0.073, 0.929
0.427, 0.081, 0.927
0.437, 0.066, 0.932
0.430, 0.066, 0.933
0.443, 0.073, 0.929
0.443, 0.081, 0.927
0.441, 0.089, 0.924
0.450, 0.097, 0.926
0.456, 0.105, 0.922
0.447, 0.113, 0.920
0.446, 0.120, 0.917
0.445, 0.128, 0.915
0.444, 0.136, 0.914
0.451, 0.143, 0.912
0.451, 0.151, 0.911
0.443, 0.159, 0.912
0.435, 0.151, 0.911
0.427, 0.151, 0.911
0.451, 0.167, 0.911
0.458, 0.175, 0.909
0.465, 0.182, 0.907
0.472, 0.182, 0.906
0.465, 0.174, 0.908
0.473, 0.174, 0.907
0.466, 0.167, 0.909
0.460, 0.160, 0.914
0.473, 0.167, 0.909
0.479, 0.174, 0.904
0.486, 0.181, 0.903
0.479, 0.190, 0.905
0.479, 0.197, 0.904
0.470, 0.204, 0.901
0.462, 0.197, 0.903
0.462, 0.212, 0.902
0.454, 0.220, 0.901
0.461, 0.220, 0.900
0.468, 0.227, 0.899
0.475, 0.235, 0.897
0.476, 0.220, 0.899
0.469, 0.212, 0.900
0.468, 0.220, 0.899
0.477, 0.212, 0.900
0.484, 0.220, 0.899
0.486, 0.205, 0.902
0.493, 0.196, 0.900
0.486, 0.189, 0.903
0.493, 0.189, 0.901
0.500, 0.196, 0.899
0.499, 0.204, 0.899
0.500, 0.189, 0.900
0.495, 0.182, 0.904
0.505, 0.175, 0.909
0.496, 0.166, 0.907
0.488, 0.166, 0.906
0.480, 0.166, 0.907
0.475, 0.159, 0.911
0.475, 0.151, 0.911
0.483, 0.143, 0.912
0.476, 0.136, 0.913
0.469, 0.128, 0.916
0.461, 0.128, 0.916
0.452, 0.136, 0.913
0.459, 0.143, 0.912
0.460, 0.136, 0.913
0.471, 0.121, 0.919
0.478, 0.128, 0.917
0.485, 0.136, 0.915
0.475, 0.143, 0.911
0.490, 0.143, 0.910
0.490, 0.151, 0.910
0.497, 0.159, 0.908
0.507, 0.151, 0.911
0.497, 0.151, 0.909
0.514, 0.159, 0.911
0.520, 0.166, 0.908
0.519, 0.174, 0.906
0.511, 0.182, 0.905
0.517, 0.189, 0.902
0.523, 0.196, 0.898
0.522, 0.204, 0.898
0.531, 0.212, 0.899
0.531, 0.220, 0.899
0.538, 0.219, 0.898
0.539, 0.212, 0.899
0.531, 0.204, 0.899
0.526, 0.182, 0.904
0.518, 0.182, 0.904
0.527, 0.174, 0.906
0.535, 0.166, 0.906
0.528, 0.159, 0.908
0.522, 0.151, 0.911
0.515, 0.151, 0.912
0.522, 0.159, 0.910
0.527, 0.166, 0.906
0.535, 0.158, 0.907
0.530, 0.151, 0.911
0.539, 0.144, 0.912
0.531, 0.136, 0.913
0.525, 0.128, 0.915
0.518, 0.128, 0.917
0.510, 0.128, 0.917
0.502, 0.120, 0.918
0.495, 0.113, 0.919
0.487, 0.105, 0.920
0.482, 0.097, 0.926
0.475, 0.097, 0.926
0.466, 0.089, 0.926
0.459, 0.081, 0.928
0.452, 0.073, 0.930
0.444, 0.065, 0.930
0.451, 0.081, 0.928
0.459, 0.089, 0.927
0.466, 0.097, 0.924
0.464, 0.105, 0.922
0.455, 0.113, 0.920
0.472, 0.113, 0.921
0.480, 0.113, 0.921
0.473, 0.105, 0.923
0.460, 0.073, 0.929
0.461, 0.065, 0.932
0.462, 0.057, 0.933
0.470, 0.049, 0.934
0.463, 0.041, 0.935
0.454, 0.041, 0.933
0.447, 0.033, 0.936
0.448, 0.025, 0.938
0.441, 0.017, 0.941
0.458, 0.017, 0.941
0.463, 0.025, 0.935
0.465, 0.017, 0.939
0.473, 0.009, 0.939
0.466, 0.001, 0.942
0.460, -0.008, 0.945
0.467, -0.016, 0.944
0.461, -0.024, 0.947
0.454, -0.032, 0.951
0.447, -0.032, 0.953
0.439, -0.041, 0.954
0.429, -0.041, 0.951
0.421, -0.049, 0.951
0.414, -0.057, 0.953
0.413, -0.049, 0.952
0.406, -0.041, 0.953
0.397, -0.032, 0.953
0.389, -0.041, 0.954
0.380, -0.032, 0.953
0.372, -0.041, 0.953
0.371, -0.032, 0.951
0.371, -0.024, 0.950
0.371, -0.016, 0.951
0.378, -0.008, 0.948
0.378, 0.001, 0.946
0.385, 0.009, 0.943
0.376, 0.017, 0.941
0.367, 0.017, 0.940
0.367, 0.025, 0.940
0.367, 0.033, 0.940
0.358, 0.041, 0.937
0.366, 0.041, 0.938
0.373, 0.049, 0.934
0.381, 0.049, 0.935
0.374, 0.041, 0.936
0.383, 0.033, 0.939
0.390, 0.041, 0.937
0.390, 0.049, 0.935
0.397, 0.057, 0.932
0.406, 0.050, 0.936
0.399, 0.041, 0.938
0.391, 0.033, 0.938
0.384, 0.025, 0.940
0.391, 0.017, 0.939
0.384, 0.017, 0.941
0.392, 0.009, 0.942
0.386, 0.001, 0.945
0.400, 0.009, 0.942
0.409, 0.017, 0.942
0.399, 0.025, 0.938
0.399, 0.033, 0.937
0.407, 0.041, 0.938
0.415, 0.050, 0.937
0.423, 0.050, 0.937
0.430, 0.049, 0.935
0.431, 0.041, 0.936
0.425, 0.033, 0.940
0.417, 0.025, 0.942
0.408, 0.025, 0.940
0.417, 0.017, 0.942
0.409, 0.009, 0.943
0.418, 0.009, 0.943
0.427, 0.001, 0.945
0.419, 0.001, 0.946
0.427, -0.008, 0.946
0.435, -0.016, 0.945
0.427, -0.016, 0.947
0.436, -0.024, 0.949
0.438, -0.032, 0.952
0.425, 0.025, 0.941
0.433, 0.033, 0.940
0.379, -0.016, 0.950
0.373, -0.049, 0.954
0.389, -0.032, 0.953
0.405, -0.032, 0.952
0.413, -0.041, 0.951
0.420, -0.041, 0.949
0.422, -0.057, 0.954
0.432, -0.058, 0.956
0.440, -0.049, 0.956
0.448, -0.049, 0.955
0.455, -0.041, 0.952
0.461, -0.041, 0.949
0.455, -0.049, 0.953
0.470, -0.032, 0.949
0.469, -0.024, 0.948
0.459, -0.016, 0.945
0.452, -0.024, 0.947
0.478, -0.032, 0.950
0.469, -0.041, 0.948
0.478, -0.041, 0.950
0.487, -0.041, 0.950
0.479, -0.049, 0.952
0.472, -0.057, 0.954
0.481, -0.057, 0.954
0.473, -0.066, 0.956
0.465, -0.074, 0.957
0.458, -0.083, 0.959
0.451, -0.083, 0.961
0.444, -0.092, 0.965
0.437, -0.100, 0.968
0.436, -0.092, 0.966
0.444, -0.083, 0.964
0.449, -0.074, 0.958
0.457, -0.074, 0.957
0.466, -0.083, 0.958
0.458, -0.091, 0.960
0.452, -0.100, 0.964
0.445, -0.100, 0.967
0.438, -0.109, 0.970
0.447, -0.118, 0.971
0.438, -0.126, 0.971
0.430, -0.135, 0.972
0.438, -0.134, 0.971
0.431, -0.143, 0.974
0.439, -0.143, 0.973
0.432, -0.152, 0.975
0.440, -0.152, 0.975
0.432, -0.161, 0.976
0.425, -0.170, 0.978
0.418, -0.179, 0.983
0.411, -0.188, 0.987
0.403, -0.197, 0.987
0.400, -0.179, 0.981
0.400, -0.170, 0.979
0.409, -0.170, 0.981
0.417, -0.170, 0.980
0.410, -0.179, 0.983
0.427, -0.179, 0.983
0.433, -0.170, 0.979
0.440, -0.161, 0.976
0.449, -0.152, 0.975
0.448, -0.160, 0.974
0.442, -0.170, 0.979
0.435, -0.179, 0.983
0.428, -0.188, 0.986
0.444, -0.179, 0.983
0.446, -0.188, 0.987
0.447, -0.134, 0.971
0.447, -0.126, 0.971
0.454, -0.117, 0.969
0.453, -0.109, 0.967
0.460, -0.100, 0.963
0.468, -0.100, 0.963
0.461, -0.109, 0.966
0.468, -0.108, 0.963
0.462, -0.117, 0.968
0.455, -0.126, 0.970
0.462, -0.126, 0.968
0.456, -0.135, 0.972
0.470, -0.125, 0.966
0.479, -0.134, 0.969
0.473, -0.143, 0.972
0.466, -0.152, 0.976
0.474, -0.152, 0.975
0.466, -0.161, 0.975
0.466, -0.169, 0.976
0.477, -0.178, 0.980
0.468, -0.179, 0.981
0.478, -0.187, 0.983
0.486, -0.187, 0.983
0.493, -0.178, 0.979
0.492, -0.169, 0.978
0.491, -0.160, 0.975
0.498, -0.152, 0.972
0.506, -0.143, 0.971
0.514, -0.143, 0.971
0.506, -0.151, 0.971
0.500, -0.161, 0.976
0.515, -0.160, 0.972
0.523, -0.151, 0.971
0.522, -0.143, 0.969
0.529, -0.134, 0.966
0.537, -0.134, 0.967
0.529, -0.142, 0.967
0.540, -0.151, 0.971
0.533, -0.160, 0.975
0.541, -0.160, 0.974
0.534, -0.169, 0.977
0.543, -0.169, 0.976
0.535, -0.178, 0.978
0.526, -0.186, 0.978
0.535, -0.186, 0.977
0.527, -0.195, 0.979
0.529, -0.204, 0.982
0.530, -0.213, 0.984
0.540, -0.222, 0.987
0.532, -0.232, 0.989
0.524, -0.232, 0.989
0.515, -0.232, 0.989
0.507, -0.232, 0.989
0.498, -0.231, 0.988
0.488, -0.222, 0.987
0.480, -0.223, 0.987
0.473, -0.232, 0.991
0.465, -0.223, 0.991
0.456, -0.224, 0.992
0.447, -0.223, 0.990
0.438, -0.231, 0.988
0.431, -0.241, 0.992
0.423, -0.250, 0.994
0.423, -0.241, 0.993
0.415, -0.233, 0.996
0.432, -0.250, 0.995
0.442, -0.251, 0.998
0.451, -0.260, 1.000
0.442, -0.260, 0.999
0.447, -0.214, 0.989
0.446, -0.206, 0.989
0.456, -0.215, 0.991
0.464, -0.206, 0.989
0.464, -0.215, 0.991
0.473, -0.223, 0.990
0.479, -0.213, 0.985
0.487, -0.205, 0.985
0.487, -0.196, 0.984
0.495, -0.187, 0.983
0.497, -0.214, 0.986
0.487, -0.213, 0.985
0.531, -0.222, 0.986
0.533, -0.241, 0.991
0.547, -0.213, 0.983
0.546, -0.204, 0.982
0.545, -0.196, 0.981
0.543, -0.186, 0.977
0.544, -0.178, 0.978
0.553, -0.178, 0.979
0.559, -0.223, 0.990
0.550, -0.223, 0.989
0.563, -0.213, 0.983
0.573, -0.222, 0.985
0.566, -0.223, 0.987
0.575, -0.231, 0.987
0.568, -0.241, 0.992
0.576, -0.249, 0.991
0.582, -0.222, 0.985
0.590, -0.214, 0.985
0.591, -0.205, 0.985
0.599, -0.222, 0.986
0.590, -0.222, 0.985
0.582, -0.231, 0.985
0.590, -0.239, 0.985
0.600, -0.231, 0.987
0.549, -0.152, 0.973
0.548, -0.143, 0.970
0.546, -0.134, 0.968
0.554, -0.125, 0.966
0.552, -0.117, 0.963
0.551, -0.108, 0.961
0.541, -0.099, 0.959
0.541, -0.091, 0.958
0.540, -0.083, 0.957
0.531, -0.074, 0.956
0.523, -0.074, 0.956
0.515, -0.074, 0.957
0.509, -0.083, 0.960
0.499, -0.083, 0.958
0.491, -0.091, 0.959
0.484, -0.100, 0.962
0.476, -0.100, 0.963
0.483, -0.091, 0.959
0.490, -0.083, 0.957
0.483, -0.074, 0.958
0.474, -0.074, 0.958
0.490, -0.074, 0.956
0.493, -0.100, 0.961
0.485, -0.108, 0.963
0.486, -0.117, 0.964
0.487, -0.126, 0.967
0.488, -0.134, 0.970
0.481, -0.143, 0.971
0.502, -0.100, 0.963
0.510, -0.091, 0.963
0.517, -0.091, 0.961
0.518, -0.100, 0.961
0.510, -0.108, 0.963
0.502, -0.108, 0.963
0.518, -0.108, 0.962
0.506, -0.066, 0.955
0.505, -0.057, 0.953
0.504, -0.049, 0.951
0.495, -0.041, 0.950
0.494, -0.032, 0.948
0.501, -0.024, 0.947
0.500, -0.016, 0.944
0.493, -0.008, 0.946
0.482, 0.001, 0.941
0.475, -0.008, 0.943
0.473, 0.001, 0.940
0.465, 0.009, 0.940
0.491, 0.001, 0.943
0.499, 0.001, 0.943
0.507, 0.001, 0.942
0.500, -0.008, 0.943
0.512, 0.009, 0.937
0.521, 0.009, 0.938
0.515, 0.001, 0.941
0.523, 0.001, 0.941
0.529, 0.009, 0.937
0.539, 0.001, 0.940
0.531, 0.001, 0.941
0.524, -0.008, 0.943
0.517, -0.016, 0.945
0.525, -0.016, 0.944
0.519, -0.024, 0.948
0.528, -0.032, 0.949
0.521, -0.041, 0.952
0.512, -0.049, 0.950
0.512, -0.041, 0.951
0.503, -0.032, 0.950
0.520, -0.032, 0.951
0.520, -0.057, 0.950
0.514, -0.066, 0.955
0.529, -0.049, 0.952
0.536, -0.041, 0.949
0.535, -0.032, 0.949
0.534, -0.024, 0.946
0.542, -0.024, 0.946
0.548, -0.016, 0.942
0.556, -0.016, 0.941
0.549, -0.024, 0.944
0.544, -0.032, 0.948
0.550, -0.032, 0.945
0.556, -0.024, 0.941
0.564, -0.016, 0.941
0.563, -0.008, 0.939
0.562, 0.001, 0.938
0.570, 0.009, 0.938
0.577, 0.017, 0.936
0.584, 0.025, 0.935
0.574, 0.033, 0.931
0.582, 0.041, 0.931
0.574, 0.049, 0.931
0.564, 0.057, 0.928
0.556, 0.049, 0.928
0.549, 0.041, 0.929
0.541, 0.041, 0.930
0.540, 0.049, 0.928
0.547, 0.057, 0.926
0.546, 0.065, 0.924
0.538, 0.073, 0.925
0.544, 0.081, 0.922
0.536, 0.089, 0.921
0.535, 0.097, 0.919
0.526, 0.104, 0.917
0.518, 0.104, 0.918
0.511, 0.097, 0.919
0.505, 0.089, 0.922
0.498, 0.081, 0.926
0.506, 0.081, 0.925
0.499, 0.073, 0.927
0.508, 0.065, 0.928
0.500, 0.057, 0.928
0.491, 0.049, 0.928
0.484, 0.049, 0.930
0.477, 0.049, 0.932
0.491, 0.057, 0.928
0.500, 0.065, 0.928
0.500, 0.041, 0.929
0.508, 0.049, 0.929
0.517, 0.041, 0.930
0.510, 0.033, 0.932
0.509, 0.041, 0.930
0.518, 0.033, 0.932
0.518, 0.025, 0.933
0.525, 0.049, 0.930
0.503, 0.097, 0.920
0.495, 0.105, 0.919
0.489, 0.097, 0.922
0.511, 0.105, 0.919
0.519, 0.089, 0.919
0.533, 0.112, 0.915
0.532, 0.120, 0.915
0.539, 0.128, 0.912
0.539, 0.136, 0.913
0.531, 0.143, 0.912
0.523, 0.136, 0.913
0.547, 0.143, 0.912
0.544, 0.151, 0.908
0.554, 0.143, 0.912
0.548, 0.136, 0.914
0.540, 0.120, 0.915
0.551, 0.113, 0.920
0.543, 0.105, 0.919
0.533, 0.104, 0.916
0.543, 0.097, 0.920
0.551, 0.097, 0.919
0.558, 0.104, 0.918
0.566, 0.112, 0.917
0.558, 0.120, 0.918
0.563, 0.128, 0.914
0.571, 0.128, 0.913
0.565, 0.120, 0.917
0.572, 0.120, 0.915
0.577, 0.127, 0.911
0.580, 0.112, 0.914
0.572, 0.112, 0.915
0.566, 0.104, 0.918
0.558, 0.097, 0.919
0.552, 0.089, 0.921
0.560, 0.081, 0.920
0.553, 0.073, 0.922
0.545, 0.073, 0.923
0.552, 0.081, 0.922
0.554, 0.065, 0.924
0.563, 0.065, 0.926
0.555, 0.057, 0.927
0.548, 0.049, 0.928
0.556, 0.041, 0.928
0.571, 0.073, 0.926
0.569, 0.081, 0.922
0.568, 0.089, 0.921
0.567, 0.097, 0.920
0.579, 0.073, 0.926
0.587, 0.073, 0.926
0.588, 0.065, 0.927
0.579, 0.057, 0.926
0.581, 0.049, 0.929
0.587, 0.017, 0.938
0.579, 0.009, 0.938
0.571, 0.001, 0.940
0.579, 0.001, 0.939
0.588, 0.009, 0.940
0.598, 0.001, 0.943
0.588, 0.001, 0.941
0.580, -0.008, 0.941
0.573, -0.016, 0.943
0.583, -0.016, 0.945
0.591, -0.016, 0.946
0.582, -0.024, 0.943
0.572, -0.032, 0.941
0.566, -0.040, 0.944
0.560, -0.049, 0.949
0.553, -0.057, 0.951
0.544, -0.057, 0.949
0.537, -0.065, 0.951
0.529, -0.066, 0.952
0.536, -0.057, 0.950
0.536, -0.049, 0.949
0.543, -0.049, 0.948
0.551, -0.040, 0.946
0.559, -0.040, 0.946
0.568, -0.049, 0.948
0.562, -0.057, 0.952
0.571, -0.057, 0.952
0.563, -0.066, 0.953
0.555, -0.074, 0.954
0.549, -0.083, 0.958
0.548, -0.074, 0.955
0.563, -0.074, 0.953
0.577, -0.049, 0.948
0.574, -0.040, 0.944
0.584, -0.041, 0.947
0.591, -0.032, 0.946
0.591, -0.024, 0.945
0.600, -0.024, 0.946
0.600, -0.032, 0.947
0.593, -0.041, 0.949
0.585, -0.049, 0.949
0.598, -0.008, 0.944
0.550, -0.100, 0.960
0.564, -0.134, 0.968
0.556, -0.143, 0.970
0.555, -0.134, 0.969
0.564, -0.143, 0.969
0.573, -0.143, 0.970
0.581, -0.143, 0.970
0.589, -0.143, 0.968
0.583, -0.152, 0.973
0.591, -0.152, 0.972
0.585, -0.161, 0.976
0.593, -0.161, 0.976
0.585, -0.169, 0.976
0.575, -0.177, 0.974
0.567, -0.169, 0.974
0.586, -0.186, 0.978
0.594, -0.169, 0.977
0.602, -0.161, 0.976
0.608, -0.151, 0.971
0.596, -0.142, 0.967
0.594, -0.133, 0.964
0.606, -0.143, 0.969
0.613, -0.134, 0.967
0.611, -0.125, 0.963
0.602, -0.116, 0.962
0.594, -0.117, 0.963
0.593, -0.108, 0.962
0.593, -0.100, 0.961
0.590, -0.091, 0.957
0.599, -0.091, 0.957
0.606, -0.082, 0.955
0.604, -0.074, 0.953
0.603, -0.066, 0.951
0.603, -0.057, 0.951
0.609, -0.100, 0.960
0.602, -0.108, 0.962
0.601, -0.100, 0.960
0.610, -0.117, 0.963
0.614, -0.143, 0.969
0.615, -0.160, 0.969
0.462, 0.049, 0.934
0.495, 0.121, 0.919
0.501, 0.128, 0.916
0.499, 0.136, 0.912
0.543, 0.166, 0.906
0.551, 0.166, 0.907
0.560, 0.159, 0.908
0.565, 0.166, 0.903
0.376, 0.129, 0.921
0.391, 0.129, 0.920
0.451, 0.235, 0.896
0.458, 0.241, 0.893
0.456, 0.248, 0.890
0.463, 0.256, 0.889
0.472, 0.249, 0.891
0.510, 0.256, 0.890
0.482, 0.299, 0.880
0.461, 0.278, 0.886
0.462, 0.271, 0.886
0.395, 0.264, 0.891
0.389, 0.258, 0.896
0.367, 0.235, 0.899
0.362, 0.198, 0.906
0.370, 0.198, 0.906
0.362, 0.190, 0.907
0.370, 0.182, 0.908
0.363, 0.175, 0.910
0.356, 0.175, 0.912
0.371, 0.175, 0.910
0.379, 0.175, 0.909
0.386, 0.182, 0.907
0.378, 0.190, 0.908
0.378, 0.198, 0.907
0.386, 0.190, 0.906
0.394, 0.182, 0.908
0.395, 0.175, 0.910
0.389, 0.168, 0.914
0.380, 0.167, 0.913
0.396, 0.167, 0.913
0.308, 0.199, 0.910
0.301, 0.191, 0.912
0.088, 0.186, 0.925
-0.187, 0.212, 0.934
-0.203, 0.235, 0.931
-0.203, 0.243, 0.928
-0.170, 0.251, 0.927
-0.170, 0.258, 0.925
-0.162, 0.251, 0.928
-0.237, 0.205, 0.938
-0.286, 0.229, 0.937
-0.268, 0.236, 0.933
-0.268, 0.252, 0.933
-0.276, 0.260, 0.931
-0.251, 0.259, 0.928
-0.259, 0.267, 0.927
-0.258, 0.274, 0.925
-0.258, 0.282, 0.924
-0.257, 0.289, 0.922
-0.250, 0.266, 0.925
-0.243, 0.259, 0.929
-0.236, 0.252, 0.932
-0.167, 0.310, 0.911
-0.207, 0.303, 0.914
-0.274, 0.274, 0.924
-0.289, 0.174, 0.948
-0.281, 0.166, 0.949
-0.291, 0.158, 0.952
-0.300, 0.151, 0.957
-0.309, 0.142, 0.957
-0.318, 0.134, 0.959
-0.309, 0.134, 0.958
-0.300, 0.142, 0.957
-0.291, 0.150, 0.954
-0.282, 0.158, 0.950
-0.273, 0.166, 0.950
-0.265, 0.166, 0.951
-0.256, 0.166, 0.948
-0.257, 0.158, 0.950
-0.257, 0.150, 0.951
-0.249, 0.142, 0.953
-0.258, 0.133, 0.954
-0.267, 0.126, 0.958
-0.276, 0.117, 0.959
-0.284, 0.109, 0.960
-0.293, 0.109, 0.961
-0.302, 0.101, 0.962
-0.310, 0.101, 0.961
-0.319, 0.093, 0.963
-0.327, 0.101, 0.962
-0.338, 0.093, 0.969
-0.346, 0.085, 0.969
-0.354, 0.093, 0.967
-0.362, 0.102, 0.966
-0.371, 0.102, 0.968
-0.379, 0.110, 0.967
-0.378, 0.118, 0.965
-0.378, 0.127, 0.965
-0.377, 0.135, 0.962
-0.384, 0.142, 0.959
-0.393, 0.143, 0.959
-0.383, 0.150, 0.956
-0.391, 0.159, 0.955
-0.400, 0.159, 0.956
-0.383, 0.159, 0.955
-0.376, 0.142, 0.959
-0.370, 0.110, 0.966
-0.362, 0.110, 0.965
-0.353, 0.101, 0.965
-0.345, 0.110, 0.964
-0.345, 0.101, 0.965
-0.326, 0.109, 0.960
-0.318, 0.117, 0.959
-0.309, 0.126, 0.959
-0.300, 0.134, 0.957
-0.291, 0.134, 0.955
-0.284, 0.126, 0.958
-0.293, 0.118, 0.960
-0.301, 0.118, 0.959
-0.309, 0.109, 0.959
-0.318, 0.101, 0.960
-0.309, 0.117, 0.959
-0.292, 0.126, 0.958
-0.284, 0.118, 0.960
-0.276, 0.126, 0.958
-0.275, 0.134, 0.955
-0.267, 0.117, 0.958
-0.258, 0.117, 0.956
-0.267, 0.109, 0.958
-0.276, 0.101, 0.959
-0.284, 0.101, 0.959
-0.293, 0.093, 0.960
-0.302, 0.093, 0.962
-0.293, 0.084, 0.962
-0.303, 0.076, 0.966
-0.312, 0.076, 0.967
-0.321, 0.068, 0.970
-0.330, 0.068, 0.972
-0.341, 0.060, 0.977
-0.339, 0.068, 0.973
-0.330, 0.077, 0.970
-0.320, 0.085, 0.965
-0.320, 0.076, 0.967
-0.333, 0.052, 0.978
-0.322, 0.060, 0.973
-0.314, 0.060, 0.973
-0.304, 0.068, 0.970
-0.296, 0.068, 0.969
-0.288, 0.060, 0.971
-0.296, 0.060, 0.970
-0.305, 0.051, 0.972
-0.314, 0.051, 0.973
-0.286, 0.085, 0.964
-0.277, 0.093, 0.963
-0.269, 0.093, 0.964
-0.278, 0.085, 0.965
-0.269, 0.085, 0.964
-0.260, 0.084, 0.963
-0.251, 0.092, 0.959
-0.259, 0.101, 0.959
-0.259, 0.109, 0.957
-0.249, 0.117, 0.953
-0.249, 0.125, 0.952
-0.241, 0.133, 0.953
-0.241, 0.142, 0.953
-0.241, 0.125, 0.952
-0.251, 0.101, 0.958
-0.243, 0.084, 0.961
-0.251, 0.084, 0.961
-0.244, 0.076, 0.964
-0.235, 0.084, 0.962
-0.234, 0.093, 0.960
-0.234, 0.101, 0.958
-0.226, 0.101, 0.958
-0.217, 0.101, 0.956
-0.208, 0.108, 0.953
-0.208, 0.117, 0.952
-0.208, 0.125, 0.953
-0.200, 0.133, 0.953
-0.191, 0.133, 0.951
-0.200, 0.125, 0.954
-0.182, 0.133, 0.949
-0.174, 0.132, 0.947
-0.174, 0.124, 0.948
-0.174, 0.116, 0.951
-0.175, 0.109, 0.954
-0.184, 0.101, 0.957
-0.192, 0.092, 0.959
-0.201, 0.084, 0.959
-0.209, 0.092, 0.957
-0.217, 0.092, 0.959
-0.227, 0.085, 0.964
-0.227, 0.076, 0.965
-0.236, 0.068, 0.967
-0.245, 0.060, 0.969
-0.245, 0.068, 0.967
-0.236, 0.060, 0.968
-0.228, 0.060, 0.967
-0.237, 0.051, 0.970
-0.245, 0.043, 0.969
-0.228, 0.051, 0.969
-0.219, 0.060, 0.966
-0.211, 0.060, 0.967
-0.202, 0.060, 0.967
-0.193, 0.068, 0.964
-0.193, 0.076, 0.961
-0.193, 0.084, 0.960
-0.201, 0.092, 0.958
-0.200, 0.100, 0.955
-0.199, 0.108, 0.952
-0.184, 0.084, 0.959
-0.176, 0.092, 0.958
-0.175, 0.101, 0.957
-0.176, 0.084, 0.960
-0.194, 0.060, 0.967
-0.220, 0.043, 0.971
-0.228, 0.043, 0.970
-0.220, 0.035, 0.972
-0.229, 0.026, 0.972
-0.239, 0.018, 0.977
-0.230, 0.018, 0.975
-0.239, 0.009, 0.978
-0.220, 0.026, 0.971
-0.258, 0.142, 0.953
-0.395, 0.118, 0.965
-0.405, 0.110, 0.968
-0.396, 0.110, 0.968
-0.426, 0.077, 0.979
-0.436, 0.069, 0.981
-0.445, 0.069, 0.982
-0.454, 0.061, 0.983
-0.463, 0.061, 0.984
-0.471, 0.069, 0.984
-0.478, 0.077, 0.980
-0.488, 0.069, 0.983
-0.497, 0.069, 0.983
-0.505, 0.078, 0.982
-0.513, 0.078, 0.981
-0.521, 0.077, 0.980
-0.530, 0.069, 0.982
-0.540, 0.069, 0.985
-0.538, 0.077, 0.981
-0.529, 0.086, 0.980
-0.521, 0.086, 0.980
-0.529, 0.077, 0.980
-0.513, 0.095, 0.981
-0.502, 0.094, 0.978
-0.513, 0.086, 0.981
-0.493, 0.103, 0.977
-0.485, 0.103, 0.976
-0.494, 0.094, 0.977
-0.476, 0.103, 0.976
-0.476, 0.094, 0.975
-0.476, 0.086, 0.977
-0.487, 0.077, 0.980
-0.496, 0.078, 0.982
-0.488, 0.061, 0.984
-0.497, 0.052, 0.983
-0.462, 0.069, 0.982
-0.453, 0.069, 0.982
-0.455, 0.052, 0.985
-0.446, 0.052, 0.984
-0.456, 0.044, 0.988
-0.446, 0.035, 0.984
-0.437, 0.052, 0.985
-0.427, 0.060, 0.981
-0.426, 0.069, 0.978
-0.435, 0.077, 0.979
-0.417, 0.069, 0.977
-0.419, 0.052, 0.981
-0.429, 0.052, 0.984
-0.140, -0.130, 1.002
RegionID:2
Center:-0.313,-0.299,1.052
Normal:-0.065,-0.217,-0.974
NumPatches:30
-0.347, -0.282, 1.049
-0.357, -0.282, 1.050
-0.357, -0.273, 1.050
-0.357, -0.264, 1.049
-0.347, -0.263, 1.047
-0.337, -0.272, 1.046
-0.349, -0.292, 1.053
-0.340, -0.292, 1.053
-0.330, -0.301, 1.052
-0.320, -0.300, 1.049
-0.311, -0.292, 1.050
-0.310, -0.282, 1.048
-0.302, -0.292, 1.051
-0.293, -0.292, 1.050
-0.303, -0.302, 1.053
-0.312, -0.311, 1.054
-0.321, -0.310, 1.051
-0.313, -0.321, 1.056
-0.324, -0.331, 1.061
-0.314, -0.331, 1.058
-0.325, -0.342, 1.064
-0.294, -0.301, 1.052
-0.284, -0.301, 1.051
-0.294, -0.311, 1.052
-0.285, -0.311, 1.053
-0.274, -0.300, 1.049
-0.274, -0.291, 1.047
-0.265, -0.309, 1.049
-0.276, -0.321, 1.057
-0.275, -0.310, 1.051
RegionID:3
Center:-0.407,-0.260,1.048
Normal:-0.087,-0.219,-0.972
NumPatches:70
-0.474, -0.324, 1.068
-0.484, -0.325, 1.069
-0.474, -0.315, 1.066
-0.473, -0.305, 1.066
-0.464, -0.305, 1.065
-0.455, -0.305, 1.066
-0.464, -0.314, 1.066
-0.445, -0.295, 1.064
-0.443, -0.285, 1.060
-0.442, -0.275, 1.056
-0.449, -0.265, 1.052
-0.458, -0.255, 1.052
-0.467, -0.255, 1.051
-0.466, -0.246, 1.050
-0.456, -0.236, 1.046
-0.455, -0.226, 1.044
-0.457, -0.246, 1.049
-0.433, -0.284, 1.057
-0.423, -0.284, 1.055
-0.433, -0.294, 1.057
-0.412, -0.274, 1.051
-0.411, -0.264, 1.048
-0.420, -0.255, 1.048
-0.428, -0.245, 1.045
-0.438, -0.245, 1.046
-0.428, -0.235, 1.044
-0.438, -0.227, 1.048
-0.417, -0.226, 1.041
-0.407, -0.225, 1.039
-0.417, -0.235, 1.041
-0.408, -0.234, 1.040
-0.419, -0.245, 1.045
-0.411, -0.254, 1.047
-0.400, -0.253, 1.043
-0.391, -0.244, 1.043
-0.399, -0.235, 1.041
-0.390, -0.225, 1.040
-0.379, -0.215, 1.034
-0.371, -0.225, 1.038
-0.380, -0.225, 1.038
-0.390, -0.235, 1.041
-0.360, -0.215, 1.032
-0.351, -0.206, 1.033
-0.341, -0.196, 1.031
-0.331, -0.187, 1.026
-0.321, -0.177, 1.024
-0.332, -0.196, 1.028
-0.341, -0.205, 1.031
-0.351, -0.215, 1.032
-0.361, -0.224, 1.035
-0.352, -0.224, 1.035
-0.342, -0.215, 1.031
-0.343, -0.225, 1.036
-0.391, -0.253, 1.044
-0.401, -0.263, 1.045
-0.402, -0.273, 1.048
-0.413, -0.283, 1.054
-0.404, -0.283, 1.054
-0.395, -0.293, 1.054
-0.385, -0.292, 1.051
-0.396, -0.302, 1.056
-0.386, -0.302, 1.054
-0.376, -0.292, 1.051
-0.376, -0.302, 1.054
-0.388, -0.313, 1.061
-0.378, -0.312, 1.057
-0.369, -0.312, 1.058
-0.369, -0.322, 1.060
-0.378, -0.331, 1.059
-0.476, -0.335, 1.071
RegionID:4
Center:0.398,-0.100,0.967
Normal:0.085,-0.204,-0.975
NumPatches:20
0.391, -0.058, 0.959
0.383, -0.066, 0.959
0.392, -0.074, 0.960
0.384, -0.083, 0.963
0.392, -0.083, 0.962
0.385, -0.091, 0.963
0.393, -0.091, 0.963
0.385, -0.100, 0.964
0.394, -0.100, 0.966
0.386, -0.109, 0.967
0.396, -0.118, 0.971
0.387, -0.117, 0.969
0.405, -0.118, 0.972
0.413, -0.109, 0.971
0.403, -0.100, 0.967
0.412, -0.100, 0.968
0.419, -0.100, 0.966
0.413, -0.118, 0.971
0.406, -0.126, 0.975
0.414, -0.126, 0.973
RegionID:5
Center:-0.452,-0.027,1.001
Normal:-0.100,-0.188,-0.977
NumPatches:42
-0.448, 0.018, 0.988
-0.456, 0.009, 0.989
-0.460, 0.001, 0.997
-0.471, -0.008, 1.001
-0.479, -0.017, 0.999
-0.488, -0.025, 1.000
-0.480, -0.025, 1.001
-0.472, -0.025, 1.003
-0.465, -0.034, 1.007
-0.455, -0.034, 1.005
-0.465, -0.043, 1.007
-0.475, -0.052, 1.009
-0.485, -0.061, 1.013
-0.475, -0.061, 1.011
-0.465, -0.052, 1.007
-0.455, -0.043, 1.006
-0.445, -0.034, 1.002
-0.444, -0.025, 1.000
-0.436, -0.025, 1.001
-0.427, -0.025, 1.000
-0.436, -0.034, 1.000
-0.436, -0.043, 1.001
-0.445, -0.052, 1.001
-0.456, -0.061, 1.006
-0.467, -0.061, 1.011
-0.475, -0.070, 1.011
-0.448, -0.069, 1.008
-0.437, -0.060, 1.004
-0.428, -0.069, 1.002
-0.439, -0.078, 1.008
-0.417, -0.017, 0.997
-0.416, -0.008, 0.996
-0.415, 0.001, 0.993
-0.414, 0.009, 0.989
-0.422, 0.018, 0.989
-0.431, 0.018, 0.989
-0.422, 0.026, 0.988
-0.417, -0.025, 0.997
-0.479, -0.008, 1.001
-0.488, 0.001, 1.000
-0.479, 0.001, 1.000
-0.461, -0.008, 1.000
RegionID:6
Center:-0.040,0.293,0.816
Normal:-0.056,-0.200,-0.978
NumPatches:122
0.034, 0.348, 0.799
0.027, 0.342, 0.801
0.034, 0.342, 0.802
0.027, 0.336, 0.803
0.034, 0.330, 0.806
0.027, 0.330, 0.805
0.034, 0.323, 0.805
0.041, 0.322, 0.804
0.041, 0.316, 0.805
0.042, 0.310, 0.808
0.042, 0.303, 0.809
0.042, 0.296, 0.809
0.042, 0.290, 0.810
0.042, 0.283, 0.813
0.042, 0.277, 0.815
0.042, 0.271, 0.817
0.042, 0.264, 0.818
0.042, 0.257, 0.819
0.042, 0.250, 0.820
0.049, 0.244, 0.822
0.042, 0.244, 0.821
0.049, 0.237, 0.823
0.050, 0.230, 0.824
0.050, 0.223, 0.825
0.050, 0.216, 0.825
0.050, 0.209, 0.827
0.050, 0.202, 0.829
0.043, 0.196, 0.832
0.036, 0.196, 0.832
0.028, 0.196, 0.832
0.021, 0.196, 0.832
0.014, 0.196, 0.833
0.007, 0.196, 0.833
-0.001, 0.196, 0.834
-0.008, 0.190, 0.837
-0.008, 0.204, 0.833
-0.015, 0.204, 0.834
-0.022, 0.197, 0.835
-0.030, 0.190, 0.838
-0.037, 0.190, 0.837
-0.044, 0.190, 0.837
-0.052, 0.190, 0.837
-0.059, 0.190, 0.837
-0.066, 0.190, 0.837
-0.074, 0.190, 0.839
-0.081, 0.183, 0.840
-0.088, 0.183, 0.839
-0.096, 0.184, 0.841
-0.103, 0.184, 0.842
-0.111, 0.184, 0.842
-0.110, 0.191, 0.840
-0.110, 0.198, 0.839
-0.110, 0.205, 0.838
-0.110, 0.212, 0.837
-0.110, 0.219, 0.836
-0.110, 0.226, 0.835
-0.116, 0.232, 0.832
-0.116, 0.239, 0.830
-0.116, 0.246, 0.829
-0.116, 0.253, 0.829
-0.116, 0.260, 0.828
-0.116, 0.266, 0.826
-0.115, 0.273, 0.824
-0.115, 0.280, 0.823
-0.122, 0.287, 0.822
-0.122, 0.293, 0.820
-0.122, 0.299, 0.818
-0.121, 0.306, 0.816
-0.121, 0.313, 0.815
-0.121, 0.320, 0.815
-0.121, 0.327, 0.815
-0.121, 0.333, 0.814
-0.128, 0.340, 0.812
-0.127, 0.346, 0.810
-0.127, 0.352, 0.809
-0.127, 0.359, 0.807
-0.127, 0.365, 0.805
-0.126, 0.371, 0.804
-0.126, 0.378, 0.803
-0.133, 0.384, 0.802
-0.133, 0.390, 0.800
-0.126, 0.391, 0.800
-0.119, 0.390, 0.800
-0.126, 0.384, 0.802
-0.112, 0.390, 0.800
-0.105, 0.391, 0.801
-0.098, 0.391, 0.801
-0.091, 0.390, 0.799
-0.084, 0.390, 0.799
-0.077, 0.389, 0.798
-0.070, 0.389, 0.797
-0.063, 0.389, 0.797
-0.056, 0.388, 0.796
-0.049, 0.388, 0.796
-0.042, 0.388, 0.796
-0.035, 0.388, 0.795
-0.028, 0.388, 0.795
-0.021, 0.388, 0.795
-0.014, 0.388, 0.796
-0.008, 0.382, 0.796
-0.014, 0.382, 0.798
-0.001, 0.387, 0.794
0.006, 0.388, 0.795
-0.001, 0.382, 0.796
0.013, 0.387, 0.794
0.020, 0.387, 0.793
0.027, 0.387, 0.792
0.034, 0.387, 0.793
0.034, 0.381, 0.795
0.034, 0.375, 0.797
0.034, 0.369, 0.798
0.034, 0.362, 0.799
0.034, 0.355, 0.798
-0.121, 0.339, 0.811
-0.115, 0.287, 0.822
-0.109, 0.232, 0.833
-0.081, 0.190, 0.839
-0.023, 0.191, 0.840
-0.022, 0.204, 0.834
-0.001, 0.203, 0.832
0.050, 0.196, 0.831
0.041, 0.337, 0.805
RegionID:7
Center:0.194,0.304,0.802
Normal:-0.049,-0.200,-0.979
NumPatches:117
0.171, 0.215, 0.821
0.164, 0.215, 0.822
0.157, 0.215, 0.822
0.150, 0.216, 0.824
0.143, 0.216, 0.824
0.135, 0.216, 0.824
0.128, 0.216, 0.824
0.121, 0.216, 0.825
0.121, 0.222, 0.823
0.121, 0.229, 0.822
0.121, 0.236, 0.821
0.121, 0.243, 0.820
0.120, 0.249, 0.817
0.120, 0.256, 0.815
0.120, 0.263, 0.814
0.119, 0.269, 0.812
0.119, 0.275, 0.810
0.126, 0.283, 0.811
0.119, 0.290, 0.811
0.112, 0.296, 0.809
0.112, 0.303, 0.808
0.112, 0.309, 0.806
0.111, 0.315, 0.804
0.111, 0.322, 0.802
0.111, 0.328, 0.801
0.111, 0.334, 0.799
0.110, 0.341, 0.798
0.110, 0.347, 0.797
0.110, 0.354, 0.796
0.110, 0.360, 0.794
0.103, 0.366, 0.793
0.103, 0.373, 0.792
0.103, 0.379, 0.792
0.103, 0.386, 0.791
0.110, 0.379, 0.792
0.116, 0.386, 0.790
0.123, 0.385, 0.790
0.116, 0.379, 0.791
0.130, 0.385, 0.789
0.137, 0.385, 0.789
0.143, 0.385, 0.788
0.150, 0.384, 0.787
0.157, 0.384, 0.787
0.164, 0.384, 0.787
0.170, 0.383, 0.786
0.164, 0.377, 0.787
0.170, 0.377, 0.786
0.164, 0.371, 0.790
0.172, 0.366, 0.792
0.165, 0.366, 0.793
0.172, 0.359, 0.792
0.178, 0.358, 0.791
0.185, 0.365, 0.790
0.178, 0.371, 0.790
0.177, 0.377, 0.786
0.177, 0.383, 0.786
0.184, 0.383, 0.786
0.191, 0.383, 0.785
0.197, 0.383, 0.785
0.204, 0.383, 0.785
0.211, 0.383, 0.786
0.218, 0.383, 0.786
0.225, 0.383, 0.785
0.231, 0.382, 0.784
0.237, 0.382, 0.782
0.244, 0.382, 0.782
0.251, 0.382, 0.783
0.258, 0.382, 0.784
0.266, 0.383, 0.785
0.266, 0.376, 0.785
0.266, 0.370, 0.786
0.267, 0.364, 0.788
0.274, 0.357, 0.789
0.267, 0.357, 0.789
0.274, 0.351, 0.789
0.274, 0.344, 0.790
0.275, 0.338, 0.792
0.275, 0.332, 0.793
0.276, 0.326, 0.795
0.276, 0.319, 0.796
0.277, 0.313, 0.798
0.277, 0.306, 0.799
0.278, 0.300, 0.800
0.278, 0.293, 0.800
0.278, 0.286, 0.801
0.279, 0.280, 0.803
0.279, 0.273, 0.804
0.280, 0.267, 0.805
0.280, 0.260, 0.807
0.281, 0.254, 0.808
0.281, 0.247, 0.809
0.281, 0.240, 0.810
0.282, 0.234, 0.812
0.275, 0.227, 0.814
0.268, 0.227, 0.814
0.262, 0.227, 0.815
0.255, 0.227, 0.815
0.247, 0.227, 0.815
0.241, 0.228, 0.816
0.234, 0.228, 0.816
0.227, 0.221, 0.816
0.219, 0.221, 0.816
0.213, 0.221, 0.818
0.206, 0.221, 0.818
0.199, 0.221, 0.818
0.192, 0.221, 0.818
0.185, 0.222, 0.819
0.178, 0.222, 0.820
0.171, 0.222, 0.821
0.226, 0.228, 0.815
0.282, 0.227, 0.813
0.185, 0.371, 0.789
0.185, 0.359, 0.791
0.110, 0.366, 0.793
0.119, 0.296, 0.809
0.126, 0.290, 0.810
0.126, 0.276, 0.811
RegionID:8
Center:0.462,0.354,0.871
Normal:-0.028,-0.191,-0.981
NumPatches:116
0.509, 0.279, 0.888
0.514, 0.285, 0.883
0.505, 0.292, 0.881
0.497, 0.299, 0.880
0.495, 0.306, 0.878
0.494, 0.313, 0.875
0.494, 0.321, 0.876
0.502, 0.328, 0.875
0.500, 0.335, 0.873
0.509, 0.343, 0.874
0.500, 0.349, 0.872
0.498, 0.356, 0.869
0.490, 0.363, 0.869
0.489, 0.370, 0.867
0.481, 0.377, 0.865
0.473, 0.384, 0.864
0.464, 0.383, 0.863
0.457, 0.376, 0.863
0.452, 0.370, 0.867
0.444, 0.370, 0.866
0.436, 0.370, 0.866
0.429, 0.370, 0.867
0.423, 0.364, 0.870
0.416, 0.365, 0.871
0.408, 0.357, 0.871
0.401, 0.357, 0.872
0.400, 0.364, 0.870
0.392, 0.371, 0.869
0.392, 0.378, 0.868
0.391, 0.385, 0.866
0.383, 0.392, 0.865
0.383, 0.400, 0.865
0.375, 0.407, 0.864
0.368, 0.407, 0.864
0.360, 0.407, 0.864
0.353, 0.407, 0.865
0.375, 0.414, 0.865
0.390, 0.392, 0.864
0.397, 0.399, 0.864
0.405, 0.407, 0.865
0.397, 0.391, 0.863
0.398, 0.384, 0.864
0.406, 0.377, 0.866
0.400, 0.371, 0.869
0.399, 0.378, 0.867
0.408, 0.371, 0.870
0.416, 0.372, 0.870
0.408, 0.364, 0.871
0.422, 0.378, 0.867
0.413, 0.384, 0.865
0.429, 0.385, 0.867
0.435, 0.391, 0.863
0.428, 0.399, 0.864
0.427, 0.405, 0.862
0.419, 0.412, 0.861
0.418, 0.420, 0.860
0.425, 0.419, 0.859
0.433, 0.420, 0.860
0.426, 0.412, 0.860
0.433, 0.412, 0.860
0.433, 0.404, 0.859
0.442, 0.391, 0.862
0.436, 0.384, 0.865
0.429, 0.378, 0.867
0.422, 0.371, 0.868
0.449, 0.390, 0.862
0.457, 0.383, 0.862
0.450, 0.377, 0.864
0.450, 0.383, 0.863
0.416, 0.349, 0.871
0.410, 0.343, 0.874
0.403, 0.336, 0.876
0.411, 0.336, 0.877
0.417, 0.343, 0.874
0.419, 0.336, 0.877
0.453, 0.364, 0.869
0.472, 0.391, 0.863
0.480, 0.391, 0.864
0.489, 0.385, 0.866
0.481, 0.385, 0.865
0.489, 0.377, 0.866
0.496, 0.377, 0.865
0.503, 0.377, 0.865
0.497, 0.370, 0.866
0.498, 0.363, 0.868
0.506, 0.356, 0.869
0.508, 0.335, 0.874
0.509, 0.328, 0.875
0.503, 0.321, 0.877
0.504, 0.299, 0.880
0.512, 0.299, 0.879
0.519, 0.299, 0.879
0.513, 0.292, 0.881
0.520, 0.292, 0.881
0.526, 0.291, 0.878
0.521, 0.285, 0.882
0.527, 0.284, 0.880
0.536, 0.284, 0.882
0.529, 0.277, 0.883
0.524, 0.271, 0.887
0.537, 0.277, 0.884
0.538, 0.270, 0.885
0.542, 0.291, 0.880
0.533, 0.298, 0.876
0.526, 0.306, 0.877
0.517, 0.313, 0.876
0.525, 0.313, 0.876
0.533, 0.313, 0.877
0.541, 0.313, 0.877
0.533, 0.306, 0.877
0.541, 0.306, 0.878
0.549, 0.314, 0.878
0.550, 0.299, 0.880
0.541, 0.298, 0.878
0.552, 0.285, 0.882
0.560, 0.285, 0.883
