NumRegions:9
RegionID:0
Center:0.120,-0.124,0.796
Normal:-0.098,0.036,-0.995
NumPatches:318
0.098, 0.050, 0.809
0.105, 0.057, 0.807
0.111, 0.057, 0.805
0.118, 0.057, 0.804
0.111, 0.050, 0.804
0.111, 0.043, 0.804
0.111, 0.036, 0.804
0.111, 0.028, 0.802
0.111, 0.021, 0.802
0.104, 0.015, 0.805
0.097, 0.008, 0.805
0.090, 0.001, 0.802
0.090, 0.008, 0.803
0.083, 0.015, 0.804
0.083, 0.022, 0.805
0.083, 0.029, 0.806
0.083, 0.036, 0.806
0.083, 0.043, 0.806
0.077, 0.050, 0.807
0.070, 0.057, 0.807
0.063, 0.057, 0.808
0.056, 0.057, 0.809
0.049, 0.050, 0.808
0.042, 0.050, 0.808
0.035, 0.050, 0.809
0.028, 0.050, 0.811
0.021, 0.050, 0.812
0.014, 0.050, 0.812
0.006, 0.050, 0.812
-0.001, 0.050, 0.813
-0.008, 0.050, 0.814
-0.015, 0.050, 0.816
-0.022, 0.043, 0.816
-0.029, 0.043, 0.816
-0.036, 0.043, 0.816
-0.043, 0.043, 0.817
-0.050, 0.043, 0.817
-0.057, 0.043, 0.818
-0.065, 0.043, 0.819
-0.072, 0.036, 0.820
-0.079, 0.029, 0.822
-0.072, 0.029, 0.821
-0.079, 0.022, 0.822
-0.072, 0.022, 0.820
-0.072, 0.015, 0.819
-0.072, 0.008, 0.819
-0.072, 0.001, 0.819
-0.072, -0.007, 0.818
-0.072, -0.014, 0.818
-0.072, -0.021, 0.818
-0.072, -0.028, 0.818
-0.072, -0.035, 0.817
-0.072, -0.042, 0.816
-0.072, -0.049, 0.817
-0.065, -0.056, 0.817
-0.072, -0.056, 0.817
-0.065, -0.063, 0.817
-0.065, -0.070, 0.817
-0.064, -0.078, 0.816
-0.064, -0.085, 0.815
-0.064, -0.092, 0.814
-0.064, -0.098, 0.813
-0.064, -0.106, 0.813
-0.064, -0.113, 0.813
-0.064, -0.120, 0.813
-0.064, -0.127, 0.813
-0.064, -0.134, 0.812
-0.064, -0.141, 0.813
-0.057, -0.148, 0.812
-0.064, -0.148, 0.813
-0.057, -0.155, 0.812
-0.057, -0.162, 0.811
-0.057, -0.169, 0.811
-0.057, -0.176, 0.810
-0.057, -0.182, 0.809
-0.057, -0.189, 0.809
-0.057, -0.197, 0.810
-0.057, -0.204, 0.812
-0.050, -0.211, 0.811
-0.057, -0.211, 0.812
-0.050, -0.218, 0.811
-0.050, -0.225, 0.810
-0.050, -0.231, 0.808
-0.043, -0.238, 0.807
-0.050, -0.245, 0.807
-0.050, -0.238, 0.808
-0.043, -0.245, 0.806
-0.050, -0.252, 0.808
-0.043, -0.259, 0.807
-0.050, -0.266, 0.807
-0.050, -0.259, 0.808
-0.050, -0.273, 0.807
-0.043, -0.280, 0.807
-0.050, -0.281, 0.808
-0.043, -0.288, 0.808
-0.043, -0.294, 0.807
-0.043, -0.301, 0.806
-0.043, -0.308, 0.806
-0.036, -0.314, 0.804
-0.043, -0.315, 0.806
-0.036, -0.321, 0.804
-0.029, -0.321, 0.804
-0.022, -0.321, 0.804
-0.015, -0.314, 0.803
-0.008, -0.314, 0.802
-0.015, -0.320, 0.802
-0.001, -0.313, 0.802
0.006, -0.313, 0.801
0.013, -0.312, 0.800
0.020, -0.312, 0.798
0.027, -0.312, 0.798
0.034, -0.312, 0.797
0.041, -0.311, 0.797
0.048, -0.312, 0.797
0.055, -0.311, 0.797
0.062, -0.311, 0.796
0.069, -0.311, 0.795
0.075, -0.304, 0.795
0.075, -0.297, 0.795
0.076, -0.290, 0.796
0.082, -0.283, 0.795
0.089, -0.282, 0.793
0.082, -0.290, 0.795
0.096, -0.282, 0.791
0.096, -0.289, 0.791
0.096, -0.296, 0.792
0.103, -0.303, 0.792
0.096, -0.303, 0.793
0.110, -0.302, 0.791
0.116, -0.302, 0.791
0.123, -0.303, 0.792
0.130, -0.295, 0.791
0.137, -0.288, 0.790
0.143, -0.287, 0.788
0.137, -0.294, 0.788
0.130, -0.303, 0.792
0.143, -0.300, 0.786
0.150, -0.293, 0.786
0.150, -0.287, 0.787
0.156, -0.300, 0.785
0.150, -0.300, 0.786
0.163, -0.299, 0.784
0.170, -0.299, 0.783
0.177, -0.300, 0.784
0.183, -0.299, 0.783
0.190, -0.299, 0.782
0.197, -0.292, 0.782
0.203, -0.292, 0.781
0.197, -0.299, 0.782
0.210, -0.291, 0.781
0.216, -0.291, 0.779
0.223, -0.290, 0.778
0.229, -0.290, 0.778
0.236, -0.290, 0.778
0.243, -0.290, 0.777
0.249, -0.290, 0.776
0.256, -0.290, 0.776
0.262, -0.289, 0.774
0.269, -0.289, 0.774
0.275, -0.289, 0.774
0.282, -0.289, 0.773
0.288, -0.289, 0.773
0.295, -0.281, 0.771
0.301, -0.281, 0.770
0.294, -0.288, 0.771
0.307, -0.274, 0.769
0.307, -0.267, 0.770
0.308, -0.261, 0.771
0.308, -0.254, 0.771
0.308, -0.248, 0.772
0.302, -0.242, 0.774
0.302, -0.235, 0.774
0.302, -0.228, 0.774
0.302, -0.221, 0.773
0.302, -0.215, 0.773
0.302, -0.208, 0.773
0.302, -0.201, 0.773
0.302, -0.195, 0.773
0.296, -0.188, 0.776
0.296, -0.182, 0.776
0.296, -0.175, 0.776
0.296, -0.168, 0.776
0.296, -0.161, 0.776
0.297, -0.155, 0.777
0.297, -0.148, 0.778
0.297, -0.142, 0.778
0.291, -0.135, 0.779
0.291, -0.128, 0.780
0.291, -0.122, 0.780
0.291, -0.115, 0.780
0.291, -0.108, 0.780
0.291, -0.101, 0.780
0.291, -0.094, 0.779
0.291, -0.088, 0.780
0.291, -0.081, 0.781
0.285, -0.074, 0.781
0.285, -0.067, 0.781
0.285, -0.061, 0.782
0.285, -0.054, 0.782
0.285, -0.047, 0.783
0.285, -0.040, 0.783
0.285, -0.034, 0.783
0.285, -0.027, 0.783
0.285, -0.020, 0.783
0.279, -0.013, 0.785
0.280, -0.006, 0.786
0.280, 0.001, 0.786
0.279, 0.007, 0.785
0.279, 0.014, 0.785
0.279, 0.021, 0.785
0.279, 0.028, 0.785
0.280, 0.035, 0.786
0.273, 0.042, 0.787
0.274, 0.049, 0.788
0.274, 0.055, 0.788
0.274, 0.062, 0.788
0.274, 0.069, 0.788
0.267, 0.076, 0.789
0.260, 0.076, 0.789
0.253, 0.076, 0.789
0.247, 0.076, 0.791
0.240, 0.076, 0.792
0.234, 0.076, 0.793
0.227, 0.077, 0.794
0.220, 0.070, 0.794
0.213, 0.070, 0.794
0.207, 0.070, 0.795
0.200, 0.070, 0.796
0.194, 0.070, 0.797
0.187, 0.070, 0.798
0.180, 0.070, 0.798
0.173, 0.070, 0.799
0.166, 0.063, 0.798
0.159, 0.063, 0.799
0.153, 0.063, 0.800
0.146, 0.063, 0.801
0.139, 0.063, 0.802
0.132, 0.063, 0.802
0.125, 0.056, 0.802
0.125, 0.063, 0.803
0.166, 0.070, 0.800
0.220, 0.077, 0.794
0.274, 0.076, 0.788
0.280, 0.042, 0.787
0.286, -0.013, 0.784
0.291, -0.074, 0.781
0.298, -0.135, 0.779
0.302, -0.188, 0.774
0.309, -0.242, 0.774
0.307, -0.280, 0.769
0.082, -0.310, 0.794
0.075, -0.310, 0.794
-0.036, -0.273, 0.806
-0.036, -0.265, 0.805
-0.036, -0.258, 0.805
-0.036, -0.252, 0.806
-0.029, -0.245, 0.807
-0.036, -0.238, 0.808
-0.036, -0.231, 0.808
-0.029, -0.231, 0.807
-0.022, -0.231, 0.806
-0.022, -0.238, 0.805
-0.022, -0.245, 0.805
-0.029, -0.252, 0.806
-0.022, -0.251, 0.805
-0.022, -0.258, 0.804
-0.022, -0.265, 0.804
-0.029, -0.273, 0.806
-0.022, -0.272, 0.805
-0.072, 0.043, 0.820
-0.022, 0.050, 0.817
0.049, 0.057, 0.809
0.077, 0.057, 0.807
0.084, 0.050, 0.807
0.090, 0.015, 0.804
0.097, 0.001, 0.804
0.090, -0.006, 0.801
0.083, -0.013, 0.802
0.090, -0.013, 0.801
0.083, -0.020, 0.802
0.090, -0.027, 0.803
0.083, -0.027, 0.803
0.097, -0.020, 0.802
0.104, -0.020, 0.804
0.097, -0.027, 0.803
0.104, -0.027, 0.804
0.097, -0.034, 0.802
0.097, -0.041, 0.801
0.104, -0.048, 0.802
0.097, -0.055, 0.802
0.097, -0.048, 0.801
0.104, -0.055, 0.802
0.097, -0.062, 0.801
0.097, -0.069, 0.800
0.104, -0.076, 0.801
0.097, -0.076, 0.800
0.104, -0.083, 0.800
0.111, -0.083, 0.800
0.117, -0.076, 0.798
0.111, -0.069, 0.802
0.111, -0.062, 0.802
0.118, -0.055, 0.799
0.111, -0.048, 0.802
0.118, -0.041, 0.799
0.118, -0.034, 0.799
0.111, -0.027, 0.801
0.111, -0.020, 0.801
0.111, -0.013, 0.802
0.111, -0.006, 0.803
0.111, 0.001, 0.803
0.104, 0.008, 0.805
0.111, 0.015, 0.803
0.111, 0.008, 0.804
0.118, -0.027, 0.799
0.117, -0.048, 0.799
0.118, -0.062, 0.800
0.118, -0.069, 0.800
0.117, -0.083, 0.798
RegionID:1
Center:0.031,0.066,0.952
Normal:-0.054,-0.207,-0.977
NumPatches:2165
-0.242, -0.398, 1.067
-0.241, -0.388, 1.064
-0.241, -0.378, 1.061
-0.231, -0.368, 1.060
-0.231, -0.358, 1.058
-0.221, -0.357, 1.056
-0.212, -0.348, 1.054
-0.211, -0.338, 1.051
-0.211, -0.328, 1.049
-0.219, -0.318, 1.048
-0.210, -0.318, 1.047
-0.201, -0.328, 1.049
-0.192, -0.317, 1.045
-0.183, -0.317, 1.045
-0.192, -0.327, 1.046
-0.202, -0.337, 1.050
-0.192, -0.336, 1.047
-0.202, -0.347, 1.051
-0.212, -0.357, 1.055
-0.203, -0.357, 1.055
-0.213, -0.368, 1.059
-0.203, -0.367, 1.058
-0.193, -0.357, 1.054
-0.194, -0.367, 1.056
-0.185, -0.377, 1.058
-0.194, -0.386, 1.059
-0.204, -0.387, 1.060
-0.194, -0.377, 1.058
-0.185, -0.395, 1.059
-0.176, -0.386, 1.059
-0.176, -0.395, 1.059
-0.168, -0.407, 1.065
-0.159, -0.417, 1.067
-0.174, -0.318, 1.046
-0.164, -0.309, 1.046
-0.173, -0.299, 1.044
-0.163, -0.289, 1.039
-0.171, -0.277, 1.031
-0.154, -0.278, 1.035
-0.153, -0.269, 1.032
-0.153, -0.259, 1.029
-0.162, -0.251, 1.031
-0.171, -0.260, 1.032
-0.180, -0.250, 1.028
-0.188, -0.240, 1.027
-0.188, -0.231, 1.025
-0.188, -0.222, 1.024
-0.187, -0.213, 1.022
-0.187, -0.204, 1.021
-0.196, -0.194, 1.019
-0.205, -0.195, 1.022
-0.214, -0.204, 1.022
-0.223, -0.213, 1.022
-0.232, -0.213, 1.025
-0.242, -0.213, 1.026
-0.251, -0.223, 1.027
-0.262, -0.233, 1.034
-0.270, -0.224, 1.032
-0.279, -0.215, 1.032
-0.289, -0.224, 1.035
-0.298, -0.234, 1.036
-0.308, -0.243, 1.038
-0.317, -0.243, 1.040
-0.316, -0.234, 1.036
-0.325, -0.224, 1.035
-0.333, -0.224, 1.034
-0.342, -0.224, 1.032
-0.351, -0.224, 1.032
-0.359, -0.214, 1.029
-0.368, -0.205, 1.030
-0.378, -0.215, 1.032
-0.377, -0.197, 1.031
-0.386, -0.197, 1.031
-0.387, -0.188, 1.032
-0.395, -0.179, 1.030
-0.403, -0.178, 1.029
-0.412, -0.178, 1.028
-0.421, -0.187, 1.029
-0.433, -0.197, 1.036
-0.443, -0.198, 1.038
-0.434, -0.207, 1.038
-0.424, -0.206, 1.035
-0.421, -0.169, 1.029
-0.431, -0.170, 1.031
-0.440, -0.161, 1.032
-0.449, -0.161, 1.031
-0.448, -0.151, 1.029
-0.447, -0.142, 1.027
-0.439, -0.151, 1.029
-0.431, -0.161, 1.030
-0.421, -0.160, 1.027
-0.411, -0.160, 1.025
-0.401, -0.160, 1.024
-0.411, -0.169, 1.026
-0.392, -0.159, 1.023
-0.384, -0.160, 1.025
-0.384, -0.169, 1.026
-0.386, -0.178, 1.030
-0.367, -0.187, 1.026
-0.359, -0.205, 1.030
-0.342, -0.215, 1.032
-0.333, -0.206, 1.031
-0.324, -0.206, 1.031
-0.333, -0.215, 1.033
-0.314, -0.205, 1.030
-0.315, -0.215, 1.033
-0.307, -0.224, 1.035
-0.316, -0.224, 1.034
-0.298, -0.225, 1.037
-0.298, -0.243, 1.036
-0.299, -0.252, 1.038
-0.309, -0.263, 1.044
-0.319, -0.272, 1.044
-0.328, -0.272, 1.046
-0.338, -0.273, 1.047
-0.348, -0.283, 1.051
-0.359, -0.294, 1.058
-0.370, -0.304, 1.061
-0.379, -0.313, 1.061
-0.378, -0.303, 1.059
-0.370, -0.314, 1.063
-0.380, -0.323, 1.064
-0.371, -0.323, 1.063
-0.361, -0.313, 1.062
-0.350, -0.312, 1.058
-0.361, -0.322, 1.061
-0.371, -0.332, 1.063
-0.350, -0.321, 1.058
-0.341, -0.321, 1.057
-0.351, -0.331, 1.059
-0.352, -0.341, 1.063
-0.331, -0.311, 1.055
-0.331, -0.321, 1.056
-0.332, -0.331, 1.059
-0.323, -0.340, 1.060
-0.333, -0.341, 1.060
-0.357, -0.283, 1.052
-0.356, -0.272, 1.047
-0.365, -0.263, 1.047
-0.374, -0.273, 1.048
-0.384, -0.273, 1.049
-0.393, -0.273, 1.048
-0.403, -0.283, 1.051
-0.414, -0.294, 1.057
-0.425, -0.304, 1.060
-0.435, -0.304, 1.061
-0.444, -0.304, 1.063
-0.455, -0.314, 1.065
-0.464, -0.305, 1.065
-0.454, -0.305, 1.064
-0.454, -0.323, 1.064
-0.427, -0.314, 1.066
-0.416, -0.304, 1.061
-0.404, -0.293, 1.054
-0.395, -0.293, 1.054
-0.406, -0.303, 1.058
-0.418, -0.315, 1.066
-0.408, -0.314, 1.064
-0.419, -0.324, 1.068
-0.409, -0.324, 1.067
-0.419, -0.334, 1.068
-0.409, -0.343, 1.068
-0.419, -0.343, 1.069
-0.410, -0.352, 1.068
-0.401, -0.344, 1.070
-0.401, -0.353, 1.070
-0.396, -0.303, 1.057
-0.412, -0.273, 1.050
-0.421, -0.274, 1.051
-0.421, -0.264, 1.049
-0.430, -0.255, 1.051
-0.438, -0.245, 1.048
-0.448, -0.255, 1.050
-0.457, -0.255, 1.050
-0.466, -0.255, 1.049
-0.449, -0.265, 1.052
-0.442, -0.275, 1.056
-0.443, -0.285, 1.060
-0.427, -0.235, 1.044
-0.429, -0.245, 1.047
-0.421, -0.255, 1.049
-0.412, -0.255, 1.051
-0.402, -0.264, 1.050
-0.412, -0.264, 1.051
-0.392, -0.263, 1.046
-0.383, -0.254, 1.046
-0.383, -0.245, 1.048
-0.373, -0.245, 1.045
-0.374, -0.263, 1.046
-0.347, -0.273, 1.048
-0.348, -0.292, 1.051
-0.328, -0.263, 1.045
-0.318, -0.262, 1.043
-0.309, -0.281, 1.044
-0.299, -0.270, 1.039
-0.290, -0.261, 1.039
-0.281, -0.261, 1.039
-0.290, -0.270, 1.039
-0.300, -0.280, 1.042
-0.291, -0.280, 1.043
-0.283, -0.291, 1.048
-0.293, -0.291, 1.049
-0.273, -0.281, 1.044
-0.272, -0.271, 1.041
-0.271, -0.261, 1.038
-0.263, -0.271, 1.042
-0.255, -0.271, 1.043
-0.264, -0.281, 1.043
-0.274, -0.291, 1.047
-0.255, -0.281, 1.044
-0.246, -0.271, 1.043
-0.244, -0.261, 1.038
-0.253, -0.251, 1.035
-0.252, -0.242, 1.034
-0.252, -0.232, 1.031
-0.243, -0.251, 1.033
-0.235, -0.261, 1.037
-0.225, -0.251, 1.033
-0.225, -0.241, 1.029
-0.224, -0.231, 1.025
-0.223, -0.222, 1.023
-0.214, -0.222, 1.023
-0.206, -0.232, 1.027
-0.215, -0.231, 1.025
-0.226, -0.261, 1.036
-0.236, -0.271, 1.040
-0.246, -0.281, 1.045
-0.256, -0.291, 1.047
-0.247, -0.291, 1.048
-0.237, -0.281, 1.044
-0.238, -0.301, 1.051
-0.270, -0.214, 1.031
-0.260, -0.214, 1.028
-0.250, -0.204, 1.024
-0.249, -0.195, 1.020
-0.242, -0.204, 1.025
-0.250, -0.213, 1.025
-0.223, -0.204, 1.021
-0.186, -0.185, 1.015
-0.177, -0.176, 1.014
-0.186, -0.167, 1.014
-0.194, -0.157, 1.009
-0.193, -0.148, 1.007
-0.193, -0.139, 1.007
-0.202, -0.130, 1.004
-0.211, -0.139, 1.005
-0.219, -0.130, 1.003
-0.228, -0.139, 1.006
-0.228, -0.130, 1.005
-0.209, -0.121, 1.000
-0.209, -0.112, 1.000
-0.218, -0.104, 0.999
-0.209, -0.095, 0.998
-0.201, -0.104, 1.000
-0.209, -0.104, 0.999
-0.201, -0.112, 1.000
-0.192, -0.112, 0.999
-0.183, -0.112, 0.999
-0.175, -0.112, 1.000
-0.183, -0.121, 1.000
-0.193, -0.130, 1.004
-0.184, -0.130, 1.003
-0.175, -0.130, 1.004
-0.166, -0.121, 1.002
-0.156, -0.112, 0.995
-0.156, -0.103, 0.991
-0.156, -0.094, 0.992
-0.156, -0.086, 0.994
-0.165, -0.077, 0.992
-0.173, -0.068, 0.991
-0.182, -0.068, 0.992
-0.173, -0.060, 0.991
-0.164, -0.051, 0.986
-0.163, -0.042, 0.983
-0.163, -0.033, 0.982
-0.171, -0.025, 0.980
-0.180, -0.016, 0.981
-0.189, -0.025, 0.984
-0.198, -0.034, 0.984
-0.207, -0.042, 0.987
-0.216, -0.051, 0.988
-0.225, -0.060, 0.990
-0.233, -0.060, 0.991
-0.243, -0.069, 0.995
-0.253, -0.078, 0.999
-0.262, -0.086, 1.001
-0.270, -0.095, 1.000
-0.280, -0.104, 1.005
-0.290, -0.113, 1.009
-0.299, -0.104, 1.007
-0.308, -0.105, 1.009
-0.316, -0.096, 1.006
-0.325, -0.104, 1.007
-0.333, -0.104, 1.006
-0.342, -0.104, 1.006
-0.352, -0.113, 1.010
-0.363, -0.123, 1.015
-0.374, -0.133, 1.021
-0.372, -0.123, 1.017
-0.379, -0.114, 1.012
-0.388, -0.105, 1.011
-0.397, -0.114, 1.013
-0.408, -0.123, 1.019
-0.418, -0.133, 1.021
-0.397, -0.096, 1.012
-0.405, -0.087, 1.010
-0.412, -0.078, 1.007
-0.412, -0.069, 1.005
-0.420, -0.060, 1.005
-0.430, -0.052, 1.006
-0.438, -0.060, 1.005
-0.447, -0.069, 1.007
-0.457, -0.070, 1.009
-0.456, -0.061, 1.007
-0.464, -0.052, 1.006
-0.474, -0.052, 1.008
-0.485, -0.061, 1.012
-0.494, -0.061, 1.012
-0.503, -0.070, 1.013
-0.513, -0.079, 1.015
-0.523, -0.088, 1.017
-0.532, -0.088, 1.019
-0.543, -0.097, 1.022
-0.551, -0.097, 1.021
-0.560, -0.097, 1.021
-0.559, -0.088, 1.019
-0.550, -0.088, 1.019
-0.541, -0.088, 1.019
-0.532, -0.079, 1.018
-0.531, -0.070, 1.016
-0.519, -0.061, 1.010
-0.512, -0.070, 1.013
-0.522, -0.079, 1.017
-0.513, -0.088, 1.016
-0.523, -0.097, 1.018
-0.524, -0.106, 1.020
-0.536, -0.115, 1.026
-0.526, -0.115, 1.025
-0.537, -0.124, 1.028
-0.538, -0.134, 1.030
-0.549, -0.143, 1.033
-0.559, -0.152, 1.035
-0.539, -0.143, 1.031
-0.503, -0.088, 1.014
-0.495, -0.088, 1.014
-0.487, -0.097, 1.016
-0.495, -0.096, 1.015
-0.488, -0.106, 1.019
-0.489, -0.115, 1.021
-0.481, -0.124, 1.022
-0.491, -0.133, 1.025
-0.490, -0.124, 1.022
-0.481, -0.133, 1.023
-0.472, -0.124, 1.023
-0.472, -0.115, 1.022
-0.471, -0.106, 1.020
-0.470, -0.097, 1.019
-0.460, -0.088, 1.016
-0.449, -0.078, 1.010
-0.450, -0.087, 1.013
-0.460, -0.096, 1.016
-0.502, -0.061, 1.011
-0.483, -0.052, 1.008
-0.490, -0.043, 1.005
-0.490, -0.034, 1.005
-0.490, -0.025, 1.004
-0.480, -0.034, 1.003
-0.472, -0.034, 1.003
-0.481, -0.043, 1.005
-0.463, -0.043, 1.004
-0.452, -0.034, 0.998
-0.455, -0.052, 1.005
-0.419, -0.043, 1.001
-0.417, -0.034, 0.997
-0.416, -0.025, 0.995
-0.424, -0.017, 0.992
-0.423, -0.008, 0.990
-0.423, 0.001, 0.990
-0.414, 0.009, 0.989
-0.421, 0.018, 0.985
-0.430, 0.026, 0.987
-0.439, 0.027, 0.989
-0.448, 0.035, 0.990
-0.429, 0.035, 0.985
-0.421, 0.026, 0.985
-0.412, 0.026, 0.985
-0.403, 0.026, 0.984
-0.395, 0.018, 0.985
-0.404, 0.018, 0.987
-0.405, 0.001, 0.989
-0.414, 0.001, 0.990
-0.405, -0.008, 0.990
-0.415, -0.017, 0.993
-0.397, -0.008, 0.991
-0.390, -0.017, 0.995
-0.399, -0.017, 0.994
-0.391, -0.025, 0.997
-0.391, -0.034, 0.998
-0.401, -0.043, 1.000
-0.409, -0.043, 0.999
-0.392, -0.043, 0.999
-0.382, -0.043, 0.998
-0.393, -0.052, 1.001
-0.402, -0.060, 1.003
-0.411, -0.060, 1.004
-0.403, -0.069, 1.005
-0.393, -0.060, 1.003
-0.383, -0.051, 0.998
-0.403, -0.078, 1.007
-0.396, -0.087, 1.010
-0.387, -0.096, 1.011
-0.378, -0.096, 1.008
-0.370, -0.105, 1.011
-0.378, -0.105, 1.010
-0.371, -0.114, 1.013
-0.362, -0.114, 1.012
-0.353, -0.123, 1.013
-0.364, -0.132, 1.018
-0.342, -0.095, 1.005
-0.332, -0.086, 1.002
-0.323, -0.078, 1.002
-0.322, -0.069, 0.999
-0.314, -0.069, 0.999
-0.305, -0.078, 0.999
-0.315, -0.087, 1.004
-0.324, -0.095, 1.004
-0.332, -0.095, 1.003
-0.306, -0.087, 1.003
-0.296, -0.077, 0.998
-0.286, -0.069, 0.995
-0.277, -0.068, 0.994
-0.287, -0.077, 0.997
-0.269, -0.069, 0.996
-0.262, -0.078, 1.000
-0.270, -0.086, 1.001
-0.279, -0.095, 1.001
-0.289, -0.104, 1.005
-0.281, -0.113, 1.008
-0.291, -0.122, 1.011
-0.282, -0.122, 1.010
-0.291, -0.131, 1.011
-0.291, -0.140, 1.013
-0.301, -0.150, 1.016
-0.311, -0.159, 1.019
-0.320, -0.159, 1.019
-0.310, -0.150, 1.017
-0.302, -0.159, 1.019
-0.292, -0.150, 1.016
-0.293, -0.159, 1.017
-0.274, -0.131, 1.012
-0.270, -0.078, 1.000
-0.252, -0.069, 0.996
-0.251, -0.060, 0.994
-0.251, -0.051, 0.993
-0.242, -0.051, 0.991
-0.233, -0.042, 0.989
-0.232, -0.034, 0.987
-0.232, -0.025, 0.984
-0.240, -0.016, 0.982
-0.248, -0.025, 0.982
-0.248, -0.016, 0.980
-0.239, -0.008, 0.980
-0.239, 0.001, 0.978
-0.247, 0.009, 0.976
-0.255, 0.018, 0.976
-0.265, 0.009, 0.981
-0.255, 0.026, 0.975
-0.246, 0.035, 0.974
-0.255, 0.043, 0.974
-0.246, 0.043, 0.974
-0.237, 0.051, 0.971
-0.245, 0.060, 0.970
-0.254, 0.068, 0.969
-0.262, 0.068, 0.969
-0.270, 0.060, 0.968
-0.278, 0.051, 0.965
-0.288, 0.043, 0.973
-0.298, 0.035, 0.975
-0.306, 0.035, 0.975
-0.306, 0.043, 0.975
-0.305, 0.051, 0.973
-0.305, 0.060, 0.971
-0.304, 0.068, 0.970
-0.295, 0.068, 0.968
-0.287, 0.068, 0.967
-0.278, 0.068, 0.967
-0.287, 0.060, 0.970
-0.297, 0.052, 0.974
-0.270, 0.068, 0.968
-0.298, 0.026, 0.976
-0.308, 0.018, 0.981
-0.299, 0.018, 0.980
-0.308, 0.009, 0.983
-0.300, 0.001, 0.983
-0.310, -0.008, 0.986
-0.319, -0.008, 0.989
-0.328, -0.008, 0.989
-0.336, -0.017, 0.989
-0.337, -0.025, 0.993
-0.330, -0.034, 0.996
-0.339, -0.034, 0.996
-0.336, 0.001, 0.988
-0.344, 0.001, 0.987
-0.354, -0.008, 0.991
-0.363, -0.008, 0.991
-0.372, -0.017, 0.994
-0.363, 0.001, 0.991
-0.362, 0.009, 0.989
-0.370, 0.018, 0.987
-0.369, 0.026, 0.985
-0.368, 0.035, 0.983
-0.368, 0.043, 0.982
-0.375, 0.052, 0.979
-0.383, 0.060, 0.977
-0.391, 0.060, 0.976
-0.399, 0.069, 0.975
-0.391, 0.069, 0.975
-0.382, 0.077, 0.974
-0.381, 0.085, 0.972
-0.380, 0.094, 0.970
-0.379, 0.102, 0.968
-0.369, 0.110, 0.963
-0.379, 0.118, 0.966
-0.386, 0.126, 0.964
-0.395, 0.118, 0.964
-0.402, 0.126, 0.962
-0.413, 0.118, 0.967
-0.422, 0.119, 0.970
-0.431, 0.110, 0.971
-0.440, 0.111, 0.971
-0.431, 0.119, 0.969
-0.432, 0.102, 0.971
-0.433, 0.094, 0.974
-0.441, 0.085, 0.974
-0.450, 0.077, 0.976
-0.464, 0.069, 0.986
-0.472, 0.061, 0.986
-0.480, 0.061, 0.985
-0.489, 0.052, 0.986
-0.499, 0.044, 0.987
-0.510, 0.035, 0.992
-0.520, 0.027, 0.995
-0.529, 0.018, 0.996
-0.538, 0.027, 0.996
-0.528, 0.027, 0.995
-0.521, 0.018, 0.997
-0.512, 0.027, 0.996
-0.503, 0.027, 0.996
-0.513, 0.018, 0.998
-0.513, 0.009, 0.999
-0.507, 0.044, 0.987
-0.498, 0.052, 0.986
-0.506, 0.061, 0.985
-0.496, 0.069, 0.983
-0.504, 0.077, 0.981
-0.503, 0.086, 0.979
-0.502, 0.094, 0.978
-0.492, 0.102, 0.975
-0.483, 0.102, 0.973
-0.493, 0.094, 0.977
-0.484, 0.094, 0.975
-0.485, 0.086, 0.978
-0.495, 0.077, 0.981
-0.488, 0.078, 0.982
-0.479, 0.078, 0.983
-0.480, 0.069, 0.984
-0.489, 0.061, 0.985
-0.497, 0.061, 0.985
-0.464, 0.061, 0.987
-0.452, 0.069, 0.978
-0.442, 0.077, 0.975
-0.433, 0.085, 0.974
-0.434, 0.077, 0.977
-0.427, 0.069, 0.980
-0.437, 0.061, 0.983
-0.436, 0.069, 0.981
-0.429, 0.061, 0.984
-0.421, 0.052, 0.986
-0.453, 0.052, 0.981
-0.465, 0.044, 0.988
-0.411, 0.126, 0.963
-0.394, 0.126, 0.963
-0.378, 0.126, 0.964
-0.370, 0.126, 0.964
-0.360, 0.134, 0.961
-0.359, 0.142, 0.958
-0.367, 0.150, 0.956
-0.374, 0.158, 0.953
-0.383, 0.159, 0.956
-0.392, 0.159, 0.957
-0.391, 0.167, 0.955
-0.399, 0.175, 0.955
-0.398, 0.183, 0.952
-0.390, 0.175, 0.953
-0.383, 0.167, 0.954
-0.373, 0.166, 0.951
-0.365, 0.166, 0.951
-0.357, 0.166, 0.952
-0.365, 0.158, 0.953
-0.358, 0.150, 0.956
-0.349, 0.150, 0.955
-0.341, 0.150, 0.955
-0.350, 0.142, 0.957
-0.351, 0.134, 0.959
-0.361, 0.126, 0.963
-0.369, 0.118, 0.964
-0.361, 0.118, 0.963
-0.351, 0.126, 0.960
-0.352, 0.118, 0.962
-0.360, 0.109, 0.962
-0.370, 0.101, 0.964
-0.361, 0.101, 0.963
-0.353, 0.101, 0.964
-0.345, 0.101, 0.965
-0.336, 0.101, 0.964
-0.345, 0.093, 0.967
-0.337, 0.093, 0.966
-0.346, 0.085, 0.969
-0.347, 0.077, 0.972
-0.338, 0.068, 0.970
-0.348, 0.068, 0.973
-0.339, 0.060, 0.973
-0.330, 0.060, 0.972
-0.321, 0.068, 0.969
-0.321, 0.077, 0.968
-0.329, 0.085, 0.969
-0.329, 0.093, 0.967
-0.327, 0.101, 0.963
-0.318, 0.109, 0.961
-0.309, 0.117, 0.958
-0.317, 0.126, 0.959
-0.326, 0.134, 0.959
-0.334, 0.142, 0.957
-0.333, 0.150, 0.956
-0.325, 0.150, 0.956
-0.316, 0.150, 0.954
-0.308, 0.142, 0.955
-0.316, 0.142, 0.955
-0.309, 0.134, 0.958
-0.309, 0.126, 0.958
-0.310, 0.109, 0.960
-0.319, 0.101, 0.963
-0.320, 0.085, 0.968
-0.322, 0.060, 0.972
-0.348, 0.166, 0.952
-0.340, 0.174, 0.951
-0.348, 0.183, 0.951
-0.340, 0.191, 0.951
-0.348, 0.199, 0.950
-0.354, 0.206, 0.946
-0.362, 0.206, 0.944
-0.370, 0.206, 0.943
-0.378, 0.206, 0.942
-0.378, 0.214, 0.943
-0.386, 0.222, 0.942
-0.385, 0.230, 0.941
-0.393, 0.238, 0.939
-0.401, 0.230, 0.940
-0.392, 0.245, 0.937
-0.385, 0.238, 0.940
-0.377, 0.230, 0.942
-0.368, 0.238, 0.940
-0.358, 0.245, 0.935
-0.350, 0.253, 0.935
-0.358, 0.261, 0.934
-0.365, 0.268, 0.932
-0.372, 0.275, 0.928
-0.381, 0.268, 0.930
-0.390, 0.269, 0.933
-0.398, 0.268, 0.933
-0.406, 0.260, 0.932
-0.415, 0.269, 0.933
-0.424, 0.261, 0.936
-0.423, 0.269, 0.935
-0.424, 0.277, 0.935
-0.415, 0.277, 0.934
-0.407, 0.277, 0.934
-0.399, 0.285, 0.934
-0.398, 0.293, 0.933
-0.388, 0.299, 0.927
-0.387, 0.306, 0.925
-0.386, 0.314, 0.923
-0.380, 0.292, 0.929
-0.389, 0.292, 0.931
-0.380, 0.284, 0.929
-0.371, 0.291, 0.926
-0.363, 0.283, 0.927
-0.364, 0.275, 0.929
-0.358, 0.269, 0.934
-0.350, 0.261, 0.935
-0.341, 0.268, 0.933
-0.342, 0.253, 0.935
-0.351, 0.245, 0.936
-0.359, 0.237, 0.938
-0.369, 0.230, 0.942
-0.378, 0.222, 0.943
-0.342, 0.245, 0.935
-0.334, 0.252, 0.934
-0.325, 0.260, 0.932
-0.324, 0.268, 0.930
-0.316, 0.267, 0.929
-0.307, 0.274, 0.926
-0.306, 0.282, 0.923
-0.313, 0.289, 0.921
-0.322, 0.298, 0.925
-0.331, 0.291, 0.927
-0.331, 0.299, 0.927
-0.330, 0.306, 0.924
-0.337, 0.313, 0.922
-0.337, 0.321, 0.922
-0.329, 0.321, 0.919
-0.320, 0.312, 0.918
-0.329, 0.313, 0.921
-0.322, 0.306, 0.923
-0.313, 0.305, 0.921
-0.304, 0.312, 0.918
-0.297, 0.305, 0.920
-0.305, 0.305, 0.920
-0.313, 0.297, 0.922
-0.305, 0.289, 0.920
-0.297, 0.289, 0.922
-0.289, 0.297, 0.920
-0.288, 0.304, 0.918
-0.288, 0.312, 0.918
-0.288, 0.320, 0.916
-0.279, 0.327, 0.914
-0.287, 0.334, 0.914
-0.287, 0.343, 0.914
-0.294, 0.350, 0.913
-0.278, 0.350, 0.913
-0.271, 0.350, 0.914
-0.279, 0.342, 0.913
-0.271, 0.319, 0.914
-0.279, 0.311, 0.916
-0.279, 0.319, 0.915
-0.280, 0.304, 0.916
-0.263, 0.319, 0.915
-0.256, 0.320, 0.916
-0.248, 0.320, 0.917
-0.248, 0.312, 0.918
-0.240, 0.303, 0.916
-0.249, 0.297, 0.920
-0.257, 0.289, 0.921
-0.249, 0.289, 0.922
-0.257, 0.281, 0.922
-0.249, 0.273, 0.922
-0.258, 0.274, 0.923
-0.250, 0.266, 0.924
-0.241, 0.273, 0.922
-0.241, 0.281, 0.922
-0.232, 0.288, 0.919
-0.240, 0.296, 0.918
-0.232, 0.296, 0.918
-0.224, 0.288, 0.918
-0.233, 0.281, 0.921
-0.225, 0.281, 0.920
-0.217, 0.281, 0.920
-0.225, 0.274, 0.923
-0.234, 0.266, 0.926
-0.242, 0.258, 0.926
-0.250, 0.258, 0.926
-0.242, 0.266, 0.925
-0.242, 0.251, 0.927
-0.251, 0.243, 0.930
-0.260, 0.236, 0.932
-0.268, 0.228, 0.933
-0.277, 0.220, 0.933
-0.286, 0.213, 0.937
-0.294, 0.212, 0.936
-0.302, 0.220, 0.935
-0.310, 0.221, 0.936
-0.319, 0.221, 0.937
-0.326, 0.229, 0.936
-0.334, 0.229, 0.935
-0.343, 0.229, 0.937
-0.343, 0.237, 0.937
-0.318, 0.229, 0.937
-0.310, 0.237, 0.936
-0.317, 0.244, 0.933
-0.325, 0.252, 0.933
-0.309, 0.244, 0.934
-0.302, 0.245, 0.936
-0.293, 0.244, 0.934
-0.302, 0.237, 0.936
-0.301, 0.228, 0.935
-0.293, 0.220, 0.933
-0.285, 0.244, 0.933
-0.277, 0.244, 0.933
-0.284, 0.235, 0.930
-0.269, 0.236, 0.934
-0.260, 0.244, 0.932
-0.278, 0.213, 0.937
-0.269, 0.220, 0.935
-0.243, 0.243, 0.930
-0.235, 0.243, 0.930
-0.227, 0.251, 0.929
-0.219, 0.244, 0.931
-0.227, 0.244, 0.931
-0.236, 0.236, 0.931
-0.228, 0.228, 0.935
-0.236, 0.228, 0.935
-0.228, 0.220, 0.934
-0.237, 0.212, 0.937
-0.246, 0.205, 0.940
-0.254, 0.197, 0.938
-0.254, 0.205, 0.939
-0.245, 0.213, 0.938
-0.246, 0.189, 0.939
-0.254, 0.189, 0.939
-0.238, 0.197, 0.941
-0.229, 0.205, 0.938
-0.228, 0.212, 0.935
-0.220, 0.220, 0.933
-0.211, 0.227, 0.930
-0.220, 0.236, 0.933
-0.211, 0.243, 0.929
-0.202, 0.250, 0.925
-0.194, 0.258, 0.926
-0.185, 0.265, 0.922
-0.177, 0.265, 0.922
-0.186, 0.258, 0.925
-0.194, 0.250, 0.926
-0.202, 0.243, 0.927
-0.211, 0.235, 0.930
-0.169, 0.265, 0.921
-0.161, 0.265, 0.921
-0.161, 0.257, 0.922
-0.161, 0.250, 0.923
-0.162, 0.242, 0.925
-0.154, 0.234, 0.925
-0.162, 0.235, 0.927
-0.154, 0.227, 0.927
-0.154, 0.219, 0.929
-0.154, 0.211, 0.930
-0.155, 0.203, 0.932
-0.155, 0.196, 0.934
-0.155, 0.188, 0.935
-0.147, 0.180, 0.937
-0.156, 0.180, 0.938
-0.148, 0.173, 0.942
-0.140, 0.172, 0.940
-0.131, 0.172, 0.939
-0.123, 0.172, 0.938
-0.115, 0.172, 0.938
-0.107, 0.172, 0.937
-0.098, 0.172, 0.936
-0.090, 0.172, 0.936
-0.082, 0.172, 0.936
-0.074, 0.172, 0.936
-0.066, 0.171, 0.935
-0.058, 0.171, 0.935
-0.050, 0.172, 0.936
-0.041, 0.172, 0.936
-0.033, 0.179, 0.934
-0.025, 0.179, 0.934
-0.033, 0.171, 0.935
-0.017, 0.179, 0.932
-0.009, 0.179, 0.931
-0.001, 0.179, 0.930
0.007, 0.178, 0.929
0.015, 0.179, 0.929
0.024, 0.179, 0.930
0.032, 0.186, 0.927
0.040, 0.186, 0.928
0.032, 0.178, 0.929
0.048, 0.186, 0.927
0.056, 0.186, 0.927
0.064, 0.186, 0.926
0.072, 0.186, 0.925
0.080, 0.186, 0.924
0.088, 0.193, 0.924
0.095, 0.201, 0.921
0.095, 0.209, 0.919
0.095, 0.216, 0.918
0.095, 0.224, 0.916
0.095, 0.232, 0.915
0.095, 0.239, 0.914
0.095, 0.247, 0.913
0.094, 0.254, 0.911
0.094, 0.261, 0.909
0.094, 0.269, 0.907
0.094, 0.276, 0.905
0.093, 0.283, 0.902
0.093, 0.290, 0.900
0.085, 0.298, 0.900
0.085, 0.306, 0.899
0.093, 0.313, 0.898
0.085, 0.321, 0.897
0.085, 0.327, 0.894
0.085, 0.334, 0.891
0.085, 0.341, 0.890
0.092, 0.348, 0.887
0.092, 0.356, 0.887
0.092, 0.363, 0.886
0.084, 0.371, 0.886
0.084, 0.378, 0.885
0.084, 0.385, 0.883
0.076, 0.391, 0.880
0.076, 0.398, 0.878
0.076, 0.405, 0.877
0.092, 0.370, 0.885
0.092, 0.341, 0.888
0.092, 0.334, 0.890
0.092, 0.327, 0.893
0.093, 0.306, 0.899
0.093, 0.298, 0.900
0.101, 0.283, 0.901
0.101, 0.276, 0.903
0.102, 0.269, 0.906
0.102, 0.261, 0.908
0.102, 0.254, 0.909
0.102, 0.246, 0.912
0.103, 0.239, 0.914
0.103, 0.232, 0.915
0.103, 0.224, 0.915
0.103, 0.216, 0.916
0.111, 0.208, 0.918
0.103, 0.208, 0.919
0.111, 0.201, 0.921
0.119, 0.201, 0.921
0.127, 0.201, 0.920
0.135, 0.201, 0.919
0.143, 0.200, 0.918
0.151, 0.208, 0.916
0.158, 0.207, 0.914
0.151, 0.200, 0.917
0.166, 0.207, 0.914
0.174, 0.207, 0.914
0.182, 0.208, 0.915
0.190, 0.208, 0.915
0.182, 0.200, 0.915
0.190, 0.200, 0.915
0.182, 0.192, 0.915
0.191, 0.185, 0.919
0.183, 0.177, 0.919
0.183, 0.184, 0.918
0.184, 0.169, 0.921
0.192, 0.161, 0.922
0.184, 0.161, 0.923
0.200, 0.169, 0.922
0.207, 0.176, 0.917
0.214, 0.184, 0.916
0.214, 0.192, 0.915
0.206, 0.199, 0.913
0.198, 0.192, 0.915
0.198, 0.200, 0.915
0.198, 0.207, 0.913
0.206, 0.207, 0.914
0.214, 0.207, 0.914
0.222, 0.207, 0.912
0.214, 0.199, 0.913
0.229, 0.207, 0.912
0.237, 0.207, 0.911
0.245, 0.207, 0.910
0.253, 0.207, 0.910
0.260, 0.214, 0.909
0.268, 0.214, 0.908
0.261, 0.207, 0.911
0.275, 0.214, 0.907
0.283, 0.214, 0.907
0.291, 0.222, 0.907
0.299, 0.221, 0.906
0.291, 0.214, 0.908
0.306, 0.221, 0.904
0.314, 0.221, 0.905
0.307, 0.214, 0.906
0.316, 0.206, 0.909
0.307, 0.206, 0.908
0.315, 0.198, 0.908
0.323, 0.198, 0.907
0.330, 0.205, 0.905
0.322, 0.213, 0.906
0.322, 0.221, 0.904
0.328, 0.220, 0.901
0.336, 0.220, 0.901
0.329, 0.213, 0.903
0.338, 0.205, 0.905
0.339, 0.198, 0.908
0.346, 0.190, 0.907
0.339, 0.191, 0.909
0.332, 0.183, 0.912
0.324, 0.183, 0.911
0.323, 0.190, 0.908
0.333, 0.175, 0.914
0.341, 0.167, 0.912
0.333, 0.168, 0.914
0.326, 0.160, 0.916
0.318, 0.160, 0.916
0.310, 0.152, 0.917
0.303, 0.145, 0.919
0.295, 0.145, 0.920
0.288, 0.137, 0.922
0.280, 0.137, 0.923
0.272, 0.137, 0.924
0.265, 0.129, 0.926
0.256, 0.121, 0.923
0.248, 0.121, 0.923
0.241, 0.121, 0.925
0.233, 0.122, 0.927
0.225, 0.122, 0.928
0.218, 0.114, 0.930
0.210, 0.114, 0.930
0.201, 0.114, 0.930
0.193, 0.114, 0.930
0.185, 0.114, 0.931
0.178, 0.114, 0.932
0.169, 0.122, 0.932
0.162, 0.115, 0.935
0.154, 0.106, 0.935
0.146, 0.106, 0.936
0.138, 0.107, 0.937
0.130, 0.107, 0.938
0.122, 0.107, 0.938
0.113, 0.107, 0.937
0.105, 0.107, 0.939
0.097, 0.107, 0.941
0.089, 0.107, 0.941
0.081, 0.107, 0.942
0.073, 0.099, 0.942
0.065, 0.099, 0.942
0.057, 0.099, 0.943
0.049, 0.099, 0.943
0.040, 0.099, 0.944
0.032, 0.107, 0.944
0.024, 0.099, 0.946
0.016, 0.099, 0.945
0.008, 0.099, 0.946
-0.001, 0.091, 0.949
-0.009, 0.091, 0.949
-0.017, 0.091, 0.948
-0.025, 0.091, 0.947
-0.034, 0.092, 0.950
-0.042, 0.092, 0.950
-0.050, 0.092, 0.951
-0.059, 0.092, 0.951
-0.067, 0.092, 0.951
-0.075, 0.084, 0.952
-0.084, 0.084, 0.953
-0.092, 0.084, 0.953
-0.100, 0.084, 0.954
-0.109, 0.084, 0.956
-0.117, 0.076, 0.958
-0.126, 0.067, 0.960
-0.126, 0.076, 0.958
-0.117, 0.084, 0.956
-0.125, 0.092, 0.953
-0.133, 0.092, 0.954
-0.142, 0.092, 0.955
-0.142, 0.100, 0.954
-0.142, 0.109, 0.954
-0.133, 0.117, 0.951
-0.133, 0.125, 0.950
-0.125, 0.125, 0.950
-0.116, 0.133, 0.947
-0.116, 0.140, 0.944
-0.107, 0.148, 0.941
-0.099, 0.148, 0.941
-0.107, 0.140, 0.942
-0.099, 0.132, 0.944
-0.108, 0.124, 0.947
-0.116, 0.125, 0.949
-0.108, 0.116, 0.947
-0.099, 0.124, 0.945
-0.091, 0.132, 0.944
-0.091, 0.140, 0.944
-0.091, 0.148, 0.942
-0.108, 0.108, 0.948
-0.116, 0.100, 0.951
-0.125, 0.100, 0.952
-0.133, 0.109, 0.954
-0.108, 0.100, 0.951
-0.126, 0.059, 0.961
-0.126, 0.051, 0.961
-0.126, 0.043, 0.962
-0.127, 0.034, 0.965
-0.127, 0.026, 0.970
-0.127, 0.018, 0.972
-0.136, 0.009, 0.973
-0.144, 0.009, 0.972
-0.153, 0.018, 0.973
-0.162, 0.018, 0.976
-0.170, 0.009, 0.976
-0.179, 0.009, 0.975
-0.178, 0.018, 0.972
-0.186, 0.026, 0.970
-0.195, 0.018, 0.972
-0.204, 0.018, 0.973
-0.212, 0.018, 0.974
-0.221, 0.018, 0.974
-0.229, 0.018, 0.974
-0.238, 0.009, 0.976
-0.246, 0.018, 0.974
-0.246, 0.026, 0.973
-0.237, 0.026, 0.972
-0.229, 0.026, 0.973
-0.195, 0.026, 0.971
-0.186, 0.034, 0.969
-0.186, 0.043, 0.968
-0.194, 0.051, 0.966
-0.202, 0.051, 0.966
-0.211, 0.051, 0.967
-0.219, 0.059, 0.965
-0.228, 0.051, 0.968
-0.236, 0.060, 0.968
-0.245, 0.068, 0.970
-0.227, 0.059, 0.965
-0.228, 0.043, 0.969
-0.211, 0.059, 0.965
-0.186, 0.051, 0.966
-0.178, 0.026, 0.971
-0.170, 0.026, 0.972
-0.162, 0.026, 0.973
-0.171, 0.001, 0.978
-0.162, 0.001, 0.978
-0.171, -0.008, 0.978
-0.162, -0.016, 0.977
-0.171, -0.016, 0.978
-0.163, -0.025, 0.980
-0.154, -0.016, 0.979
-0.145, -0.008, 0.979
-0.136, 0.001, 0.976
-0.128, 0.009, 0.973
-0.128, 0.001, 0.975
-0.137, -0.008, 0.978
-0.146, -0.016, 0.980
-0.128, -0.008, 0.977
-0.128, -0.016, 0.978
-0.120, -0.025, 0.979
-0.128, -0.025, 0.979
-0.120, -0.033, 0.982
-0.121, -0.042, 0.984
-0.121, -0.051, 0.986
-0.121, -0.059, 0.986
-0.130, -0.068, 0.989
-0.139, -0.068, 0.990
-0.147, -0.068, 0.992
-0.156, -0.068, 0.993
-0.164, -0.068, 0.991
-0.164, -0.059, 0.989
-0.121, -0.068, 0.986
-0.121, -0.077, 0.987
-0.121, -0.085, 0.989
-0.130, -0.094, 0.991
-0.139, -0.103, 0.994
-0.148, -0.112, 0.996
-0.157, -0.121, 1.001
-0.167, -0.130, 1.005
-0.176, -0.139, 1.007
-0.167, -0.139, 1.007
-0.176, -0.148, 1.008
-0.185, -0.158, 1.011
-0.176, -0.157, 1.009
-0.167, -0.157, 1.008
-0.177, -0.167, 1.013
-0.168, -0.167, 1.012
-0.158, -0.148, 1.007
-0.158, -0.139, 1.006
-0.158, -0.130, 1.005
-0.149, -0.121, 1.000
-0.140, -0.112, 0.998
-0.148, -0.103, 0.994
-0.130, -0.103, 0.993
-0.121, -0.094, 0.990
-0.122, -0.103, 0.992
-0.131, -0.112, 0.997
-0.122, -0.112, 0.996
-0.131, -0.121, 1.000
-0.140, -0.130, 1.002
-0.149, -0.130, 1.003
-0.131, -0.139, 1.001
-0.122, -0.130, 0.999
-0.122, -0.121, 0.998
-0.114, -0.121, 0.998
-0.144, 0.018, 0.970
-0.075, 0.092, 0.951
-0.034, 0.100, 0.948
-0.034, 0.108, 0.946
-0.025, 0.107, 0.943
-0.017, 0.107, 0.943
-0.009, 0.108, 0.945
-0.001, 0.100, 0.947
-0.009, 0.100, 0.947
0.024, 0.107, 0.945
0.040, 0.107, 0.942
0.073, 0.107, 0.942
0.154, 0.115, 0.935
0.162, 0.122, 0.933
0.177, 0.122, 0.930
0.217, 0.122, 0.929
0.257, 0.129, 0.925
0.265, 0.137, 0.925
0.279, 0.145, 0.919
0.279, 0.152, 0.918
0.287, 0.152, 0.918
0.294, 0.152, 0.916
0.295, 0.129, 0.920
0.303, 0.137, 0.920
0.310, 0.144, 0.917
0.318, 0.144, 0.916
0.326, 0.152, 0.916
0.334, 0.152, 0.916
0.342, 0.144, 0.918
0.335, 0.137, 0.920
0.328, 0.129, 0.922
0.320, 0.129, 0.923
0.312, 0.129, 0.922
0.304, 0.129, 0.921
0.319, 0.137, 0.920
0.327, 0.137, 0.920
0.335, 0.145, 0.919
0.343, 0.137, 0.920
0.335, 0.129, 0.920
0.344, 0.129, 0.922
0.336, 0.121, 0.923
0.345, 0.121, 0.924
0.352, 0.129, 0.923
0.360, 0.129, 0.922
0.353, 0.121, 0.924
0.353, 0.113, 0.925
0.361, 0.105, 0.925
0.354, 0.105, 0.926
0.361, 0.097, 0.925
0.354, 0.089, 0.928
0.362, 0.089, 0.927
0.362, 0.081, 0.928
0.371, 0.073, 0.930
0.363, 0.073, 0.930
0.373, 0.066, 0.933
0.365, 0.058, 0.936
0.373, 0.058, 0.935
0.381, 0.066, 0.933
0.387, 0.073, 0.929
0.386, 0.081, 0.928
0.378, 0.089, 0.926
0.377, 0.097, 0.925
0.369, 0.105, 0.923
0.368, 0.113, 0.923
0.369, 0.121, 0.923
0.368, 0.129, 0.921
0.366, 0.136, 0.918
0.374, 0.144, 0.918
0.366, 0.152, 0.917
0.358, 0.152, 0.916
0.350, 0.144, 0.916
0.350, 0.152, 0.916
0.373, 0.160, 0.914
0.373, 0.168, 0.914
0.365, 0.175, 0.913
0.356, 0.167, 0.912
0.348, 0.167, 0.911
0.356, 0.175, 0.911
0.355, 0.182, 0.908
0.354, 0.190, 0.907
0.363, 0.190, 0.908
0.370, 0.198, 0.907
0.361, 0.205, 0.904
0.361, 0.213, 0.903
0.353, 0.221, 0.903
0.345, 0.221, 0.903
0.352, 0.228, 0.901
0.351, 0.235, 0.898
0.351, 0.243, 0.898
0.350, 0.250, 0.897
0.358, 0.258, 0.896
0.366, 0.250, 0.896
0.358, 0.250, 0.897
0.366, 0.243, 0.898
0.372, 0.249, 0.893
0.380, 0.242, 0.894
0.374, 0.235, 0.898
0.367, 0.228, 0.900
0.360, 0.220, 0.902
0.360, 0.228, 0.900
0.367, 0.235, 0.899
0.375, 0.228, 0.900
0.382, 0.227, 0.898
0.389, 0.234, 0.896
0.388, 0.242, 0.895
0.388, 0.249, 0.893
0.387, 0.257, 0.892
0.379, 0.265, 0.892
0.370, 0.271, 0.888
0.363, 0.279, 0.889
0.355, 0.279, 0.888
0.364, 0.287, 0.891
0.386, 0.271, 0.889
0.385, 0.278, 0.887
0.378, 0.286, 0.888
0.386, 0.294, 0.889
0.378, 0.302, 0.888
0.370, 0.302, 0.889
0.362, 0.309, 0.886
0.352, 0.307, 0.882
0.344, 0.315, 0.881
0.344, 0.322, 0.881
0.343, 0.330, 0.879
0.343, 0.337, 0.878
0.342, 0.344, 0.876
0.349, 0.351, 0.875
0.340, 0.357, 0.872
0.340, 0.364, 0.871
0.340, 0.371, 0.869
0.339, 0.378, 0.868
0.348, 0.372, 0.870
0.348, 0.365, 0.872
0.348, 0.357, 0.872
0.357, 0.351, 0.876
0.350, 0.344, 0.877
0.359, 0.345, 0.879
0.366, 0.345, 0.879
0.374, 0.337, 0.879
0.367, 0.338, 0.880
0.381, 0.337, 0.878
0.389, 0.337, 0.878
0.395, 0.336, 0.876
0.389, 0.330, 0.880
0.382, 0.322, 0.881
0.375, 0.323, 0.882
0.368, 0.323, 0.883
0.360, 0.316, 0.884
0.352, 0.315, 0.882
0.360, 0.323, 0.883
0.383, 0.315, 0.882
0.390, 0.323, 0.881
0.402, 0.335, 0.874
0.393, 0.286, 0.888
0.385, 0.286, 0.888
0.400, 0.278, 0.887
0.393, 0.271, 0.888
0.387, 0.264, 0.891
0.395, 0.264, 0.892
0.395, 0.257, 0.893
0.404, 0.250, 0.895
0.396, 0.250, 0.894
0.405, 0.243, 0.897
0.398, 0.235, 0.899
0.399, 0.228, 0.901
0.390, 0.220, 0.899
0.383, 0.212, 0.900
0.382, 0.220, 0.899
0.391, 0.212, 0.902
0.399, 0.220, 0.901
0.407, 0.220, 0.902
0.414, 0.220, 0.899
0.408, 0.213, 0.903
0.408, 0.205, 0.904
0.408, 0.197, 0.905
0.401, 0.190, 0.905
0.393, 0.189, 0.904
0.386, 0.198, 0.907
0.379, 0.191, 0.910
0.371, 0.191, 0.910
0.364, 0.183, 0.911
0.373, 0.176, 0.914
0.380, 0.183, 0.912
0.387, 0.175, 0.909
0.380, 0.167, 0.911
0.388, 0.159, 0.912
0.380, 0.159, 0.913
0.374, 0.152, 0.916
0.395, 0.167, 0.911
0.403, 0.175, 0.910
0.402, 0.182, 0.908
0.409, 0.190, 0.906
0.417, 0.190, 0.906
0.425, 0.190, 0.906
0.418, 0.182, 0.908
0.411, 0.175, 0.911
0.403, 0.167, 0.911
0.396, 0.160, 0.913
0.397, 0.152, 0.915
0.398, 0.144, 0.916
0.406, 0.136, 0.917
0.397, 0.128, 0.915
0.398, 0.136, 0.916
0.398, 0.120, 0.916
0.399, 0.112, 0.918
0.392, 0.105, 0.922
0.385, 0.105, 0.924
0.377, 0.105, 0.923
0.383, 0.113, 0.920
0.376, 0.121, 0.921
0.375, 0.129, 0.920
0.374, 0.136, 0.918
0.381, 0.136, 0.915
0.399, 0.105, 0.920
0.408, 0.105, 0.920
0.416, 0.105, 0.921
0.408, 0.097, 0.922
0.409, 0.089, 0.924
0.402, 0.081, 0.927
0.395, 0.073, 0.928
0.388, 0.065, 0.931
0.394, 0.081, 0.927
0.385, 0.089, 0.925
0.402, 0.073, 0.927
0.410, 0.081, 0.926
0.418, 0.073, 0.925
0.410, 0.073, 0.926
0.418, 0.065, 0.926
0.426, 0.073, 0.926
0.426, 0.081, 0.926
0.426, 0.089, 0.925
0.433, 0.097, 0.924
0.424, 0.105, 0.921
0.432, 0.105, 0.921
0.438, 0.112, 0.918
0.439, 0.105, 0.920
0.440, 0.097, 0.922
0.434, 0.089, 0.926
0.443, 0.081, 0.927
0.435, 0.073, 0.928
0.443, 0.073, 0.929
0.436, 0.065, 0.929
0.428, 0.057, 0.929
0.422, 0.049, 0.934
0.414, 0.041, 0.934
0.406, 0.041, 0.934
0.399, 0.033, 0.938
0.391, 0.033, 0.939
0.383, 0.033, 0.939
0.377, 0.025, 0.943
0.368, 0.025, 0.942
0.375, 0.033, 0.939
0.374, 0.041, 0.937
0.383, 0.041, 0.938
0.378, 0.017, 0.946
0.378, 0.009, 0.946
0.378, 0.001, 0.946
0.378, -0.008, 0.947
0.387, -0.016, 0.949
0.379, -0.024, 0.949
0.378, -0.016, 0.948
0.387, -0.024, 0.949
0.395, -0.016, 0.948
0.401, -0.008, 0.944
0.410, 0.001, 0.944
0.418, 0.001, 0.944
0.411, -0.008, 0.946
0.402, -0.016, 0.946
0.425, 0.009, 0.942
0.425, 0.017, 0.941
0.424, 0.025, 0.939
0.423, 0.033, 0.936
0.422, 0.041, 0.935
0.429, 0.049, 0.932
0.436, 0.057, 0.930
0.438, 0.041, 0.935
0.430, 0.041, 0.935
0.446, 0.041, 0.934
0.454, 0.049, 0.933
0.453, 0.057, 0.931
0.452, 0.065, 0.930
0.461, 0.065, 0.931
0.469, 0.065, 0.932
0.477, 0.057, 0.930
0.470, 0.057, 0.933
0.463, 0.049, 0.936
0.454, 0.041, 0.933
0.471, 0.041, 0.935
0.477, 0.049, 0.931
0.484, 0.057, 0.929
0.483, 0.065, 0.928
0.490, 0.073, 0.925
0.498, 0.073, 0.926
0.491, 0.065, 0.927
0.507, 0.073, 0.926
0.514, 0.073, 0.925
0.522, 0.073, 0.925
0.530, 0.081, 0.924
0.520, 0.089, 0.920
0.512, 0.089, 0.922
0.505, 0.089, 0.922
0.497, 0.089, 0.923
0.496, 0.097, 0.921
0.495, 0.105, 0.919
0.494, 0.112, 0.917
0.494, 0.120, 0.917
0.494, 0.128, 0.917
0.501, 0.136, 0.915
0.498, 0.143, 0.911
0.497, 0.151, 0.908
0.496, 0.158, 0.907
0.504, 0.158, 0.907
0.512, 0.158, 0.907
0.520, 0.159, 0.907
0.529, 0.151, 0.909
0.520, 0.151, 0.908
0.529, 0.143, 0.910
0.537, 0.151, 0.909
0.535, 0.158, 0.907
0.534, 0.166, 0.905
0.526, 0.174, 0.904
0.525, 0.181, 0.903
0.524, 0.189, 0.900
0.524, 0.196, 0.900
0.522, 0.204, 0.898
0.514, 0.211, 0.897
0.507, 0.204, 0.899
0.500, 0.196, 0.899
0.493, 0.197, 0.902
0.486, 0.189, 0.903
0.477, 0.197, 0.901
0.470, 0.197, 0.903
0.464, 0.190, 0.906
0.456, 0.182, 0.905
0.449, 0.174, 0.908
0.441, 0.174, 0.907
0.432, 0.182, 0.904
0.425, 0.174, 0.905
0.432, 0.190, 0.905
0.439, 0.197, 0.904
0.431, 0.205, 0.902
0.437, 0.212, 0.899
0.428, 0.219, 0.896
0.421, 0.219, 0.897
0.436, 0.219, 0.897
0.443, 0.226, 0.895
0.442, 0.234, 0.894
0.435, 0.242, 0.894
0.427, 0.242, 0.895
0.420, 0.242, 0.896
0.413, 0.243, 0.897
0.435, 0.250, 0.894
0.426, 0.257, 0.893
0.433, 0.264, 0.891
0.425, 0.271, 0.889
0.431, 0.278, 0.887
0.422, 0.285, 0.884
0.431, 0.286, 0.885
0.439, 0.286, 0.886
0.446, 0.286, 0.885
0.452, 0.292, 0.882
0.443, 0.299, 0.881
0.450, 0.306, 0.878
0.459, 0.299, 0.881
0.451, 0.299, 0.880
0.467, 0.300, 0.881
0.474, 0.299, 0.880
0.482, 0.299, 0.881
0.489, 0.307, 0.881
0.489, 0.314, 0.879
0.496, 0.314, 0.879
0.497, 0.307, 0.880
0.490, 0.300, 0.881
0.483, 0.292, 0.882
0.475, 0.285, 0.883
0.469, 0.278, 0.885
0.461, 0.278, 0.884
0.454, 0.270, 0.886
0.453, 0.278, 0.885
0.453, 0.285, 0.884
0.463, 0.263, 0.888
0.455, 0.256, 0.888
0.455, 0.263, 0.888
0.464, 0.249, 0.891
0.458, 0.241, 0.893
0.450, 0.234, 0.893
0.450, 0.241, 0.893
0.457, 0.249, 0.891
0.465, 0.241, 0.893
0.476, 0.278, 0.885
0.484, 0.285, 0.884
0.490, 0.292, 0.882
0.497, 0.300, 0.881
0.505, 0.300, 0.881
0.497, 0.292, 0.881
0.505, 0.284, 0.882
0.497, 0.284, 0.881
0.507, 0.278, 0.885
0.513, 0.284, 0.882
0.512, 0.292, 0.881
0.513, 0.300, 0.881
0.512, 0.307, 0.880
0.520, 0.299, 0.881
0.527, 0.299, 0.879
0.535, 0.307, 0.879
0.533, 0.313, 0.877
0.514, 0.277, 0.883
0.433, 0.272, 0.890
0.434, 0.257, 0.893
0.444, 0.219, 0.896
0.445, 0.212, 0.899
0.438, 0.205, 0.902
0.446, 0.205, 0.902
0.455, 0.197, 0.904
0.447, 0.189, 0.903
0.440, 0.182, 0.905
0.440, 0.189, 0.904
0.448, 0.182, 0.904
0.457, 0.174, 0.908
0.451, 0.167, 0.910
0.459, 0.167, 0.911
0.451, 0.159, 0.911
0.459, 0.151, 0.911
0.467, 0.151, 0.912
0.475, 0.159, 0.911
0.481, 0.167, 0.908
0.472, 0.174, 0.906
0.465, 0.174, 0.907
0.464, 0.182, 0.906
0.471, 0.182, 0.905
0.480, 0.174, 0.907
0.488, 0.182, 0.905
0.488, 0.174, 0.907
0.482, 0.159, 0.909
0.475, 0.151, 0.911
0.467, 0.143, 0.911
0.475, 0.143, 0.912
0.476, 0.136, 0.914
0.477, 0.128, 0.916
0.478, 0.120, 0.917
0.470, 0.112, 0.918
0.479, 0.113, 0.918
0.471, 0.105, 0.919
0.471, 0.097, 0.920
0.464, 0.089, 0.922
0.456, 0.089, 0.921
0.450, 0.081, 0.925
0.448, 0.089, 0.921
0.472, 0.089, 0.922
0.461, 0.204, 0.901
0.470, 0.204, 0.901
0.477, 0.204, 0.900
0.485, 0.197, 0.901
0.508, 0.196, 0.899
0.507, 0.212, 0.899
0.514, 0.219, 0.897
0.521, 0.226, 0.895
0.528, 0.219, 0.895
0.521, 0.211, 0.896
0.529, 0.211, 0.895
0.537, 0.203, 0.897
0.529, 0.203, 0.896
0.535, 0.226, 0.893
0.541, 0.233, 0.890
0.533, 0.240, 0.889
0.540, 0.240, 0.889
0.547, 0.248, 0.887
0.547, 0.255, 0.887
0.546, 0.263, 0.886
0.537, 0.269, 0.882
0.544, 0.277, 0.882
0.534, 0.284, 0.879
0.552, 0.285, 0.883
0.560, 0.277, 0.883
0.552, 0.270, 0.883
0.545, 0.270, 0.883
0.555, 0.248, 0.887
0.548, 0.240, 0.888
0.556, 0.241, 0.890
0.548, 0.233, 0.889
0.543, 0.226, 0.893
0.557, 0.233, 0.890
0.565, 0.233, 0.892
0.558, 0.226, 0.892
0.565, 0.225, 0.891
0.565, 0.217, 0.890
0.559, 0.211, 0.895
0.566, 0.210, 0.892
0.567, 0.203, 0.894
0.560, 0.195, 0.896
0.569, 0.188, 0.897
0.563, 0.181, 0.901
0.556, 0.173, 0.902
0.550, 0.174, 0.904
0.542, 0.166, 0.905
0.534, 0.174, 0.904
0.542, 0.174, 0.905
0.557, 0.166, 0.903
0.564, 0.173, 0.902
0.571, 0.181, 0.900
0.572, 0.173, 0.903
0.565, 0.166, 0.904
0.574, 0.166, 0.905
0.568, 0.159, 0.908
0.569, 0.151, 0.909
0.569, 0.143, 0.910
0.562, 0.135, 0.911
0.554, 0.128, 0.912
0.548, 0.120, 0.915
0.541, 0.120, 0.916
0.533, 0.112, 0.916
0.525, 0.104, 0.916
0.519, 0.097, 0.919
0.518, 0.104, 0.918
0.526, 0.096, 0.917
0.533, 0.104, 0.916
0.542, 0.104, 0.918
0.550, 0.113, 0.918
0.558, 0.112, 0.917
0.551, 0.105, 0.920
0.565, 0.120, 0.917
0.564, 0.128, 0.914
0.553, 0.135, 0.910
0.546, 0.127, 0.911
0.539, 0.128, 0.912
0.532, 0.120, 0.915
0.538, 0.135, 0.911
0.538, 0.143, 0.911
0.545, 0.135, 0.910
0.570, 0.135, 0.911
0.571, 0.128, 0.913
0.528, 0.089, 0.921
0.503, 0.129, 0.919
0.502, 0.112, 0.917
0.531, 0.073, 0.926
0.523, 0.065, 0.926
0.531, 0.065, 0.926
0.524, 0.057, 0.928
0.531, 0.057, 0.926
0.538, 0.065, 0.925
0.539, 0.057, 0.926
0.531, 0.049, 0.926
0.540, 0.049, 0.927
0.548, 0.049, 0.928
0.541, 0.041, 0.930
0.534, 0.033, 0.932
0.528, 0.025, 0.936
0.519, 0.033, 0.934
0.511, 0.033, 0.935
0.501, 0.041, 0.931
0.527, 0.033, 0.934
0.535, 0.017, 0.934
0.543, 0.025, 0.933
0.542, 0.033, 0.932
0.552, 0.017, 0.934
0.543, 0.009, 0.933
0.543, 0.017, 0.933
0.551, 0.009, 0.933
0.544, 0.001, 0.935
0.554, -0.007, 0.937
0.547, -0.016, 0.940
0.539, -0.024, 0.941
0.532, -0.032, 0.942
0.524, -0.032, 0.943
0.517, -0.032, 0.945
0.511, -0.041, 0.948
0.504, -0.049, 0.951
0.497, -0.057, 0.953
0.489, -0.066, 0.955
0.482, -0.074, 0.957
0.490, -0.074, 0.957
0.497, -0.066, 0.954
0.489, -0.057, 0.955
0.488, -0.049, 0.953
0.479, -0.041, 0.952
0.471, -0.041, 0.951
0.463, -0.049, 0.951
0.455, -0.049, 0.953
0.447, -0.049, 0.953
0.439, -0.049, 0.954
0.432, -0.058, 0.957
0.423, -0.066, 0.956
0.415, -0.066, 0.957
0.407, -0.066, 0.958
0.401, -0.075, 0.963
0.392, -0.075, 0.962
0.392, -0.066, 0.960
0.391, -0.058, 0.958
0.381, -0.049, 0.955
0.388, -0.041, 0.951
0.395, -0.032, 0.948
0.397, -0.049, 0.954
0.390, -0.049, 0.955
0.400, -0.066, 0.960
0.402, -0.083, 0.965
0.409, -0.083, 0.962
0.409, -0.091, 0.963
0.402, -0.100, 0.964
0.410, -0.100, 0.963
0.418, -0.100, 0.963
0.425, -0.091, 0.960
0.425, -0.083, 0.960
0.424, -0.074, 0.958
0.434, -0.091, 0.961
0.426, -0.100, 0.962
0.435, -0.100, 0.963
0.442, -0.091, 0.961
0.451, -0.091, 0.961
0.443, -0.100, 0.963
0.436, -0.109, 0.966
0.459, -0.091, 0.960
0.468, -0.100, 0.962
0.476, -0.100, 0.963
0.484, -0.091, 0.962
0.491, -0.083, 0.959
0.498, -0.074, 0.956
0.503, -0.065, 0.950
0.514, -0.074, 0.955
0.506, -0.082, 0.956
0.499, -0.083, 0.958
0.492, -0.091, 0.961
0.485, -0.100, 0.962
0.493, -0.100, 0.962
0.492, -0.108, 0.961
0.502, -0.117, 0.964
0.495, -0.125, 0.967
0.493, -0.117, 0.963
0.509, -0.108, 0.960
0.510, -0.117, 0.963
0.519, -0.125, 0.963
0.511, -0.134, 0.965
0.511, -0.125, 0.964
0.512, -0.142, 0.966
0.506, -0.151, 0.971
0.499, -0.160, 0.973
0.492, -0.169, 0.976
0.482, -0.169, 0.974
0.477, -0.179, 0.981
0.468, -0.178, 0.980
0.459, -0.178, 0.979
0.459, -0.169, 0.978
0.466, -0.161, 0.976
0.464, -0.152, 0.972
0.470, -0.142, 0.966
0.462, -0.134, 0.967
0.454, -0.134, 0.969
0.445, -0.126, 0.968
0.439, -0.135, 0.971
0.436, -0.125, 0.967
0.454, -0.126, 0.968
0.461, -0.125, 0.966
0.475, -0.161, 0.976
0.467, -0.170, 0.979
0.476, -0.170, 0.979
0.477, -0.187, 0.981
0.477, -0.196, 0.981
0.477, -0.204, 0.982
0.479, -0.213, 0.985
0.472, -0.223, 0.988
0.464, -0.232, 0.989
0.456, -0.223, 0.990
0.448, -0.215, 0.991
0.463, -0.214, 0.987
0.463, -0.223, 0.988
0.464, -0.240, 0.990
0.474, -0.250, 0.992
0.466, -0.258, 0.993
0.464, -0.249, 0.990
0.474, -0.259, 0.993
0.466, -0.268, 0.995
0.475, -0.267, 0.994
0.484, -0.268, 0.995
0.475, -0.276, 0.996
0.485, -0.277, 0.998
0.493, -0.259, 0.996
0.485, -0.251, 0.998
0.493, -0.251, 0.997
0.501, -0.250, 0.995
0.508, -0.241, 0.992
0.506, -0.231, 0.988
0.504, -0.222, 0.985
0.503, -0.213, 0.982
0.503, -0.204, 0.981
0.503, -0.196, 0.982
0.503, -0.187, 0.981
0.502, -0.178, 0.979
0.508, -0.169, 0.975
0.515, -0.160, 0.973
0.513, -0.151, 0.969
0.523, -0.160, 0.972
0.517, -0.169, 0.975
0.508, -0.177, 0.975
0.517, -0.186, 0.976
0.511, -0.196, 0.981
0.521, -0.204, 0.983
0.511, -0.213, 0.982
0.520, -0.213, 0.982
0.512, -0.222, 0.983
0.522, -0.222, 0.985
0.529, -0.213, 0.982
0.528, -0.204, 0.980
0.527, -0.195, 0.979
0.526, -0.186, 0.977
0.525, -0.178, 0.976
0.524, -0.169, 0.974
0.534, -0.178, 0.976
0.544, -0.187, 0.979
0.535, -0.186, 0.978
0.544, -0.195, 0.978
0.552, -0.195, 0.978
0.562, -0.204, 0.980
0.554, -0.213, 0.981
0.546, -0.213, 0.983
0.538, -0.213, 0.983
0.531, -0.222, 0.985
0.523, -0.231, 0.988
0.553, -0.204, 0.979
0.571, -0.204, 0.981
0.579, -0.196, 0.981
0.587, -0.187, 0.979
0.586, -0.178, 0.977
0.596, -0.195, 0.980
0.588, -0.204, 0.981
0.579, -0.213, 0.981
0.580, -0.204, 0.982
0.588, -0.213, 0.982
0.596, -0.204, 0.980
0.605, -0.204, 0.981
0.596, -0.213, 0.981
0.604, -0.212, 0.980
0.509, -0.250, 0.994
0.481, -0.223, 0.989
0.491, -0.160, 0.975
0.498, -0.152, 0.972
0.527, -0.125, 0.963
0.535, -0.125, 0.963
0.545, -0.134, 0.965
0.536, -0.134, 0.965
0.547, -0.143, 0.968
0.555, -0.143, 0.969
0.562, -0.134, 0.966
0.567, -0.125, 0.960
0.574, -0.116, 0.957
0.565, -0.107, 0.956
0.564, -0.099, 0.956
0.557, -0.091, 0.958
0.548, -0.082, 0.956
0.540, -0.083, 0.956
0.530, -0.074, 0.954
0.524, -0.083, 0.957
0.523, -0.074, 0.955
0.522, -0.066, 0.953
0.519, -0.057, 0.950
0.511, -0.049, 0.948
0.503, -0.041, 0.949
0.495, -0.041, 0.949
0.487, -0.041, 0.950
0.479, -0.032, 0.950
0.470, -0.032, 0.949
0.463, -0.041, 0.951
0.455, -0.041, 0.953
0.447, -0.041, 0.953
0.437, -0.041, 0.950
0.431, -0.049, 0.955
0.454, -0.032, 0.950
0.452, -0.024, 0.946
0.460, -0.024, 0.947
0.467, -0.016, 0.944
0.475, -0.008, 0.943
0.482, 0.001, 0.942
0.481, 0.009, 0.939
0.487, 0.017, 0.935
0.496, 0.017, 0.936
0.488, 0.009, 0.937
0.504, 0.017, 0.937
0.513, 0.017, 0.938
0.514, 0.009, 0.940
0.515, 0.001, 0.941
0.476, -0.016, 0.946
0.469, -0.024, 0.947
0.493, -0.032, 0.946
0.510, -0.032, 0.947
0.515, -0.024, 0.942
0.524, -0.024, 0.943
0.519, -0.049, 0.948
0.539, -0.074, 0.954
0.556, -0.082, 0.956
0.563, -0.074, 0.952
0.562, -0.066, 0.951
0.568, -0.057, 0.948
0.559, -0.049, 0.947
0.552, -0.049, 0.948
0.541, -0.040, 0.945
0.533, -0.040, 0.944
0.550, -0.032, 0.944
0.548, -0.024, 0.942
0.539, -0.016, 0.941
0.546, -0.007, 0.938
0.551, -0.040, 0.946
0.566, -0.049, 0.945
0.574, -0.049, 0.944
0.582, -0.040, 0.944
0.580, -0.032, 0.940
0.588, -0.032, 0.940
0.597, -0.032, 0.942
0.598, -0.040, 0.943
0.599, -0.049, 0.945
0.592, -0.057, 0.946
0.583, -0.057, 0.945
0.576, -0.057, 0.947
0.570, -0.065, 0.950
0.583, -0.049, 0.945
0.600, -0.057, 0.946
0.600, -0.065, 0.947
0.602, -0.074, 0.950
0.606, -0.082, 0.956
0.570, -0.082, 0.952
0.564, -0.091, 0.955
0.564, -0.082, 0.954
0.571, -0.091, 0.953
0.580, -0.091, 0.955
0.591, -0.091, 0.958
0.599, -0.099, 0.957
0.591, -0.108, 0.959
0.582, -0.108, 0.957
0.573, -0.107, 0.956
0.591, -0.099, 0.958
0.593, -0.116, 0.961
0.601, -0.116, 0.960
0.608, -0.108, 0.959
0.607, -0.099, 0.957
0.609, -0.116, 0.960
0.570, -0.134, 0.965
0.563, -0.142, 0.968
0.572, -0.143, 0.969
0.563, -0.008, 0.939
0.569, 0.001, 0.936
0.561, 0.017, 0.936
0.560, 0.025, 0.935
0.560, 0.033, 0.934
0.558, 0.041, 0.932
0.556, 0.049, 0.929
0.555, 0.057, 0.926
0.562, 0.057, 0.925
0.569, 0.065, 0.923
0.569, 0.073, 0.922
0.567, 0.081, 0.919
0.566, 0.088, 0.917
0.566, 0.096, 0.917
0.573, 0.096, 0.917
0.582, 0.104, 0.918
0.583, 0.113, 0.919
0.582, 0.096, 0.917
0.574, 0.088, 0.917
0.581, 0.088, 0.917
0.576, 0.081, 0.921
0.585, 0.073, 0.923
0.577, 0.073, 0.923
0.585, 0.065, 0.923
0.585, 0.057, 0.923
0.578, 0.049, 0.924
0.571, 0.049, 0.926
0.566, 0.041, 0.931
0.564, 0.049, 0.928
0.570, 0.057, 0.924
0.586, 0.049, 0.924
0.588, 0.041, 0.927
0.570, 0.017, 0.938
0.485, 0.049, 0.930
0.433, 0.009, 0.941
0.425, 0.001, 0.942
0.398, 0.041, 0.935
0.397, 0.049, 0.933
0.413, 0.136, 0.916
0.421, 0.136, 0.915
0.428, 0.144, 0.913
0.427, 0.151, 0.911
0.419, 0.159, 0.910
0.412, 0.159, 0.913
0.411, 0.167, 0.911
0.426, 0.159, 0.910
0.429, 0.136, 0.916
0.430, 0.128, 0.918
0.392, 0.205, 0.903
0.392, 0.197, 0.904
0.369, 0.205, 0.904
0.310, 0.160, 0.916
0.215, 0.176, 0.918
0.207, 0.169, 0.920
0.200, 0.161, 0.922
0.096, 0.193, 0.923
0.088, 0.186, 0.924
-0.203, 0.219, 0.931
-0.212, 0.212, 0.934
-0.211, 0.220, 0.932
-0.203, 0.211, 0.932
-0.213, 0.205, 0.937
-0.204, 0.196, 0.937
-0.213, 0.197, 0.939
-0.196, 0.204, 0.935
-0.187, 0.212, 0.934
-0.195, 0.220, 0.932
-0.187, 0.220, 0.933
-0.188, 0.204, 0.936
-0.196, 0.196, 0.936
-0.230, 0.197, 0.941
-0.238, 0.189, 0.941
-0.210, 0.274, 0.924
-0.290, 0.290, 0.923
-0.298, 0.282, 0.924
-0.290, 0.274, 0.924
-0.380, 0.275, 0.928
-0.398, 0.277, 0.933
-0.347, 0.207, 0.948
-0.338, 0.207, 0.947
-0.329, 0.206, 0.945
-0.330, 0.198, 0.947
-0.330, 0.190, 0.948
-0.340, 0.183, 0.951
-0.340, 0.166, 0.951
-0.383, 0.069, 0.976
-0.374, 0.060, 0.977
-0.366, 0.052, 0.978
-0.360, 0.018, 0.984
-0.354, 0.001, 0.990
-0.354, -0.017, 0.991
-0.327, 0.001, 0.988
-0.309, 0.001, 0.984
-0.300, -0.008, 0.985
-0.291, 0.001, 0.983
-0.283, 0.001, 0.983
-0.292, -0.008, 0.984
-0.283, -0.016, 0.985
-0.232, -0.016, 0.984
-0.224, -0.051, 0.989
-0.233, -0.051, 0.990
-0.242, -0.060, 0.992
-0.244, -0.077, 0.998
-0.253, -0.086, 1.002
-0.244, -0.086, 1.000
-0.253, -0.095, 1.002
-0.262, -0.104, 1.002
-0.263, -0.113, 1.004
-0.244, -0.095, 1.000
-0.244, -0.104, 1.001
-0.235, -0.077, 0.996
-0.307, -0.096, 1.007
-0.326, -0.114, 1.010
-0.207, -0.051, 0.988
-0.206, -0.034, 0.985
-0.197, -0.025, 0.983
-0.189, -0.016, 0.982
-0.210, -0.130, 1.002
-0.187, -0.194, 1.019
-0.178, -0.203, 1.020
-0.169, -0.203, 1.017
-0.160, -0.203, 1.017
-0.161, -0.212, 1.021
-0.161, -0.222, 1.022
-0.152, -0.231, 1.024
-0.162, -0.241, 1.030
-0.171, -0.241, 1.029
-0.179, -0.240, 1.027
-0.161, -0.231, 1.025
-0.153, -0.241, 1.028
-0.144, -0.241, 1.028
-0.153, -0.250, 1.030
-0.144, -0.250, 1.028
-0.144, -0.259, 1.028
-0.144, -0.268, 1.031
-0.145, -0.278, 1.034
-0.145, -0.288, 1.036
-0.155, -0.298, 1.040
-0.145, -0.297, 1.038
-0.155, -0.308, 1.044
-0.165, -0.318, 1.047
-0.174, -0.327, 1.046
-0.165, -0.337, 1.049
-0.156, -0.337, 1.049
-0.146, -0.336, 1.047
-0.156, -0.347, 1.052
-0.166, -0.357, 1.055
-0.157, -0.357, 1.055
-0.147, -0.357, 1.053
-0.148, -0.367, 1.057
-0.148, -0.377, 1.059
-0.146, -0.308, 1.042
-0.136, -0.297, 1.039
-0.127, -0.288, 1.036
-0.136, -0.307, 1.041
-0.137, -0.316, 1.041
-0.233, -0.398, 1.067
-0.243, -0.409, 1.070
RegionID:2
Center:0.422,-0.177,0.982
Normal:-0.058,-0.232,-0.971
NumPatches:20
0.434, -0.178, 0.981
0.428, -0.188, 0.985
0.420, -0.197, 0.988
0.411, -0.205, 0.987
0.410, -0.196, 0.985
0.410, -0.188, 0.984
0.419, -0.179, 0.984
0.418, -0.170, 0.983
0.417, -0.161, 0.979
0.407, -0.152, 0.977
0.406, -0.144, 0.975
0.415, -0.152, 0.976
0.424, -0.161, 0.977
0.432, -0.160, 0.975
0.433, -0.169, 0.977
0.427, -0.179, 0.983
0.419, -0.188, 0.985
0.429, -0.197, 0.987
0.437, -0.197, 0.986
0.444, -0.188, 0.984
RegionID:3
Center:-0.570,0.078,0.986
Normal:-0.110,-0.227,-0.968
NumPatches:42
-0.566, 0.144, 0.971
-0.559, 0.136, 0.972
-0.569, 0.128, 0.975
-0.577, 0.119, 0.974
-0.588, 0.111, 0.979
-0.598, 0.103, 0.981
-0.589, 0.103, 0.980
-0.580, 0.103, 0.979
-0.568, 0.111, 0.974
-0.563, 0.103, 0.980
-0.573, 0.095, 0.983
-0.581, 0.095, 0.982
-0.571, 0.103, 0.979
-0.565, 0.095, 0.983
-0.575, 0.086, 0.986
-0.576, 0.078, 0.988
-0.586, 0.070, 0.990
-0.595, 0.070, 0.991
-0.588, 0.061, 0.993
-0.577, 0.070, 0.989
-0.578, 0.061, 0.991
-0.579, 0.053, 0.993
-0.590, 0.044, 0.997
-0.581, 0.044, 0.995
-0.591, 0.035, 0.998
-0.581, 0.035, 0.996
-0.593, 0.027, 1.001
-0.571, 0.044, 0.994
-0.561, 0.052, 0.992
-0.559, 0.061, 0.988
-0.558, 0.069, 0.986
-0.558, 0.078, 0.986
-0.558, 0.086, 0.985
-0.556, 0.095, 0.982
-0.544, 0.103, 0.976
-0.534, 0.111, 0.973
-0.535, 0.102, 0.975
-0.551, 0.052, 0.989
-0.562, 0.044, 0.993
-0.542, 0.052, 0.988
-0.543, 0.044, 0.989
-0.570, 0.027, 0.992
RegionID:4
Center:-0.037,0.291,0.816
Normal:-0.053,-0.196,-0.979
NumPatches:142
0.049, 0.283, 0.812
0.042, 0.277, 0.814
0.042, 0.283, 0.813
0.042, 0.290, 0.812
0.042, 0.297, 0.811
0.042, 0.303, 0.809
0.042, 0.309, 0.807
0.041, 0.316, 0.805
0.041, 0.322, 0.804
0.041, 0.329, 0.803
0.041, 0.336, 0.802
0.041, 0.342, 0.802
0.041, 0.349, 0.800
0.041, 0.355, 0.799
0.034, 0.361, 0.798
0.034, 0.368, 0.796
0.034, 0.374, 0.794
0.034, 0.380, 0.793
0.027, 0.387, 0.793
0.020, 0.387, 0.794
0.013, 0.387, 0.794
0.006, 0.387, 0.793
-0.001, 0.387, 0.794
-0.007, 0.387, 0.794
-0.014, 0.382, 0.796
-0.021, 0.381, 0.796
-0.028, 0.375, 0.796
-0.035, 0.370, 0.800
-0.035, 0.375, 0.798
-0.028, 0.381, 0.795
-0.035, 0.388, 0.796
-0.042, 0.389, 0.798
-0.049, 0.390, 0.799
-0.056, 0.390, 0.798
-0.063, 0.389, 0.798
-0.070, 0.389, 0.798
-0.077, 0.389, 0.798
-0.084, 0.389, 0.797
-0.091, 0.389, 0.797
-0.098, 0.383, 0.800
-0.105, 0.377, 0.802
-0.112, 0.378, 0.803
-0.119, 0.384, 0.801
-0.126, 0.378, 0.803
-0.126, 0.384, 0.801
-0.126, 0.390, 0.800
-0.126, 0.371, 0.804
-0.127, 0.365, 0.805
-0.120, 0.358, 0.806
-0.127, 0.359, 0.807
-0.120, 0.352, 0.808
-0.120, 0.346, 0.810
-0.121, 0.339, 0.811
-0.121, 0.333, 0.812
-0.121, 0.326, 0.813
-0.121, 0.320, 0.815
-0.121, 0.314, 0.818
-0.114, 0.306, 0.817
-0.122, 0.307, 0.818
-0.114, 0.299, 0.818
-0.115, 0.293, 0.820
-0.115, 0.286, 0.821
-0.115, 0.280, 0.823
-0.115, 0.273, 0.824
-0.115, 0.266, 0.825
-0.115, 0.259, 0.825
-0.116, 0.253, 0.828
-0.109, 0.246, 0.829
-0.116, 0.246, 0.831
-0.109, 0.239, 0.831
-0.109, 0.232, 0.831
-0.109, 0.225, 0.832
-0.109, 0.218, 0.834
-0.110, 0.211, 0.835
-0.110, 0.204, 0.837
-0.103, 0.197, 0.837
-0.110, 0.198, 0.839
-0.103, 0.190, 0.839
-0.096, 0.183, 0.840
-0.103, 0.183, 0.840
-0.088, 0.183, 0.840
-0.081, 0.183, 0.840
-0.073, 0.190, 0.838
-0.066, 0.190, 0.837
-0.074, 0.183, 0.840
-0.059, 0.190, 0.836
-0.052, 0.190, 0.836
-0.044, 0.190, 0.836
-0.037, 0.190, 0.836
-0.030, 0.190, 0.837
-0.022, 0.190, 0.838
-0.015, 0.190, 0.836
-0.008, 0.196, 0.833
-0.001, 0.196, 0.833
-0.008, 0.190, 0.835
0.007, 0.196, 0.833
0.014, 0.196, 0.834
0.021, 0.196, 0.833
0.028, 0.196, 0.832
0.036, 0.196, 0.832
0.043, 0.196, 0.831
0.050, 0.203, 0.829
0.050, 0.209, 0.827
0.050, 0.216, 0.825
0.050, 0.223, 0.825
0.049, 0.230, 0.823
0.049, 0.236, 0.821
0.049, 0.243, 0.820
0.049, 0.250, 0.818
0.049, 0.256, 0.817
0.049, 0.264, 0.818
0.042, 0.270, 0.816
0.049, 0.270, 0.816
0.057, 0.209, 0.827
0.057, 0.202, 0.828
0.050, 0.196, 0.831
-0.112, 0.385, 0.803
-0.098, 0.377, 0.801
-0.098, 0.390, 0.800
-0.028, 0.388, 0.794
-0.021, 0.387, 0.794
-0.014, 0.388, 0.794
-0.028, 0.363, 0.801
-0.035, 0.364, 0.803
-0.021, 0.368, 0.797
-0.014, 0.375, 0.798
-0.008, 0.369, 0.799
-0.014, 0.369, 0.799
-0.021, 0.362, 0.799
-0.008, 0.363, 0.800
-0.001, 0.369, 0.799
0.006, 0.368, 0.796
0.013, 0.361, 0.797
0.006, 0.361, 0.796
-0.001, 0.355, 0.800
-0.008, 0.356, 0.801
-0.001, 0.349, 0.802
0.006, 0.349, 0.801
0.013, 0.355, 0.799
0.013, 0.349, 0.802
0.034, 0.387, 0.793
0.041, 0.362, 0.798
RegionID:5
Center:0.198,0.303,0.801
Normal:-0.049,-0.194,-0.980
NumPatches:121
0.164, 0.215, 0.821
0.156, 0.215, 0.821
0.149, 0.215, 0.821
0.142, 0.215, 0.821
0.135, 0.215, 0.822
0.128, 0.215, 0.821
0.128, 0.222, 0.820
0.128, 0.229, 0.819
0.127, 0.235, 0.818
0.120, 0.243, 0.818
0.120, 0.249, 0.816
0.120, 0.256, 0.815
0.120, 0.262, 0.813
0.119, 0.269, 0.812
0.119, 0.275, 0.810
0.119, 0.282, 0.809
0.119, 0.289, 0.808
0.119, 0.295, 0.807
0.125, 0.302, 0.805
0.118, 0.308, 0.803
0.118, 0.315, 0.802
0.111, 0.322, 0.803
0.111, 0.328, 0.802
0.117, 0.334, 0.798
0.124, 0.341, 0.798
0.117, 0.347, 0.796
0.110, 0.347, 0.797
0.110, 0.354, 0.796
0.110, 0.360, 0.794
0.110, 0.366, 0.793
0.110, 0.373, 0.792
0.109, 0.379, 0.791
0.109, 0.384, 0.788
0.116, 0.385, 0.789
0.123, 0.385, 0.789
0.130, 0.385, 0.789
0.137, 0.385, 0.789
0.143, 0.385, 0.788
0.150, 0.385, 0.789
0.157, 0.385, 0.788
0.164, 0.377, 0.786
0.157, 0.378, 0.788
0.164, 0.371, 0.788
0.171, 0.371, 0.788
0.177, 0.377, 0.786
0.170, 0.383, 0.785
0.177, 0.383, 0.784
0.184, 0.383, 0.784
0.190, 0.383, 0.784
0.197, 0.382, 0.784
0.204, 0.383, 0.784
0.211, 0.382, 0.784
0.217, 0.382, 0.783
0.224, 0.382, 0.782
0.231, 0.382, 0.783
0.238, 0.382, 0.784
0.245, 0.376, 0.784
0.238, 0.376, 0.785
0.245, 0.370, 0.786
0.252, 0.369, 0.784
0.258, 0.374, 0.782
0.251, 0.381, 0.781
0.264, 0.381, 0.781
0.271, 0.382, 0.782
0.265, 0.375, 0.782
0.258, 0.369, 0.784
0.272, 0.375, 0.783
0.272, 0.369, 0.784
0.273, 0.363, 0.786
0.273, 0.356, 0.786
0.273, 0.350, 0.787
0.274, 0.344, 0.789
0.281, 0.338, 0.791
0.274, 0.338, 0.791
0.282, 0.332, 0.793
0.282, 0.325, 0.793
0.282, 0.318, 0.794
0.283, 0.312, 0.795
0.284, 0.306, 0.797
0.284, 0.300, 0.799
0.285, 0.293, 0.800
0.285, 0.286, 0.800
0.285, 0.279, 0.801
0.286, 0.273, 0.804
0.287, 0.267, 0.805
0.286, 0.259, 0.804
0.286, 0.253, 0.805
0.287, 0.246, 0.807
0.288, 0.240, 0.810
0.282, 0.233, 0.811
0.275, 0.227, 0.812
0.268, 0.227, 0.812
0.261, 0.227, 0.813
0.254, 0.227, 0.813
0.247, 0.227, 0.813
0.240, 0.227, 0.814
0.233, 0.227, 0.814
0.226, 0.227, 0.814
0.220, 0.221, 0.817
0.212, 0.221, 0.817
0.205, 0.221, 0.817
0.198, 0.221, 0.817
0.191, 0.221, 0.817
0.184, 0.221, 0.817
0.177, 0.221, 0.818
0.170, 0.221, 0.819
0.163, 0.222, 0.819
0.219, 0.227, 0.814
0.282, 0.227, 0.812
0.289, 0.234, 0.812
0.178, 0.371, 0.789
0.124, 0.347, 0.797
0.131, 0.341, 0.799
0.132, 0.334, 0.800
0.124, 0.327, 0.798
0.118, 0.321, 0.801
0.125, 0.321, 0.800
0.131, 0.327, 0.799
0.125, 0.308, 0.803
0.126, 0.295, 0.807
0.127, 0.242, 0.817
RegionID:6
Center:-0.216,0.329,0.912
Normal:-0.088,-0.175,-0.981
NumPatches:23
-0.205, 0.347, 0.904
-0.214, 0.341, 0.910
-0.223, 0.334, 0.911
-0.231, 0.326, 0.913
-0.223, 0.326, 0.913
-0.215, 0.334, 0.912
-0.222, 0.341, 0.909
-0.230, 0.349, 0.910
-0.230, 0.357, 0.910
-0.222, 0.356, 0.909
-0.214, 0.348, 0.908
-0.222, 0.349, 0.909
-0.207, 0.333, 0.910
-0.215, 0.326, 0.913
-0.223, 0.318, 0.913
-0.215, 0.319, 0.913
-0.223, 0.311, 0.913
-0.215, 0.311, 0.914
-0.208, 0.311, 0.915
-0.199, 0.318, 0.912
-0.199, 0.311, 0.914
-0.208, 0.304, 0.918
-0.200, 0.296, 0.918
RegionID:7
Center:0.424,0.348,0.872
Normal:0.012,-0.249,-0.968
NumPatches:25
0.420, 0.376, 0.863
0.414, 0.370, 0.867
0.413, 0.377, 0.864
0.412, 0.384, 0.863
0.419, 0.383, 0.862
0.428, 0.377, 0.865
0.421, 0.369, 0.865
0.430, 0.363, 0.868
0.424, 0.357, 0.873
0.431, 0.357, 0.872
0.439, 0.357, 0.871
0.432, 0.350, 0.873
0.426, 0.344, 0.877
0.419, 0.337, 0.878
0.419, 0.344, 0.878
0.427, 0.336, 0.877
0.426, 0.329, 0.877
0.419, 0.321, 0.877
0.413, 0.315, 0.881
0.414, 0.308, 0.883
0.415, 0.301, 0.884
0.427, 0.321, 0.878
0.434, 0.321, 0.876
0.439, 0.349, 0.872
0.445, 0.364, 0.869
RegionID:8
Center:-0.400,0.354,0.918
Normal:-0.078,-0.214,-0.974
NumPatches:28
-0.392, 0.352, 0.918
-0.400, 0.345, 0.919
-0.409, 0.345, 0.920
-0.418, 0.346, 0.922
-0.426, 0.346, 0.923
-0.434, 0.346, 0.923
-0.442, 0.346, 0.922
-0.442, 0.354, 0.922
-0.432, 0.360, 0.918
-0.425, 0.353, 0.921
-0.416, 0.360, 0.917
-0.415, 0.367, 0.916
-0.414, 0.374, 0.914
-0.407, 0.368, 0.917
-0.398, 0.367, 0.915
-0.390, 0.359, 0.915
-0.399, 0.360, 0.917
-0.384, 0.352, 0.917
-0.393, 0.345, 0.921
-0.374, 0.358, 0.913
-0.367, 0.367, 0.915
-0.366, 0.359, 0.914
-0.375, 0.351, 0.916
-0.367, 0.351, 0.916
-0.359, 0.351, 0.915
-0.360, 0.344, 0.918
-0.360, 0.336, 0.918
-0.417, 0.353, 0.920
