NumRegions:7
RegionID:-1
Center:1.917,-1.358,-0.491
Normal:0.319,0.007,-0.948
NumPatches:17
3.627, -0.844, 0.087
3.629, -0.797, 0.088
3.625, -0.520, 0.089
3.622, -0.429, 0.089
3.610, -0.204, 0.086
3.605, -0.159, 0.085
2.938, 0.082, -0.138
1.769, -0.355, -0.534
0.886, -1.469, -0.839
0.873, -1.490, -0.843
0.861, -1.514, -0.847
0.850, -1.541, -0.851
0.785, -1.893, -0.875
0.858, -2.152, -0.853
1.173, -2.913, -0.752
1.393, -3.345, -0.682
2.205, -3.958, -0.413
RegionID:-1
Center:1.574,1.855,-0.594
Normal:0.317,0.001,-0.948
NumPatches:9
2.115, 1.518, -0.413
2.519, 2.009, -0.277
2.502, 2.098, -0.283
1.535, 2.868, -0.605
1.022, 2.257, -0.778
0.982, 1.901, -0.792
1.071, 1.446, -0.763
1.092, 1.398, -0.756
1.728, 1.203, -0.543
RegionID:-1
Center:-2.324,1.270,-0.091
Normal:-0.671,0.709,-0.216
NumPatches:10
-2.585, 1.062, 0.039
-2.506, 1.033, -0.305
-2.319, 1.134, -0.553
-2.151, 1.298, -0.537
-2.084, 1.401, -0.408
-2.107, 1.417, -0.284
-2.163, 1.454, 0.009
-2.260, 1.472, 0.369
-2.554, 1.198, 0.387
-2.582, 1.173, 0.388
RegionID:-1
Center:-0.684,2.981,0.488
Normal:-0.676,0.707,-0.210
NumPatches:9
-1.358, 2.190, 0.000
-1.231, 2.227, -0.285
-1.173, 2.245, -0.411
-1.051, 2.359, -0.420
0.873, 4.504, 0.604
0.830, 4.534, 0.843
0.511, 4.351, 1.255
-1.403, 2.385, 0.800
-1.556, 2.190, 0.636
RegionID:-1
Center:-3.400,-0.273,-0.356
Normal:-0.665,0.706,-0.243
NumPatches:7
-3.598, -0.513, -0.508
-3.397, -0.314, -0.481
-3.348, -0.265, -0.473
-3.174, -0.089, -0.440
-3.294, -0.093, -0.121
-3.477, -0.269, -0.130
-3.679, -0.528, -0.330
RegionID:-1
Center:2.482,3.076,0.905
Normal:-0.156,0.987,-0.041
NumPatches:8
2.349, 3.072, 1.317
2.141, 3.036, 1.264
2.167, 3.032, 1.060
2.222, 3.033, 0.867
2.576, 3.066, 0.314
2.887, 3.125, 0.542
2.983, 3.149, 0.772
2.569, 3.109, 1.371
RegionID:-1
Center:3.038,2.944,1.276
Normal:-0.669,-0.711,-0.218
NumPatches:8
3.177, 3.033, 0.558
3.064, 3.075, 0.769
2.823, 2.967, 1.858
2.898, 2.896, 1.860
2.972, 2.826, 1.862
3.188, 2.893, 0.982
3.223, 2.925, 0.771
3.217, 2.995, 0.558
