NumRegions:6
RegionID:-1
Center:-2.345,2.313,0.148
Normal:-0.699,0.678,-0.228
NumPatches:15
-4.012, 0.490, -0.167
-2.033, 2.126, -1.367
-1.981, 2.178, -1.371
-1.904, 2.256, -1.376
-1.603, 2.609, -1.246
-1.366, 2.896, -1.118
-0.845, 4.303, 1.477
-1.241, 3.946, 1.627
-1.317, 3.861, 1.608
-1.713, 3.420, 1.508
-2.717, 2.288, 1.217
-3.223, 1.708, 1.042
-3.628, 1.238, 0.886
-4.319, 0.417, 0.559
-4.455, 0.208, 0.355
RegionID:-1
Center:2.066,-1.502,-0.443
Normal:0.317,0.006,-0.948
NumPatches:13
3.675, -1.612, 0.094
3.681, -1.561, 0.096
3.680, -1.455, 0.097
3.663, -0.571, 0.097
3.655, -0.342, 0.096
3.651, -0.296, 0.095
2.096, 0.057, -0.423
1.611, -0.103, -0.587
0.817, -1.836, -0.863
0.872, -2.103, -0.846
1.102, -3.064, -0.776
1.654, -3.936, -0.597
2.807, -4.271, -0.213
RegionID:-1
Center:0.143,4.398,0.608
Normal:-0.743,0.502,-0.444
NumPatches:9
0.176, 3.652, -0.291
0.291, 3.667, -0.466
0.333, 3.718, -0.478
0.450, 4.006, -0.348
0.787, 6.309, 1.691
0.026, 5.270, 1.790
-0.069, 5.105, 1.763
-0.237, 4.574, 1.444
-0.309, 3.747, 0.629
RegionID:-1
Center:4.012,-4.726,2.198
Normal:-0.694,0.683,-0.227
NumPatches:9
2.168, -6.678, 1.964
2.494, -6.588, 1.239
2.797, -6.399, 0.879
4.244, -4.845, 1.129
5.326, -3.417, 2.116
5.827, -2.532, 3.247
5.775, -2.588, 3.238
3.336, -5.216, 2.787
2.421, -6.208, 2.603
RegionID:-1
Center:7.420,-1.168,2.855
Normal:-0.697,0.681,-0.225
NumPatches:10
7.294, -1.423, 2.474
7.569, -1.253, 2.135
7.642, -1.174, 2.152
7.726, -1.082, 2.171
7.753, -0.912, 2.598
7.638, -0.897, 3.000
7.518, -0.887, 3.403
7.383, -1.040, 3.357
7.094, -1.370, 3.253
7.017, -1.459, 3.222
RegionID:-1
Center:6.479,-2.070,2.903
Normal:-0.669,0.678,-0.305
NumPatches:8
6.513, -2.308, 2.300
6.639, -2.171, 2.324
6.708, -2.098, 2.338
6.772, -2.028, 2.352
6.729, -1.905, 2.722
6.467, -1.840, 3.441
6.286, -2.043, 3.386
6.167, -2.178, 3.349
