NumRegions:8
RegionID:-1
Center:-0.887,1.058,-0.171
Normal:-0.142,-0.988,-0.055
NumPatches:12
-1.059, 1.110, -0.649
-1.095, 1.111, -0.573
-1.317, 1.115, -0.091
-1.241, 1.088, 0.200
-0.941, 1.031, 0.461
-0.815, 1.010, 0.504
-0.707, 1.010, 0.223
-0.586, 1.015, -0.166
-0.557, 1.025, -0.416
-0.559, 1.029, -0.487
-0.566, 1.038, -0.638
-0.970, 1.101, -0.717
RegionID:-1
Center:-4.331,1.738,-1.005
Normal:-0.937,0.179,-0.298
NumPatches:9
-4.226, 1.695, -1.361
-4.125, 1.831, -1.596
-4.325, 1.939, -0.905
-4.421, 1.831, -0.668
-4.433, 1.772, -0.665
-4.445, 1.712, -0.664
-4.457, 1.652, -0.663
-4.480, 1.534, -0.662
-4.421, 1.464, -0.889
RegionID:-1
Center:0.726,1.483,-0.359
Normal:-0.190,-0.981,-0.021
NumPatches:11
0.562, 1.520, -0.591
0.520, 1.528, -0.583
0.518, 1.525, -0.412
0.536, 1.519, -0.320
0.656, 1.488, 0.025
0.678, 1.484, 0.025
0.765, 1.469, -0.076
0.831, 1.458, -0.161
0.975, 1.435, -0.350
0.968, 1.440, -0.536
0.664, 1.500, -0.600
RegionID:-1
Center:2.456,-0.336,-0.303
Normal:0.314,0.004,-0.949
NumPatches:12
3.656, -1.001, 0.092
3.669, -0.579, 0.098
3.623, 0.037, 0.085
3.601, 0.170, 0.078
2.288, 0.208, -0.356
1.888, 0.167, -0.488
1.595, 0.099, -0.586
1.593, 0.079, -0.586
1.552, -0.467, -0.602
2.038, -0.702, -0.442
3.032, -1.031, -0.115
3.645, -1.095, 0.088
RegionID:-1
Center:-4.478,0.844,-0.797
Normal:-0.940,0.150,-0.305
NumPatches:10
-4.367, 0.936, -1.095
-4.358, 0.991, -1.096
-4.322, 1.213, -1.098
-4.390, 1.237, -0.875
-4.462, 1.244, -0.650
-4.481, 1.131, -0.647
-4.510, 0.960, -0.643
-4.529, 0.842, -0.641
-4.548, 0.725, -0.642
-4.636, 0.159, -0.650
RegionID:-1
Center:1.084,1.378,0.038
Normal:-0.152,-0.986,-0.064
NumPatches:13
1.027, 1.419, -0.456
0.806, 1.422, 0.012
0.780, 1.394, 0.520
0.847, 1.383, 0.530
0.869, 1.379, 0.533
0.891, 1.376, 0.536
1.133, 1.348, 0.389
1.217, 1.340, 0.307
1.260, 1.339, 0.219
1.297, 1.339, 0.127
1.423, 1.348, -0.309
1.431, 1.353, -0.410
1.131, 1.403, -0.472
RegionID:-1
Center:-0.091,1.542,0.443
Normal:-0.204,-0.977,-0.055
NumPatches:18
0.066, 1.529, 0.099
-0.014, 1.546, 0.099
-0.034, 1.550, 0.099
-0.053, 1.554, 0.099
-0.073, 1.558, 0.099
-0.114, 1.567, 0.100
-0.305, 1.606, 0.104
-0.327, 1.611, 0.105
-0.369, 1.619, 0.106
-0.434, 1.624, 0.274
-0.462, 1.624, 0.362
-0.457, 1.619, 0.447
-0.127, 1.509, 1.170
0.057, 1.478, 1.032
0.224, 1.474, 0.489
0.226, 1.478, 0.406
0.195, 1.498, 0.173
0.102, 1.521, 0.099
RegionID:-1
Center:0.247,1.474,0.862
Normal:-0.162,-0.979,-0.126
NumPatches:8
0.184, 1.512, 0.648
0.142, 1.508, 0.736
0.179, 1.451, 1.132
0.289, 1.432, 1.132
0.326, 1.426, 1.132
0.350, 1.448, 0.934
0.360, 1.459, 0.833
0.318, 1.511, 0.483
