NumRegions:6
RegionID:-1
Center:-0.804,2.731,-1.425
Normal:0.313,-0.008,-0.950
NumPatches:8
-0.486, 2.825, -1.321
-0.571, 2.880, -1.349
-0.883, 3.022, -1.453
-1.029, 3.084, -1.502
-1.227, 3.151, -1.568
-1.328, 3.178, -1.601
-1.162, 2.688, -1.542
-0.418, 2.444, -1.295
RegionID:-1
Center:1.726,-0.281,-0.547
Normal:0.292,-0.044,-0.955
NumPatches:6
2.073, -0.461, -0.433
2.074, -0.352, -0.438
1.764, -0.176, -0.541
1.379, -0.137, -0.660
1.281, -0.177, -0.688
1.724, -0.387, -0.543
RegionID:-1
Center:-6.032,5.043,-1.293
Normal:-0.508,0.845,-0.167
NumPatches:7
-6.960, 4.422, -1.616
-5.325, 5.353, -1.872
-5.285, 5.454, -1.486
-5.429, 5.441, -1.110
-6.029, 5.077, -1.131
-6.125, 5.018, -1.137
-6.855, 4.569, -1.193
RegionID:-1
Center:2.542,-0.589,0.587
Normal:-0.802,-0.527,-0.281
NumPatches:6
2.585, -0.524, 0.345
2.562, -0.487, 0.341
2.389, -0.418, 0.705
2.476, -0.645, 0.882
2.496, -0.680, 0.891
2.719, -0.740, 0.367
RegionID:-1
Center:0.290,2.756,0.736
Normal:-0.845,-0.452,-0.288
NumPatches:9
0.486, 2.555, 0.475
0.444, 2.631, 0.480
0.414, 2.684, 0.486
0.358, 2.780, 0.499
0.309, 2.860, 0.516
0.096, 3.122, 0.732
0.136, 2.801, 1.118
0.475, 2.423, 0.715
0.488, 2.474, 0.596
RegionID:-1
Center:-3.530,-2.057,1.421
Normal:0.333,-0.017,-0.943
NumPatches:8
-3.003, -1.878, 1.603
-3.010, -1.829, 1.600
-3.019, -1.782, 1.596
-3.032, -1.739, 1.591
-3.049, -1.699, 1.584
-3.340, -1.750, 1.482
-4.340, -2.502, 1.142
-4.317, -2.633, 1.153
