NumRegions:7
RegionID:-1
Center:2.186,-1.124,-0.401
Normal:0.314,0.001,-0.949
NumPatches:14
2.917, -2.684, -0.162
3.684, -1.672, 0.093
4.518, 0.457, 0.371
3.666, 0.915, 0.090
2.524, 0.843, -0.288
2.055, 0.743, -0.443
1.891, 0.687, -0.497
1.586, 0.300, -0.598
0.799, -1.583, -0.860
0.819, -1.853, -0.854
0.868, -2.098, -0.838
0.959, -2.384, -0.809
1.166, -2.905, -0.741
1.380, -3.322, -0.670
RegionID:-1
Center:-2.182,2.268,0.930
Normal:-0.811,0.520,-0.267
NumPatches:7
-1.072, 3.035, -0.949
-1.019, 3.109, -0.965
-0.862, 4.669, 1.592
-1.699, 3.293, 1.457
-2.705, 1.615, 1.246
-3.414, 0.368, 0.971
-3.440, 0.240, 0.799
RegionID:-1
Center:2.017,1.013,-0.457
Normal:0.324,-0.001,-0.946
NumPatches:9
2.040, 0.772, -0.449
2.256, 0.863, -0.375
2.577, 1.031, -0.265
2.568, 1.102, -0.268
2.550, 1.209, -0.274
1.941, 1.304, -0.483
1.598, 1.045, -0.600
1.638, 0.821, -0.586
1.855, 0.706, -0.512
RegionID:-1
Center:0.348,4.822,0.368
Normal:-0.917,0.280,-0.285
NumPatches:5
0.251, 4.235, 0.103
0.375, 4.355, -0.176
0.515, 4.560, -0.428
0.652, 6.683, 1.219
0.084, 4.410, 0.813
RegionID:-1
Center:1.639,-4.818,1.175
Normal:-0.645,-0.743,-0.178
NumPatches:7
1.569, -4.566, 0.379
1.433, -4.504, 0.610
1.256, -4.464, 1.083
1.210, -4.484, 1.338
1.343, -4.676, 1.656
1.700, -5.012, 1.764
2.728, -5.839, 1.492
RegionID:-1
Center:5.598,-3.255,2.712
Normal:-0.802,0.532,-0.271
NumPatches:17
4.510, -5.287, 1.942
4.559, -5.217, 1.936
4.610, -5.143, 1.930
4.658, -5.073, 1.925
4.708, -5.001, 1.919
4.757, -4.929, 1.914
4.805, -4.859, 1.909
4.852, -4.791, 1.905
5.782, -3.406, 1.870
5.828, -3.336, 1.871
5.874, -3.266, 1.873
5.920, -3.196, 1.875
6.591, -1.783, 2.662
6.750, -1.119, 3.495
6.003, -2.345, 3.300
4.818, -4.329, 2.910
4.220, -5.359, 2.660
RegionID:-1
Center:8.378,1.259,3.497
Normal:-0.830,0.462,-0.312
NumPatches:11
8.064, 0.791, 3.639
8.220, 0.786, 3.214
8.381, 0.794, 2.801
8.438, 0.912, 2.822
8.495, 1.028, 2.844
8.614, 1.274, 2.892
8.672, 1.395, 2.917
8.900, 1.877, 3.024
8.777, 1.977, 3.500
8.240, 1.544, 4.287
8.029, 1.066, 4.140
