NumRegions:8
RegionID:-1
Center:2.175,-1.413,-0.409
Normal:0.312,-0.000,-0.950
NumPatches:15
3.683, -2.128, 0.087
3.702, -1.904, 0.093
3.703, -1.791, 0.094
3.711, -0.626, 0.096
3.697, -0.254, 0.091
2.567, 0.103, -0.280
2.101, 0.083, -0.433
1.614, -0.044, -0.593
1.494, -0.096, -0.633
0.831, -1.303, -0.850
0.915, -1.714, -0.823
1.041, -2.264, -0.781
1.551, -2.896, -0.613
1.867, -3.170, -0.510
2.300, -3.318, -0.367
RegionID:-1
Center:1.582,2.234,-0.611
Normal:0.319,-0.006,-0.948
NumPatches:11
1.800, 1.824, -0.535
2.100, 2.427, -0.438
2.368, 3.189, -0.353
2.346, 3.330, -0.361
2.317, 3.467, -0.372
2.300, 3.535, -0.378
2.259, 3.662, -0.393
1.588, 2.879, -0.613
1.092, 2.186, -0.775
0.916, 1.715, -0.832
1.455, 1.483, -0.649
RegionID:-1
Center:1.999,0.483,-0.467
Normal:0.313,-0.001,-0.950
NumPatches:8
1.618, 0.253, -0.592
2.108, 0.350, -0.431
2.556, 0.506, -0.283
2.553, 0.639, -0.284
2.268, 0.754, -0.378
1.864, 0.622, -0.512
1.589, 0.481, -0.602
1.484, 0.253, -0.636
RegionID:-1
Center:-0.153,0.914,-0.197
Normal:-0.693,0.683,-0.231
NumPatches:7
-0.192, 0.833, -0.321
-0.153, 0.869, -0.333
-0.118, 0.916, -0.298
-0.106, 0.944, -0.252
-0.112, 0.973, -0.148
-0.179, 0.962, 0.021
-0.189, 0.953, 0.022
RegionID:-1
Center:-3.344,-0.787,-0.336
Normal:-0.739,-0.623,-0.257
NumPatches:10
-3.214, -0.818, -0.634
-3.436, -0.614, -0.490
-3.496, -0.615, -0.314
-3.545, -0.630, -0.139
-3.486, -0.703, -0.131
-3.386, -0.822, -0.128
-3.354, -0.861, -0.128
-3.288, -0.938, -0.129
-3.212, -0.960, -0.295
-3.159, -0.886, -0.625
RegionID:-1
Center:-3.614,0.816,0.522
Normal:-0.591,0.784,-0.189
NumPatches:10
-3.934, 0.574, 0.515
-3.825, 0.605, 0.307
-3.618, 0.758, 0.292
-3.569, 0.794, 0.289
-3.332, 0.970, 0.278
-3.418, 1.039, 0.835
-3.516, 0.970, 0.855
-3.611, 0.902, 0.871
-3.661, 0.867, 0.879
-3.879, 0.662, 0.713
RegionID:-1
Center:5.452,-4.149,2.701
Normal:-0.569,0.793,-0.218
NumPatches:11
2.165, -6.710, 1.972
2.782, -6.375, 1.580
4.547, -5.207, 1.216
4.686, -5.106, 1.218
4.824, -5.006, 1.222
7.984, -2.433, 2.328
8.955, -1.544, 3.026
8.831, -1.507, 3.486
8.460, -1.527, 4.383
5.151, -4.172, 3.401
2.803, -6.074, 2.616
RegionID:-1
Center:-1.871,2.303,1.165
Normal:-0.590,0.783,-0.198
NumPatches:14
-3.222, 1.189, 0.791
-3.064, 1.302, 0.768
-2.806, 1.488, 0.733
-2.702, 1.563, 0.720
-2.668, 1.588, 0.716
-2.601, 1.636, 0.708
-2.476, 1.728, 0.699
-0.897, 3.012, 1.067
-0.166, 3.658, 1.442
-0.260, 3.640, 1.648
-2.244, 2.077, 1.385
-2.628, 1.751, 1.242
-2.944, 1.480, 1.111
-3.350, 1.098, 0.811
