NumRegions:11
RegionID:-1
Center:0.014,1.196,-0.221
Normal:-0.717,0.652,-0.247
NumPatches:9
-0.089, 1.178, 0.030
-0.088, 1.152, -0.040
-0.044, 1.072, -0.381
0.030, 1.122, -0.466
0.124, 1.233, -0.444
0.144, 1.300, -0.324
0.098, 1.302, -0.185
-0.001, 1.303, 0.105
-0.062, 1.259, 0.165
RegionID:-1
Center:2.132,-1.490,-0.416
Normal:0.315,-0.000,-0.949
NumPatches:12
2.282, -3.382, -0.366
3.673, -1.889, 0.096
4.498, -0.797, 0.369
3.654, -0.251, 0.089
2.949, -0.152, -0.145
2.324, -0.146, -0.352
1.896, -0.144, -0.494
1.765, -0.176, -0.538
0.896, -1.727, -0.826
0.863, -2.084, -0.837
1.086, -3.021, -0.763
1.633, -3.895, -0.581
RegionID:-1
Center:1.677,1.941,-0.574
Normal:0.318,-0.004,-0.948
NumPatches:10
1.817, 0.959, -0.523
1.995, 1.046, -0.463
2.205, 1.169, -0.393
2.543, 2.079, -0.284
2.370, 3.199, -0.347
2.293, 3.527, -0.374
0.992, 2.336, -0.806
0.890, 2.089, -0.839
1.264, 1.459, -0.711
1.624, 0.963, -0.587
RegionID:-1
Center:2.142,0.473,-0.418
Normal:0.328,-0.009,-0.945
NumPatches:8
2.077, 0.321, -0.440
2.550, 0.407, -0.276
2.551, 0.539, -0.277
2.538, 0.670, -0.283
2.288, 0.671, -0.370
1.871, 0.544, -0.513
1.734, 0.482, -0.560
1.769, 0.282, -0.546
RegionID:-1
Center:-2.038,1.423,-0.422
Normal:-0.945,-0.070,-0.319
NumPatches:12
-1.959, 1.234, -0.612
-1.963, 1.422, -0.644
-2.010, 1.657, -0.554
-2.101, 1.721, -0.298
-2.098, 1.604, -0.283
-2.096, 1.564, -0.278
-2.094, 1.483, -0.269
-2.092, 1.443, -0.266
-2.090, 1.400, -0.263
-2.087, 1.359, -0.261
-2.085, 1.317, -0.259
-2.077, 1.196, -0.257
RegionID:-1
Center:-3.258,-0.543,-0.271
Normal:-0.754,-0.606,-0.253
NumPatches:12
-2.952, -0.794, -0.579
-2.978, -0.760, -0.582
-3.538, -0.100, -0.493
-3.599, -0.097, -0.320
-3.616, -0.149, -0.144
-3.334, -0.594, 0.079
-3.305, -0.630, 0.080
-3.277, -0.666, 0.081
-3.108, -0.875, 0.080
-3.047, -0.868, -0.118
-2.962, -0.846, -0.425
-2.929, -0.825, -0.575
RegionID:-1
Center:-3.499,1.253,0.546
Normal:-0.558,0.812,-0.172
NumPatches:13
-3.854, 1.003, 0.517
-3.809, 0.991, 0.313
-3.756, 1.026, 0.310
-3.603, 1.129, 0.299
-3.452, 1.231, 0.289
-3.404, 1.263, 0.287
-3.184, 1.413, 0.280
-3.172, 1.459, 0.456
-3.245, 1.488, 0.835
-3.290, 1.459, 0.843
-3.526, 1.305, 0.880
-3.575, 1.273, 0.887
-3.900, 1.016, 0.728
RegionID:-1
Center:4.753,-4.580,2.483
Normal:-0.546,0.818,-0.182
NumPatches:7
3.434, -5.530, 2.175
4.511, -5.031, 1.185
4.582, -4.983, 1.187
6.356, -3.345, 3.224
6.286, -3.303, 3.628
5.323, -3.995, 3.403
3.534, -5.388, 2.516
RegionID:-1
Center:-1.528,2.743,1.229
Normal:-0.549,0.815,-0.183
NumPatches:12
-2.934, 1.696, 0.783
-2.893, 1.722, 0.776
-2.742, 1.819, 0.759
-2.598, 1.913, 0.744
-2.426, 2.026, 0.729
0.141, 3.788, 0.873
0.189, 3.822, 0.881
0.207, 3.935, 1.328
0.206, 3.987, 1.567
0.008, 3.898, 1.759
-2.023, 2.456, 1.434
-2.952, 1.768, 1.158
RegionID:-1
Center:2.607,-6.122,1.950
Normal:-0.542,0.823,-0.173
NumPatches:14
1.874, -6.610, 1.923
2.408, -6.340, 1.536
2.479, -6.294, 1.532
2.551, -6.248, 1.527
2.624, -6.200, 1.524
2.695, -6.154, 1.521
2.838, -6.061, 1.516
2.909, -6.015, 1.514
2.978, -5.969, 1.512
3.227, -5.736, 1.843
3.316, -5.606, 2.181
2.607, -5.992, 2.562
2.539, -6.037, 2.567
1.542, -6.747, 2.314
RegionID:-1
Center:8.319,-2.040,3.543
Normal:-0.564,0.789,-0.244
NumPatches:11
8.075, -2.299, 3.267
8.300, -2.265, 2.859
8.417, -2.173, 2.888
8.525, -2.087, 2.915
8.630, -2.003, 2.943
8.747, -1.909, 2.974
8.924, -1.768, 3.024
8.305, -1.800, 4.346
8.206, -1.884, 4.307
8.105, -1.968, 4.268
7.795, -2.228, 4.143
