NumRegions:11
RegionID:-1
Center:2.101,-1.350,-0.424
Normal:0.315,0.002,-0.949
NumPatches:12
3.653, -1.993, 0.089
4.510, -0.915, 0.375
3.647, -0.206, 0.090
2.557, 0.071, -0.270
2.324, 0.092, -0.347
1.902, 0.031, -0.487
0.777, -1.363, -0.863
0.781, -1.891, -0.863
0.848, -2.128, -0.841
1.160, -2.890, -0.739
1.799, -3.326, -0.528
2.300, -3.320, -0.362
RegionID:-1
Center:-0.053,1.168,-0.156
Normal:-0.743,0.619,-0.254
NumPatches:12
-0.165, 1.060, -0.091
-0.063, 1.064, -0.380
-0.019, 1.088, -0.451
0.056, 1.188, -0.426
0.070, 1.227, -0.372
0.067, 1.299, -0.188
-0.012, 1.261, -0.049
-0.057, 1.240, 0.030
-0.083, 1.210, 0.032
-0.113, 1.174, 0.032
-0.169, 1.105, 0.030
-0.195, 1.074, 0.028
RegionID:-1
Center:1.539,2.171,-0.619
Normal:0.321,-0.005,-0.947
NumPatches:12
1.657, 1.489, -0.574
1.829, 1.637, -0.517
2.120, 2.273, -0.422
2.401, 2.922, -0.331
2.348, 3.248, -0.350
2.334, 3.314, -0.356
2.274, 3.491, -0.377
1.210, 2.828, -0.734
0.746, 2.275, -0.888
1.103, 1.736, -0.764
1.208, 1.582, -0.727
1.478, 1.398, -0.635
RegionID:-1
Center:2.199,0.448,-0.393
Normal:0.323,-0.013,-0.946
NumPatches:6
2.306, 0.272, -0.354
2.552, 0.408, -0.272
2.540, 0.604, -0.279
2.530, 0.669, -0.283
1.892, 0.554, -0.499
1.604, 0.191, -0.592
RegionID:-1
Center:1.733,1.334,-0.550
Normal:0.297,0.017,-0.955
NumPatches:13
1.757, 1.160, -0.546
1.945, 1.322, -0.484
1.945, 1.360, -0.484
1.875, 1.536, -0.502
1.850, 1.594, -0.509
1.656, 1.437, -0.572
1.538, 1.304, -0.611
1.529, 1.260, -0.615
1.538, 1.200, -0.613
1.544, 1.172, -0.612
1.562, 1.124, -0.607
1.573, 1.102, -0.604
1.586, 1.082, -0.600
RegionID:-1
Center:2.211,0.969,-0.388
Normal:0.322,-0.024,-0.947
NumPatches:8
2.255, 0.830, -0.369
2.575, 1.031, -0.266
2.583, 1.073, -0.264
2.569, 1.221, -0.273
2.561, 1.256, -0.277
2.213, 1.160, -0.392
1.811, 0.884, -0.522
1.681, 0.671, -0.561
RegionID:-1
Center:-3.195,-0.546,-0.263
Normal:-0.765,-0.594,-0.250
NumPatches:10
-2.958, -0.719, -0.578
-3.470, -0.100, -0.483
-3.528, -0.097, -0.314
-3.581, -0.100, -0.141
-3.281, -0.581, 0.081
-3.194, -0.691, 0.079
-3.059, -0.864, 0.077
-3.031, -0.899, 0.075
-2.938, -0.876, -0.266
-2.865, -0.845, -0.564
RegionID:-1
Center:-3.470,1.348,0.539
Normal:-0.544,0.821,-0.174
NumPatches:11
-3.792, 1.087, 0.314
-3.581, 1.224, 0.298
-3.433, 1.320, 0.290
-3.385, 1.351, 0.287
-3.117, 1.527, 0.278
-3.220, 1.577, 0.836
-3.268, 1.547, 0.846
-3.457, 1.428, 0.875
-3.507, 1.397, 0.883
-3.551, 1.368, 0.887
-3.890, 1.111, 0.733
RegionID:-1
Center:4.100,-5.001,2.316
Normal:-0.539,0.823,-0.180
NumPatches:9
1.788, -6.602, 1.913
2.456, -6.249, 1.526
4.489, -4.995, 1.177
4.559, -4.949, 1.180
4.629, -4.902, 1.183
6.345, -3.335, 3.218
6.436, -3.177, 3.668
4.825, -4.310, 3.311
1.526, -6.691, 2.293
RegionID:-1
Center:-1.486,2.824,1.236
Normal:-0.545,0.820,-0.177
NumPatches:13
-2.907, 1.823, 0.974
-2.912, 1.780, 0.788
-2.832, 1.830, 0.777
-2.757, 1.878, 0.769
-2.505, 2.041, 0.746
-2.332, 2.152, 0.730
0.195, 3.912, 1.108
0.261, 4.009, 1.354
0.204, 4.020, 1.577
-0.040, 3.896, 1.758
-1.990, 2.538, 1.462
-2.473, 2.181, 1.296
-2.851, 1.900, 1.157
RegionID:-1
Center:7.780,-2.390,3.459
Normal:-0.527,0.823,-0.210
NumPatches:6
7.244, -2.951, 2.605
7.651, -2.777, 2.265
8.057, -2.496, 2.347
8.924, -1.767, 3.025
8.435, -1.731, 4.396
6.592, -3.085, 3.717
