NumRegions:8
RegionID:-1
Center:2.075,-1.509,-0.430
Normal:0.317,0.001,-0.949
NumPatches:16
2.301, -3.235, -0.356
2.896, -2.731, -0.157
3.628, -2.037, 0.088
3.650, -1.934, 0.095
3.663, -1.828, 0.100
3.657, -1.291, 0.098
3.633, -0.658, 0.091
2.945, -0.152, -0.138
2.551, -0.007, -0.270
1.755, -0.002, -0.536
1.062, -1.171, -0.768
0.778, -1.882, -0.863
0.849, -2.132, -0.840
1.181, -2.841, -0.730
1.440, -3.136, -0.644
1.752, -3.437, -0.540
RegionID:-1
Center:1.708,1.816,-0.560
Normal:0.318,-0.003,-0.948
NumPatches:12
1.971, 1.099, -0.470
2.531, 1.429, -0.283
2.548, 1.981, -0.280
2.429, 2.818, -0.322
2.420, 2.879, -0.326
2.387, 2.982, -0.337
1.969, 2.879, -0.477
1.291, 2.362, -0.702
1.024, 1.868, -0.790
0.937, 1.660, -0.818
1.110, 1.386, -0.759
1.639, 0.919, -0.580
RegionID:-1
Center:-1.608,2.861,0.835
Normal:-0.440,0.886,-0.148
NumPatches:11
-3.653, 1.829, 0.731
-3.598, 1.788, 0.324
-3.472, 1.808, 0.072
-1.247, 2.725, -1.046
-1.214, 2.741, -1.047
-1.047, 2.823, -1.052
0.847, 4.179, 1.437
0.798, 4.240, 1.947
-1.668, 2.948, 1.538
-2.226, 2.642, 1.363
-3.462, 1.954, 0.913
RegionID:-1
Center:0.109,1.231,-0.191
Normal:-0.760,0.597,-0.256
NumPatches:8
-0.051, 1.042, -0.156
0.085, 1.111, -0.398
0.294, 1.365, -0.426
0.329, 1.437, -0.365
0.356, 1.499, -0.299
0.066, 1.304, 0.107
0.015, 1.237, 0.104
-0.031, 1.177, 0.100
RegionID:-1
Center:2.069,0.856,-0.438
Normal:0.322,-0.029,-0.946
NumPatches:8
1.675, 0.643, -0.566
2.508, 0.894, -0.290
3.011, 1.243, -0.129
2.237, 1.030, -0.386
2.015, 0.929, -0.459
1.842, 0.842, -0.515
1.675, 0.743, -0.569
1.546, 0.610, -0.609
RegionID:-1
Center:-3.445,0.699,-0.418
Normal:-0.803,-0.534,-0.266
NumPatches:9
-3.506, 1.127, -1.090
-3.566, 1.231, -1.118
-3.728, 1.294, -0.755
-3.881, 1.333, -0.372
-3.698, 0.945, -0.145
-3.286, 0.212, 0.081
-3.257, 0.169, 0.080
-3.219, 0.115, 0.074
-3.050, 0.106, -0.418
RegionID:-1
Center:3.173,4.865,1.580
Normal:-0.668,0.688,-0.283
NumPatches:9
2.869, 4.201, 0.685
2.960, 4.290, 0.688
3.059, 4.389, 0.691
3.178, 4.507, 0.699
4.155, 6.002, 2.026
3.672, 5.803, 2.682
3.581, 5.704, 2.655
3.348, 5.440, 2.563
2.610, 4.370, 1.708
RegionID:-1
Center:4.225,-4.900,2.345
Normal:-0.425,0.891,-0.161
NumPatches:19
1.470, -6.368, 1.487
1.707, -6.315, 1.153
1.780, -6.280, 1.151
1.854, -6.246, 1.148
1.926, -6.212, 1.146
1.999, -6.177, 1.144
2.072, -6.143, 1.143
2.145, -6.108, 1.141
2.289, -6.040, 1.138
2.360, -6.006, 1.137
3.944, -5.249, 1.152
4.021, -5.212, 1.155
4.095, -5.176, 1.158
4.245, -5.103, 1.164
7.297, -3.452, 2.256
7.588, -3.225, 2.746
7.808, -2.851, 4.239
3.417, -5.203, 2.801
1.457, -6.314, 1.815
