NumRegions:7
RegionID:-1
Center:-2.280,1.890,-0.996
Normal:-0.941,-0.137,-0.310
NumPatches:10
-2.107, 1.653, -1.415
-2.113, 1.859, -1.487
-2.174, 2.070, -1.398
-2.285, 2.128, -1.085
-2.545, 2.095, -0.280
-2.474, 1.922, -0.421
-2.417, 1.847, -0.559
-2.312, 1.754, -0.838
-2.156, 1.629, -1.256
-2.106, 1.593, -1.393
RegionID:-1
Center:-0.424,1.351,-0.379
Normal:-0.895,0.336,-0.294
NumPatches:12
-0.547, 1.003, -0.402
-0.526, 1.000, -0.470
-0.477, 1.058, -0.551
-0.314, 1.378, -0.681
-0.260, 1.541, -0.659
-0.202, 1.719, -0.631
-0.356, 1.713, -0.172
-0.382, 1.649, -0.164
-0.410, 1.582, -0.156
-0.462, 1.456, -0.142
-0.514, 1.330, -0.129
-0.588, 1.048, -0.227
RegionID:-1
Center:-2.324,2.793,0.609
Normal:-0.657,0.720,-0.221
NumPatches:12
-4.131, 1.063, 0.346
-2.120, 2.392, -1.303
-1.973, 2.525, -1.307
-1.944, 2.551, -1.307
-0.536, 4.414, 0.578
-0.556, 4.542, 1.055
-0.618, 4.562, 1.301
-0.813, 4.453, 1.527
-2.434, 2.900, 1.285
-3.066, 2.259, 1.078
-3.871, 1.422, 0.743
-4.177, 1.086, 0.558
RegionID:-1
Center:2.205,-0.998,-0.391
Normal:0.314,0.004,-0.949
NumPatches:11
2.412, -2.771, -0.330
2.957, -2.406, -0.148
3.711, -1.856, 0.104
3.652, 0.447, 0.094
2.939, 0.595, -0.142
2.520, 0.607, -0.280
2.271, 0.580, -0.363
1.699, 0.367, -0.553
1.590, 0.281, -0.590
0.884, -1.760, -0.832
1.456, -3.173, -0.648
RegionID:-1
Center:1.557,1.777,-0.607
Normal:0.322,0.002,-0.947
NumPatches:11
2.557, 1.128, -0.269
2.552, 1.362, -0.270
2.536, 1.434, -0.275
2.501, 1.581, -0.286
1.345, 3.357, -0.675
0.998, 3.147, -0.793
0.721, 2.293, -0.889
1.397, 1.223, -0.662
1.607, 1.088, -0.591
1.804, 0.980, -0.525
2.007, 0.903, -0.456
RegionID:-1
Center:-3.115,-0.762,-0.242
Normal:-0.651,-0.728,-0.216
NumPatches:10
-3.032, -0.731, -0.595
-3.211, -0.613, -0.457
-3.345, -0.590, -0.129
-3.282, -0.708, 0.078
-3.248, -0.739, 0.080
-3.213, -0.771, 0.082
-3.062, -0.904, 0.078
-3.025, -0.937, 0.076
-2.936, -0.914, -0.269
-2.897, -0.858, -0.574
RegionID:-1
Center:4.538,-3.747,2.424
Normal:-0.670,0.710,-0.217
NumPatches:16
2.480, -5.882, 1.787
3.279, -5.244, 1.406
3.391, -5.141, 1.400
3.503, -5.037, 1.394
3.614, -4.934, 1.390
3.724, -4.831, 1.386
5.042, -3.583, 1.402
5.098, -3.529, 1.406
5.155, -3.474, 1.410
5.610, -2.936, 1.770
5.945, -2.502, 2.155
6.717, -1.363, 3.504
4.745, -3.381, 2.983
3.600, -4.573, 2.617
2.875, -5.333, 2.367
2.374, -5.880, 2.119
