NumRegions:8
RegionID:-1
Center:-2.251,2.381,0.027
Normal:-0.331,0.344,-0.879
NumPatches:14
-3.797, 1.512, 0.268
-2.353, 1.296, -0.360
-0.950, 1.220, -0.917
-0.877, 1.361, -0.889
-0.866, 1.384, -0.885
-0.821, 1.485, -0.862
-0.818, 1.626, -0.808
-1.036, 3.707, 0.088
-1.958, 4.505, 0.747
-2.205, 4.399, 0.798
-2.243, 4.345, 0.792
-3.688, 2.103, 0.458
-3.714, 2.062, 0.452
-3.932, 1.547, 0.333
RegionID:-1
Center:2.288,-0.554,-0.368
Normal:0.315,0.001,-0.949
NumPatches:12
3.678, -1.153, 0.092
3.691, -1.108, 0.096
3.711, -0.584, 0.103
3.680, 0.917, 0.094
3.671, 1.258, 0.092
2.995, 1.801, -0.132
1.948, 1.273, -0.479
0.830, -1.548, -0.852
0.920, -1.726, -0.823
1.300, -2.356, -0.697
2.084, -2.458, -0.438
2.949, -2.462, -0.151
RegionID:-1
Center:1.313,1.841,-0.694
Normal:0.318,-0.004,-0.948
NumPatches:9
1.279, 1.431, -0.704
1.471, 1.489, -0.640
1.681, 2.570, -0.574
1.664, 2.614, -0.580
1.332, 2.292, -0.690
1.147, 2.101, -0.751
1.028, 1.878, -0.790
1.021, 1.575, -0.791
1.105, 1.407, -0.762
RegionID:-1
Center:-2.972,1.235,-0.728
Normal:-0.877,-0.396,-0.272
NumPatches:13
-2.837, 1.175, -1.075
-2.856, 1.226, -1.088
-2.893, 1.326, -1.115
-2.977, 1.414, -0.973
-3.043, 1.450, -0.811
-3.106, 1.476, -0.646
-3.148, 1.449, -0.471
-3.055, 1.224, -0.442
-3.032, 1.168, -0.437
-3.009, 1.114, -0.431
-2.984, 1.057, -0.427
-2.916, 1.005, -0.573
-2.822, 1.008, -0.880
RegionID:-1
Center:1.887,1.553,-0.504
Normal:0.312,0.005,-0.950
NumPatches:8
1.736, 1.247, -0.555
1.925, 1.374, -0.492
2.560, 1.944, -0.281
2.521, 2.229, -0.292
1.644, 1.533, -0.584
1.485, 1.383, -0.637
1.515, 1.272, -0.627
1.536, 1.226, -0.621
RegionID:-1
Center:-4.107,0.623,0.236
Normal:-0.817,0.510,-0.268
NumPatches:11
-4.312, 0.355, 0.351
-4.216, 0.364, 0.077
-3.711, 0.751, -0.729
-3.970, 0.893, 0.333
-4.057, 0.863, 0.542
-4.122, 0.764, 0.554
-4.154, 0.716, 0.557
-4.185, 0.667, 0.560
-4.312, 0.468, 0.569
-4.345, 0.417, 0.571
-4.375, 0.369, 0.570
RegionID:-1
Center:1.327,-3.592,1.167
Normal:-0.533,-0.826,-0.184
NumPatches:11
1.735, -3.758, 0.729
1.521, -3.612, 0.694
1.150, -3.361, 0.640
1.094, -3.323, 0.632
1.044, -3.290, 0.627
0.861, -3.292, 1.168
0.814, -3.304, 1.358
1.096, -3.560, 1.692
1.968, -4.228, 2.167
2.539, -4.453, 1.525
1.821, -3.817, 0.745
RegionID:-1
Center:5.111,-2.302,2.541
Normal:-0.822,0.500,-0.271
NumPatches:13
3.674, -4.927, 2.054
5.537, -2.083, 1.651
5.574, -2.019, 1.655
5.612, -1.956, 1.659
5.651, -1.889, 1.664
5.690, -1.823, 1.668
5.998, -1.291, 1.715
6.038, -1.222, 1.722
6.075, -1.156, 1.729
6.769, 0.939, 3.492
4.257, -3.547, 2.833
3.734, -4.514, 2.633
3.663, -4.783, 2.353
