NumRegions:12
RegionID:-1
Center:-0.876,2.770,-1.431
Normal:0.321,0.004,-0.947
NumPatches:10
-0.766, 2.916, -1.393
-0.961, 3.010, -1.459
-1.012, 3.034, -1.476
-1.061, 3.054, -1.493
-1.111, 3.073, -1.509
-1.208, 3.100, -1.542
-1.254, 3.109, -1.558
-1.109, 2.650, -1.511
-0.932, 2.589, -1.451
-0.514, 2.454, -1.310
RegionID:-1
Center:1.989,1.482,-0.481
Normal:0.312,-0.007,-0.950
NumPatches:13
2.586, 0.341, -0.277
3.754, 0.684, 0.104
3.759, 1.228, 0.102
3.758, 1.330, 0.101
3.742, 1.428, 0.095
3.011, 2.346, -0.152
2.488, 2.749, -0.326
2.025, 2.811, -0.479
0.752, 2.293, -0.893
0.818, 1.862, -0.868
0.923, 1.227, -0.829
1.568, 0.504, -0.612
1.917, 0.366, -0.497
RegionID:-1
Center:-1.588,1.014,-0.660
Normal:-0.905,-0.305,-0.298
NumPatches:11
-1.522, 0.910, -0.757
-1.528, 0.941, -0.768
-1.536, 0.977, -0.780
-1.544, 1.009, -0.790
-1.553, 1.045, -0.801
-1.628, 1.218, -0.748
-1.663, 1.211, -0.637
-1.665, 0.974, -0.385
-1.618, 0.915, -0.467
-1.545, 0.871, -0.647
-1.510, 0.856, -0.738
RegionID:-1
Center:-3.731,2.014,0.010
Normal:-0.942,0.158,-0.297
NumPatches:11
-4.151, 0.135, 0.342
-3.965, 0.287, -0.167
-3.818, 0.462, -0.541
-3.729, 0.648, -0.724
-3.145, 2.726, -1.467
-3.054, 3.126, -1.541
-3.110, 3.196, -1.328
-3.168, 3.257, -1.112
-3.602, 3.521, 0.404
-3.706, 3.359, 0.646
-4.216, 0.140, 0.550
RegionID:-1
Center:1.865,-1.334,-0.515
Normal:0.309,0.002,-0.951
NumPatches:12
3.052, -1.374, -0.129
3.055, -1.285, -0.128
2.619, -1.093, -0.269
2.265, -0.944, -0.384
2.035, -0.881, -0.459
1.671, -0.824, -0.577
1.652, -0.837, -0.583
1.426, -1.103, -0.657
1.218, -1.520, -0.726
1.184, -1.597, -0.737
1.326, -1.786, -0.691
2.113, -1.930, -0.436
RegionID:-1
Center:2.450,-0.062,-0.325
Normal:0.305,-0.004,-0.952
NumPatches:11
3.729, -0.356, 0.086
3.748, 0.361, 0.089
2.110, 0.184, -0.435
1.922, 0.144, -0.495
1.773, 0.086, -0.543
1.752, 0.022, -0.549
1.751, -0.008, -0.549
1.919, -0.231, -0.495
2.098, -0.334, -0.437
2.578, -0.408, -0.283
3.040, -0.474, -0.135
RegionID:-1
Center:2.434,-0.691,-0.327
Normal:0.305,-0.009,-0.952
NumPatches:7
3.731, -0.680, 0.088
3.092, -0.555, -0.118
2.570, -0.453, -0.286
1.733, -0.400, -0.554
1.841, -0.730, -0.517
2.028, -0.808, -0.456
3.047, -1.203, -0.126
RegionID:-1
Center:-4.298,-1.061,0.302
Normal:-0.946,0.128,-0.296
NumPatches:7
-4.064, -0.933, -0.389
-4.274, -0.767, 0.351
-4.338, -0.723, 0.574
-4.346, -0.780, 0.577
-4.373, -0.956, 0.587
-4.392, -1.078, 0.593
-4.387, -1.555, 0.370
RegionID:-1
Center:2.321,-2.794,1.261
Normal:-0.264,-0.960,-0.087
NumPatches:8
1.925, -2.640, 0.763
1.820, -2.641, 1.100
1.777, -2.645, 1.278
1.741, -2.652, 1.465
2.578, -2.907, 1.736
3.727, -3.245, 1.975
3.718, -3.192, 1.415
1.983, -2.641, 0.601
RegionID:-1
Center:1.007,-2.908,0.927
Normal:-0.137,-0.989,-0.047
NumPatches:11
1.382, -2.943, 0.584
1.191, -2.916, 0.563
1.104, -2.904, 0.556
0.975, -2.885, 0.546
0.728, -2.850, 0.529
0.579, -2.860, 1.163
0.899, -2.915, 1.392
1.073, -2.941, 1.430
1.157, -2.953, 1.443
1.354, -2.956, 0.928
1.434, -2.951, 0.591
RegionID:-1
Center:6.216,5.512,2.839
Normal:-0.929,0.131,-0.347
NumPatches:8
6.358, 4.953, 2.249
6.543, 5.376, 1.913
6.566, 5.661, 1.960
6.295, 6.607, 3.040
5.926, 5.794, 3.724
5.921, 5.628, 3.674
5.910, 5.211, 3.546
6.042, 4.650, 2.983
RegionID:-1
Center:5.451,0.476,2.556
Normal:-0.938,0.153,-0.311
NumPatches:14
4.894, -2.916, 2.562
5.241, -2.153, 1.895
5.704, 0.073, 1.594
5.726, 0.216, 1.600
5.736, 0.288, 1.604
5.829, 0.946, 1.649
5.839, 1.022, 1.656
5.859, 1.175, 1.670
6.194, 3.993, 2.051
6.206, 4.109, 2.071
6.258, 4.647, 2.179
5.989, 4.501, 2.916
5.697, 4.021, 3.561
4.805, -2.857, 2.861
