NumRegions:9
RegionID:-1
Center:-4.034,1.895,-0.394
Normal:-0.644,-0.633,-0.430
NumPatches:13
-3.556, 2.259, -1.646
-3.759, 2.413, -1.569
-4.502, 2.366, -0.387
-4.648, 2.326, -0.109
-4.737, 2.204, 0.205
-4.706, 2.160, 0.222
-4.454, 1.817, 0.350
-4.279, 1.580, 0.437
-4.220, 1.502, 0.464
-4.190, 1.463, 0.477
-3.881, 1.252, 0.324
-2.360, 0.379, -0.667
-2.251, 0.389, -0.845
RegionID:-1
Center:1.962,1.631,-0.480
Normal:0.317,-0.002,-0.949
NumPatches:14
2.305, 0.246, -0.363
2.966, 0.323, -0.142
3.059, 0.756, -0.112
3.065, 0.798, -0.110
3.056, 1.042, -0.114
3.023, 1.656, -0.126
2.967, 2.433, -0.146
2.940, 2.799, -0.156
1.834, 3.346, -0.526
1.401, 3.262, -0.671
0.724, 2.299, -0.895
0.779, 1.899, -0.875
1.751, 0.249, -0.547
1.914, 0.224, -0.493
RegionID:-1
Center:1.835,-1.234,-0.520
Normal:0.309,0.008,-0.951
NumPatches:10
2.162, -1.544, -0.417
2.178, -1.475, -0.411
2.184, -1.439, -0.409
2.208, -1.263, -0.400
2.213, -1.193, -0.397
1.650, -0.891, -0.578
1.301, -1.035, -0.692
1.394, -1.140, -0.663
1.676, -1.444, -0.574
1.875, -1.574, -0.510
RegionID:-1
Center:2.185,-0.766,-0.401
Normal:0.313,0.007,-0.950
NumPatches:9
3.680, -0.860, 0.091
2.953, -0.638, -0.147
2.284, -0.517, -0.367
2.069, -0.502, -0.438
1.543, -0.588, -0.611
1.682, -0.766, -0.567
2.001, -0.978, -0.463
2.227, -1.079, -0.390
2.590, -1.090, -0.270
RegionID:-1
Center:2.491,-0.043,-0.302
Normal:0.310,0.015,-0.950
NumPatches:8
2.974, -0.201, -0.147
3.672, 0.126, 0.086
3.664, 0.217, 0.085
2.954, 0.261, -0.146
1.765, -0.011, -0.539
1.752, -0.142, -0.545
1.756, -0.188, -0.545
2.566, -0.311, -0.282
RegionID:-1
Center:-4.261,-0.585,0.371
Normal:-0.956,-0.071,-0.286
NumPatches:10
-4.092, -0.630, -0.183
-4.099, -0.526, -0.186
-4.107, -0.424, -0.185
-4.355, -0.131, 0.570
-4.315, -0.677, 0.574
-4.311, -0.733, 0.575
-4.307, -0.788, 0.574
-4.302, -0.842, 0.573
-4.293, -0.950, 0.570
-4.224, -0.993, 0.347
RegionID:-1
Center:1.473,-2.630,0.906
Normal:-0.067,0.998,-0.007
NumPatches:9
1.677, -2.613, 1.414
1.631, -2.616, 1.403
0.959, -2.663, 1.125
1.004, -2.663, 0.663
1.100, -2.657, 0.497
1.825, -2.608, 0.572
1.972, -2.598, 0.588
1.875, -2.603, 0.913
1.715, -2.610, 1.418
RegionID:-1
Center:5.096,1.706,2.448
Normal:-0.945,-0.060,-0.322
NumPatches:11
5.374, -0.983, 2.136
5.431, 1.221, 1.556
5.432, 2.330, 1.345
5.426, 2.406, 1.351
5.131, 5.330, 1.670
5.118, 5.442, 1.688
4.818, 5.784, 2.505
4.730, 5.473, 2.821
4.764, 4.419, 2.917
4.813, 3.301, 2.983
5.193, -1.628, 2.786
RegionID:-1
Center:2.606,-2.210,1.294
Normal:-0.065,0.998,-0.022
NumPatches:11
2.420, -2.218, 1.500
2.144, -2.238, 1.410
2.143, -2.242, 1.225
2.203, -2.242, 1.063
2.265, -2.241, 0.901
2.315, -2.238, 0.909
2.479, -2.226, 0.937
2.737, -2.208, 0.989
2.801, -2.204, 1.002
3.209, -2.171, 1.304
3.199, -2.162, 1.747
