NumRegions:13
RegionID:-1
Center:1.819,1.904,-0.523
Normal:0.316,-0.003,-0.949
NumPatches:11
1.863, 0.761, -0.505
2.041, 0.828, -0.446
3.027, 1.244, -0.119
3.017, 1.652, -0.123
3.001, 2.053, -0.130
2.994, 2.159, -0.133
2.248, 3.758, -0.386
1.033, 3.131, -0.789
0.743, 2.268, -0.883
1.061, 1.198, -0.774
1.671, 0.755, -0.569
RegionID:-1
Center:2.125,-0.437,-0.419
Normal:0.312,0.002,-0.950
NumPatches:9
2.535, -0.723, -0.285
2.562, -0.527, -0.275
2.558, 0.101, -0.275
2.096, 0.083, -0.427
1.384, 0.000, -0.661
1.538, -0.572, -0.612
1.544, -0.594, -0.610
2.014, -0.924, -0.457
2.232, -1.014, -0.385
RegionID:-1
Center:1.253,-1.558,-0.718
Normal:0.299,0.015,-0.954
NumPatches:11
1.367, -1.732, -0.685
1.424, -1.627, -0.665
1.472, -1.521, -0.648
1.466, -1.470, -0.650
1.138, -1.333, -0.750
1.010, -1.313, -0.790
0.991, -1.324, -0.796
0.951, -1.374, -0.809
1.033, -1.546, -0.786
1.124, -1.729, -0.760
1.337, -1.786, -0.695
RegionID:-1
Center:1.741,-1.146,-0.552
Normal:0.310,0.014,-0.951
NumPatches:9
2.229, -1.133, -0.392
2.231, -1.064, -0.391
1.676, -0.773, -0.568
1.518, -0.726, -0.618
1.493, -0.808, -0.628
1.376, -1.218, -0.672
1.494, -1.386, -0.636
1.653, -1.492, -0.586
1.881, -1.618, -0.513
RegionID:-1
Center:-4.550,1.152,-0.345
Normal:-0.928,-0.221,-0.299
NumPatches:11
-4.272, 0.971, -1.073
-4.279, 1.362, -1.341
-4.326, 1.612, -1.379
-4.407, 1.651, -1.155
-4.488, 1.685, -0.929
-4.854, 1.829, 0.097
-4.784, 1.127, 0.399
-4.752, 0.997, 0.396
-4.736, 0.933, 0.394
-4.597, 0.380, 0.373
-4.413, 0.369, -0.189
RegionID:-1
Center:2.309,0.579,-0.357
Normal:0.308,-0.004,-0.951
NumPatches:7
2.270, 0.385, -0.369
3.680, 0.627, 0.087
3.051, 1.007, -0.119
2.251, 0.755, -0.377
1.678, 0.559, -0.561
1.708, 0.427, -0.551
2.070, 0.376, -0.434
RegionID:-1
Center:-4.259,-1.134,0.372
Normal:-0.918,-0.278,-0.282
NumPatches:8
-4.135, -1.526, 0.353
-4.125, -1.271, 0.071
-4.159, -0.900, -0.186
-4.204, -0.748, -0.188
-4.443, -0.741, 0.584
-4.428, -0.794, 0.585
-4.348, -1.063, 0.590
-4.166, -1.653, 0.582
RegionID:-1
Center:3.708,7.096,1.855
Normal:-0.920,-0.230,-0.317
NumPatches:8
3.878, 6.164, 2.039
3.871, 7.064, 1.406
3.838, 7.660, 1.067
3.769, 7.883, 1.107
3.520, 7.746, 1.928
3.439, 7.531, 2.320
3.672, 6.386, 2.474
3.809, 5.975, 2.374
RegionID:-1
Center:4.668,2.477,2.303
Normal:-0.918,-0.234,-0.319
NumPatches:12
5.384, -0.514, 2.434
5.410, -0.183, 2.117
5.102, 2.187, 1.264
4.104, 6.084, 1.278
4.037, 6.314, 1.304
4.003, 6.428, 1.319
3.969, 6.541, 1.334
3.832, 5.754, 2.306
3.818, 5.422, 2.588
4.004, 4.524, 2.714
4.188, 3.631, 2.839
5.324, -0.706, 2.750
RegionID:-1
Center:1.832,-2.339,0.962
Normal:-0.237,0.969,-0.065
NumPatches:14
1.704, -2.390, 0.677
1.742, -2.380, 0.679
1.821, -2.361, 0.685
1.863, -2.350, 0.690
1.904, -2.340, 0.694
1.987, -2.319, 0.703
2.067, -2.299, 0.712
2.109, -2.288, 0.717
2.200, -2.265, 0.729
2.245, -2.254, 0.735
2.177, -2.248, 1.063
2.080, -2.262, 1.219
1.353, -2.446, 1.112
1.281, -2.465, 1.100
RegionID:-1
Center:0.798,-2.670,0.932
Normal:-0.259,0.959,-0.115
NumPatches:12
0.667, -2.739, 0.650
0.702, -2.730, 0.650
0.736, -2.720, 0.650
0.978, -2.655, 0.653
1.012, -2.645, 0.654
1.046, -2.636, 0.656
1.042, -2.620, 0.801
0.955, -2.607, 1.105
0.921, -2.616, 1.106
0.887, -2.625, 1.106
0.749, -2.663, 1.105
0.579, -2.709, 1.103
RegionID:-1
Center:2.943,-1.704,1.320
Normal:-0.236,0.969,-0.069
NumPatches:10
2.772, -1.733, 1.492
2.719, -1.748, 1.474
2.555, -1.791, 1.418
2.464, -1.828, 1.209
2.486, -1.835, 1.044
2.508, -1.841, 0.881
2.556, -1.829, 0.889
2.609, -1.815, 0.899
3.562, -1.554, 1.308
3.524, -1.533, 1.739
RegionID:-1
Center:-1.903,4.365,1.956
Normal:0.272,-0.012,-0.962
NumPatches:7
-1.700, 4.112, 2.016
-1.573, 4.258, 2.050
-1.763, 4.772, 1.991
-2.247, 5.090, 1.850
-2.283, 4.994, 1.841
-2.164, 4.284, 1.883
-1.946, 3.859, 1.950
