NumRegions:8
RegionID:-1
Center:-0.677,2.708,-1.375
Normal:0.321,0.000,-0.947
NumPatches:7
-0.402, 2.746, -1.281
-0.443, 2.777, -1.295
-0.484, 2.807, -1.309
-0.794, 2.994, -1.414
-0.973, 3.037, -1.475
-0.949, 2.624, -1.467
-0.413, 2.416, -1.285
RegionID:-1
Center:1.606,-1.170,-0.596
Normal:0.307,-0.001,-0.952
NumPatches:15
1.786, -1.821, -0.536
1.803, -1.794, -0.531
1.816, -1.763, -0.527
1.859, -1.635, -0.513
1.879, -1.572, -0.507
2.021, -1.064, -0.462
2.088, -0.703, -0.441
1.909, -0.583, -0.499
1.591, -0.445, -0.602
1.470, -0.409, -0.641
1.369, -0.391, -0.673
1.260, -0.431, -0.708
0.914, -1.445, -0.819
1.115, -1.716, -0.753
1.419, -2.058, -0.655
RegionID:-1
Center:1.174,-2.455,-0.739
Normal:0.317,0.002,-0.948
NumPatches:8
1.455, -3.150, -0.647
1.556, -2.881, -0.612
1.331, -2.237, -0.686
1.047, -1.824, -0.780
0.917, -1.689, -0.823
0.784, -1.869, -0.868
1.090, -3.017, -0.768
1.402, -3.242, -0.664
RegionID:-1
Center:-2.066,5.030,0.211
Normal:-0.053,0.999,-0.012
NumPatches:11
-7.657, 4.722, -0.861
-8.203, 4.681, -1.855
-6.975, 4.743, -2.100
-5.764, 4.805, -2.268
-1.521, 5.048, -0.756
0.513, 5.169, 0.411
1.250, 5.215, 0.962
1.180, 5.214, 1.233
0.514, 5.182, 1.475
-0.189, 5.145, 1.460
-0.252, 5.141, 1.458
RegionID:-1
Center:-4.324,-0.872,1.141
Normal:0.321,-0.031,-0.947
NumPatches:12
-5.040, -1.307, 0.912
-4.146, -1.137, 1.210
-3.494, -0.898, 1.423
-3.491, -0.850, 1.422
-3.493, -0.804, 1.420
-3.504, -0.670, 1.412
-3.511, -0.627, 1.408
-3.521, -0.584, 1.404
-3.530, -0.541, 1.399
-3.823, -0.583, 1.301
-6.283, -0.982, 0.480
-6.274, -1.059, 0.486
RegionID:-1
Center:1.559,2.595,0.861
Normal:-0.934,0.107,-0.341
NumPatches:10
1.587, 1.881, 0.560
1.654, 2.336, 0.519
1.751, 3.773, 0.704
1.760, 4.167, 0.803
1.601, 4.030, 1.193
1.443, 3.770, 1.545
1.432, 2.947, 1.317
1.444, 2.365, 1.103
1.498, 2.004, 0.842
1.542, 1.849, 0.674
RegionID:-1
Center:2.226,-1.314,0.779
Normal:-0.951,-0.082,-0.298
NumPatches:7
2.267, -1.082, 0.584
2.264, -1.046, 0.581
2.223, -0.989, 0.698
2.192, -1.263, 0.872
2.193, -1.301, 0.880
2.203, -1.594, 0.928
2.248, -1.612, 0.790
RegionID:-1
Center:2.233,-3.111,1.405
Normal:-0.937,-0.148,-0.315
NumPatches:11
2.455, -3.650, 1.000
2.416, -3.255, 0.930
2.164, -2.375, 1.267
2.110, -2.489, 1.481
2.125, -2.975, 1.664
2.132, -3.214, 1.753
2.140, -3.420, 1.828
2.146, -3.576, 1.883
2.230, -3.720, 1.700
2.310, -3.751, 1.476
2.464, -3.757, 1.022
