NumRegions:3
RegionID:-1
Center:1.589,-1.754,-0.598
Normal:0.318,0.008,-0.948
NumPatches:12
2.546, -1.959, -0.278
2.559, -1.919, -0.274
2.498, -1.724, -0.293
2.145, -1.441, -0.409
1.607, -1.115, -0.587
1.426, -1.041, -0.647
1.294, -0.992, -0.691
1.280, -1.006, -0.696
1.254, -1.038, -0.705
0.930, -1.688, -0.819
1.057, -2.220, -0.781
1.607, -2.740, -0.601
RegionID:-1
Center:-4.296,3.410,-0.547
Normal:-0.569,0.797,-0.201
NumPatches:13
-6.982, 1.372, -1.025
-5.882, 2.030, -1.533
-4.320, 3.058, -1.878
-4.265, 3.099, -1.871
-4.210, 3.140, -1.863
-2.637, 4.544, -0.748
-2.381, 4.939, 0.097
-2.657, 4.828, 0.437
-2.822, 4.710, 0.437
-2.878, 4.670, 0.437
-3.261, 4.396, 0.434
-5.731, 2.550, 0.105
-6.694, 1.758, -0.310
RegionID:-1
Center:-0.510,3.091,0.499
Normal:-0.845,-0.481,-0.234
NumPatches:12
-0.262, 2.873, 0.050
-0.364, 3.139, -0.127
-0.998, 4.300, -0.228
-1.271, 4.776, -0.219
-1.325, 4.727, 0.075
-1.377, 4.669, 0.382
-1.288, 4.417, 0.581
-0.601, 2.986, 1.047
-0.483, 2.746, 1.113
-0.290, 2.525, 0.869
-0.191, 2.434, 0.698
-0.207, 2.635, 0.343
