NumRegions:11
RegionID:-1
Center:2.210,-0.208,-0.387
Normal:0.317,0.029,-0.948
NumPatches:8
2.936, -0.232, -0.145
2.936, -0.159, -0.143
2.542, -0.107, -0.273
1.737, -0.097, -0.542
1.594, -0.110, -0.590
1.499, -0.159, -0.623
2.067, -0.331, -0.439
2.541, -0.397, -0.282
RegionID:-1
Center:1.279,-2.525,-0.711
Normal:0.330,0.015,-0.944
NumPatches:10
1.892, -3.198, -0.507
1.904, -3.128, -0.501
1.348, -2.209, -0.682
1.203, -1.972, -0.729
0.975, -1.602, -0.803
0.839, -1.810, -0.854
0.874, -2.091, -0.846
1.107, -3.069, -0.780
1.397, -3.343, -0.683
1.810, -3.433, -0.539
RegionID:-1
Center:-5.331,1.726,-0.813
Normal:-0.907,0.282,-0.313
NumPatches:10
-5.460, 1.020, -1.077
-5.314, 1.196, -1.342
-5.093, 1.618, -1.602
-5.053, 1.745, -1.603
-4.963, 2.902, -0.821
-5.390, 2.165, -0.248
-5.455, 1.959, -0.246
-5.519, 1.752, -0.246
-5.795, 0.856, -0.255
-5.816, 0.787, -0.255
RegionID:-1
Center:2.239,-0.532,-0.377
Normal:0.314,0.011,-0.949
NumPatches:7
2.985, -0.768, -0.133
2.537, -0.453, -0.278
2.276, -0.399, -0.363
1.719, -0.375, -0.547
1.713, -0.489, -0.551
1.723, -0.514, -0.548
3.031, -0.822, -0.119
RegionID:-1
Center:1.996,-1.210,-0.461
Normal:0.316,0.004,-0.949
NumPatches:9
2.549, -1.376, -0.278
2.574, -1.112, -0.269
2.575, -1.000, -0.268
2.028, -0.793, -0.449
1.655, -0.791, -0.573
1.519, -1.238, -0.620
1.510, -1.297, -0.624
1.834, -1.619, -0.517
2.088, -1.742, -0.433
RegionID:-1
Center:-2.575,2.210,-0.185
Normal:-0.417,-0.906,-0.073
NumPatches:8
-4.221, 3.056, -1.278
-4.133, 2.971, -0.726
-4.089, 2.930, -0.467
-2.803, 2.275, 0.308
-2.085, 1.927, 0.528
-2.021, 1.898, 0.516
-1.915, 1.862, 0.363
-2.212, 2.088, -0.739
RegionID:-1
Center:1.008,1.515,0.055
Normal:-0.225,-0.971,-0.085
NumPatches:13
1.191, 1.521, -0.504
1.041, 1.554, -0.488
0.675, 1.586, 0.119
0.602, 1.588, 0.287
0.557, 1.584, 0.456
0.618, 1.570, 0.458
0.638, 1.565, 0.458
0.943, 1.500, 0.391
1.196, 1.448, 0.316
1.389, 1.411, 0.229
1.390, 1.459, -0.317
1.345, 1.478, -0.415
1.241, 1.510, -0.508
RegionID:-1
Center:-0.833,2.021,-0.182
Normal:-0.277,-0.956,-0.093
NumPatches:14
-0.920, 2.076, -0.482
-0.959, 2.088, -0.489
-0.995, 2.098, -0.493
-1.030, 2.109, -0.498
-1.102, 2.131, -0.507
-1.147, 2.132, -0.388
-1.176, 2.129, -0.265
-1.171, 2.115, -0.142
-0.789, 1.977, 0.146
-0.569, 1.914, 0.138
-0.544, 1.907, 0.137
-0.553, 1.934, -0.112
-0.619, 1.974, -0.328
-0.833, 2.049, -0.464
RegionID:-1
Center:2.793,-2.372,0.783
Normal:-0.914,0.267,-0.307
NumPatches:9
2.665, -2.508, 1.046
2.843, -2.542, 0.488
2.889, -2.393, 0.479
2.904, -2.345, 0.477
2.919, -2.296, 0.475
2.934, -2.245, 0.475
2.758, -2.224, 1.016
2.692, -2.244, 1.195
2.615, -2.475, 1.225
RegionID:-1
Center:3.250,-1.308,1.095
Normal:-0.698,-0.675,-0.238
NumPatches:12
3.384, -1.287, 0.642
3.325, -1.222, 0.628
3.228, -1.115, 0.611
3.142, -1.081, 0.767
3.065, -1.055, 0.921
2.971, -1.075, 1.255
3.103, -1.311, 1.535
3.213, -1.449, 1.603
3.313, -1.494, 1.438
3.412, -1.536, 1.267
3.521, -1.513, 0.882
3.510, -1.429, 0.673
RegionID:-1
Center:3.448,-1.950,1.275
Normal:-0.919,0.251,-0.303
NumPatches:9
3.335, -2.036, 1.546
3.540, -2.027, 0.931
3.610, -2.010, 0.732
3.625, -1.959, 0.731
3.583, -1.876, 0.924
3.528, -1.844, 1.119
3.323, -1.856, 1.730
3.293, -1.953, 1.741
3.280, -1.997, 1.745
