NumRegions:10
RegionID:-1
Center:1.607,-2.129,-0.600
Normal:0.317,0.009,-0.948
NumPatches:12
2.361, -3.227, -0.358
2.430, -2.927, -0.332
2.439, -2.865, -0.328
2.529, -2.260, -0.293
2.069, -1.837, -0.443
1.507, -1.343, -0.626
0.858, -1.495, -0.845
0.836, -1.550, -0.853
0.871, -1.779, -0.843
1.506, -3.069, -0.642
1.848, -3.310, -0.530
2.344, -3.288, -0.364
RegionID:-1
Center:0.262,1.736,-0.047
Normal:-0.123,0.992,-0.032
NumPatches:9
-0.214, 1.685, 0.204
0.127, 1.701, -0.629
0.635, 1.762, -0.689
0.739, 1.778, -0.602
0.771, 1.785, -0.504
0.790, 1.811, 0.230
0.521, 1.780, 0.313
0.232, 1.746, 0.387
-0.281, 1.682, 0.375
RegionID:-1
Center:2.156,-0.207,-0.412
Normal:0.314,0.041,-0.949
NumPatches:7
2.576, -0.239, -0.274
2.561, -0.140, -0.275
2.101, -0.036, -0.423
1.766, -0.051, -0.534
1.595, -0.150, -0.595
2.089, -0.364, -0.441
2.559, -0.431, -0.288
RegionID:-1
Center:-3.433,1.109,-0.542
Normal:0.069,0.997,-0.036
NumPatches:10
-2.858, 1.099, 0.266
-5.175, 1.222, -0.756
-5.283, 1.219, -1.048
-5.252, 1.207, -1.321
-3.294, 1.082, -1.027
-3.200, 1.076, -0.999
-3.106, 1.071, -0.972
-2.818, 1.054, -0.886
-2.709, 1.075, -0.104
-2.766, 1.092, 0.260
RegionID:-1
Center:2.178,0.410,-0.402
Normal:0.311,0.000,-0.950
NumPatches:6
3.666, 0.350, 0.084
2.534, 0.739, -0.286
2.066, 0.602, -0.439
1.891, 0.529, -0.496
1.716, 0.386, -0.553
1.746, 0.190, -0.544
RegionID:-1
Center:-1.721,1.536,-0.349
Normal:-0.076,0.997,-0.035
NumPatches:12
-2.147, 1.506, -0.286
-2.100, 1.505, -0.413
-1.941, 1.513, -0.521
-1.760, 1.523, -0.616
-1.689, 1.529, -0.604
-1.651, 1.532, -0.597
-1.464, 1.548, -0.560
-1.466, 1.552, -0.447
-1.477, 1.559, -0.225
-1.483, 1.562, -0.117
-1.559, 1.561, 0.017
-1.596, 1.559, 0.017
RegionID:-1
Center:3.160,-1.154,1.068
Normal:-0.943,-0.097,-0.317
NumPatches:8
3.360, -1.083, 0.452
3.356, -1.034, 0.450
3.129, -1.007, 1.117
3.074, -1.032, 1.289
3.019, -1.059, 1.460
3.021, -1.106, 1.468
3.032, -1.371, 1.515
3.317, -1.251, 0.632
RegionID:-1
Center:3.385,-0.055,1.003
Normal:-0.458,-0.875,-0.160
NumPatches:10
3.605, -0.104, 0.643
3.454, -0.020, 0.616
3.342, 0.042, 0.597
3.169, 0.107, 0.734
3.130, 0.034, 1.245
3.304, -0.105, 1.507
3.369, -0.144, 1.536
3.450, -0.156, 1.369
3.517, -0.160, 1.195
3.690, -0.152, 0.659
RegionID:-1
Center:3.734,-0.542,1.180
Normal:-0.944,-0.116,-0.310
NumPatches:6
3.877, -0.399, 0.692
3.569, -0.419, 1.636
3.589, -0.651, 1.660
3.718, -0.681, 1.281
3.783, -0.682, 1.083
3.905, -0.654, 0.700
RegionID:-1
Center:2.507,2.064,1.253
Normal:-0.191,0.980,-0.046
NumPatches:9
2.658, 2.108, 1.546
2.555, 2.085, 1.504
2.417, 2.056, 1.444
1.851, 1.928, 1.064
2.788, 2.107, 0.987
2.856, 2.121, 1.002
2.950, 2.140, 1.027
2.999, 2.160, 1.244
2.829, 2.144, 1.611
