NumRegions:8
RegionID:-1
Center:-0.131,1.693,-0.090
Normal:-0.271,0.959,-0.085
NumPatches:11
-0.644, 1.581, 0.291
-0.549, 1.568, -0.170
-0.482, 1.572, -0.336
-0.298, 1.593, -0.686
-0.238, 1.601, -0.790
0.248, 1.750, -0.651
0.490, 1.877, 0.014
0.485, 1.895, 0.227
0.254, 1.837, 0.312
-0.068, 1.753, 0.385
-0.645, 1.589, 0.376
RegionID:-1
Center:1.750,-1.836,-0.555
Normal:0.313,0.006,-0.950
NumPatches:10
3.003, -2.315, -0.145
2.561, -1.500, -0.285
2.195, -1.144, -0.404
1.659, -0.922, -0.579
1.361, -0.893, -0.677
1.002, -1.573, -0.799
0.964, -1.652, -0.812
1.086, -2.217, -0.776
1.562, -2.907, -0.624
2.424, -2.920, -0.340
RegionID:-1
Center:1.956,0.758,-0.481
Normal:0.307,0.001,-0.952
NumPatches:7
1.701, 0.557, -0.563
2.301, 0.727, -0.369
2.303, 0.824, -0.369
2.246, 1.033, -0.387
2.023, 0.960, -0.459
1.524, 0.696, -0.620
1.591, 0.544, -0.598
RegionID:-1
Center:-2.038,1.150,-0.386
Normal:-0.244,0.966,-0.086
NumPatches:13
-2.457, 1.052, -0.291
-2.349, 1.069, -0.411
-2.228, 1.089, -0.524
-2.048, 1.127, -0.619
-1.844, 1.171, -0.694
-1.810, 1.180, -0.686
-1.780, 1.199, -0.563
-1.839, 1.214, -0.230
-1.865, 1.217, -0.121
-1.902, 1.208, -0.123
-1.941, 1.198, -0.124
-1.979, 1.188, -0.126
-2.020, 1.177, -0.128
RegionID:-1
Center:-3.278,0.499,-0.240
Normal:-0.260,0.961,-0.096
NumPatches:6
-3.551, 0.435, -0.139
-3.854, 0.332, -0.349
-3.023, 0.533, -0.584
-2.884, 0.619, -0.109
-2.995, 0.607, 0.075
-3.165, 0.561, 0.079
RegionID:-1
Center:3.253,-0.723,0.980
Normal:-0.915,-0.267,-0.301
NumPatches:9
3.407, -0.649, 0.446
3.370, -0.515, 0.438
3.258, -0.493, 0.759
3.203, -0.485, 0.920
3.104, -0.519, 1.251
3.086, -0.672, 1.441
3.157, -0.988, 1.507
3.379, -0.961, 0.807
3.427, -0.930, 0.632
RegionID:-1
Center:3.676,0.041,1.177
Normal:-0.916,-0.271,-0.297
NumPatches:8
3.820, 0.099, 0.679
3.806, 0.147, 0.677
3.735, 0.193, 0.856
3.676, 0.194, 1.037
3.501, 0.174, 1.595
3.575, -0.113, 1.627
3.701, -0.127, 1.253
3.868, -0.071, 0.686
RegionID:-1
Center:1.951,2.405,1.101
Normal:-0.338,0.937,-0.092
NumPatches:9
2.042, 2.473, 1.464
1.496, 2.237, 1.070
1.298, 2.145, 0.862
2.351, 2.519, 0.794
2.428, 2.548, 0.810
2.512, 2.581, 0.828
2.485, 2.609, 1.214
2.279, 2.568, 1.560
2.135, 2.511, 1.504
