NumRegions:12
RegionID:-1
Center:1.215,-2.343,-0.727
Normal:0.329,0.007,-0.944
NumPatches:8
1.849, -3.214, -0.513
1.112, -1.736, -0.758
1.006, -1.565, -0.794
0.877, -1.477, -0.838
0.871, -2.090, -0.845
0.961, -2.386, -0.816
1.358, -3.365, -0.685
1.817, -3.347, -0.525
RegionID:-1
Center:1.047,2.043,-0.785
Normal:0.304,0.008,-0.953
NumPatches:8
1.277, 1.893, -0.713
1.219, 2.019, -0.730
1.037, 2.274, -0.786
1.016, 2.303, -0.793
0.808, 2.190, -0.860
0.777, 1.883, -0.873
0.814, 1.842, -0.861
1.147, 1.693, -0.756
RegionID:-1
Center:-1.982,0.931,-0.418
Normal:-0.917,0.255,-0.308
NumPatches:13
-2.199, 0.373, -0.236
-2.130, 0.364, -0.448
-2.063, 0.482, -0.551
-1.912, 0.765, -0.766
-1.836, 1.019, -0.782
-1.732, 1.471, -0.717
-1.856, 1.570, -0.263
-1.993, 1.241, -0.129
-2.027, 1.124, -0.126
-2.099, 0.869, -0.121
-2.107, 0.842, -0.121
-2.167, 0.623, -0.123
-2.226, 0.407, -0.126
RegionID:-1
Center:1.405,1.674,-0.665
Normal:0.325,-0.011,-0.946
NumPatches:8
1.611, 1.635, -0.594
1.573, 1.771, -0.609
1.549, 1.838, -0.618
1.533, 1.867, -0.623
1.518, 1.896, -0.629
1.290, 1.847, -0.707
1.161, 1.651, -0.749
1.300, 1.387, -0.698
RegionID:-1
Center:2.554,0.586,-0.278
Normal:0.313,-0.001,-0.950
NumPatches:10
2.953, 0.066, -0.146
3.646, 0.437, 0.082
3.659, 0.577, 0.086
3.680, 0.816, 0.093
3.666, 0.956, 0.088
2.564, 1.266, -0.276
1.826, 0.813, -0.519
1.614, 0.111, -0.588
1.627, 0.074, -0.584
2.569, -0.027, -0.273
RegionID:-1
Center:2.382,-0.434,-0.338
Normal:0.321,0.000,-0.947
NumPatches:9
2.951, -0.681, -0.145
2.963, -0.231, -0.141
2.552, -0.228, -0.280
2.311, -0.232, -0.361
2.089, -0.245, -0.437
2.064, -0.402, -0.445
2.060, -0.512, -0.446
2.275, -0.593, -0.374
2.930, -0.714, -0.152
RegionID:-1
Center:0.796,3.156,0.173
Normal:-0.605,0.773,-0.190
NumPatches:10
0.755, 3.012, -0.281
0.837, 3.037, -0.443
0.938, 3.113, -0.458
1.083, 3.262, -0.313
1.092, 3.309, -0.147
0.864, 3.321, 0.628
0.773, 3.290, 0.793
0.677, 3.210, 0.774
0.628, 3.170, 0.764
0.436, 3.008, 0.717
RegionID:-1
Center:-1.696,2.695,0.214
Normal:-0.928,0.231,-0.294
NumPatches:13
-1.842, 1.848, 0.008
-1.428, 3.099, -0.314
-1.412, 3.156, -0.320
-1.395, 3.222, -0.325
-1.278, 3.662, -0.346
-1.476, 3.728, 0.331
-1.536, 3.744, 0.535
-1.829, 2.635, 0.587
-1.851, 2.537, 0.578
-1.882, 2.397, 0.565
-1.966, 2.010, 0.527
-1.975, 1.969, 0.523
-2.013, 1.610, 0.360
RegionID:-1
Center:1.234,3.350,0.957
Normal:-0.254,-0.964,-0.082
NumPatches:6
1.502, 3.374, -0.159
1.254, 3.386, 0.463
1.059, 3.391, 1.012
0.932, 3.375, 1.596
1.271, 3.285, 1.604
1.592, 3.350, -0.160
RegionID:-1
Center:1.846,2.543,0.617
Normal:-0.236,-0.968,-0.092
NumPatches:10
2.232, 2.502, 0.062
2.145, 2.523, 0.060
1.885, 2.587, 0.058
1.800, 2.607, 0.058
1.596, 2.610, 0.557
1.345, 2.597, 1.338
1.415, 2.579, 1.343
2.030, 2.454, 1.089
2.298, 2.466, 0.271
2.275, 2.491, 0.063
RegionID:-1
Center:3.996,-7.530,2.345
Normal:-0.275,-0.961,-0.038
NumPatches:8
4.024, -7.503, 1.475
3.923, -7.474, 1.469
3.827, -7.447, 1.465
3.194, -7.296, 2.229
3.164, -7.305, 2.661
4.855, -7.805, 3.063
4.744, -7.732, 2.056
4.553, -7.658, 1.558
RegionID:-1
Center:-0.518,3.771,1.472
Normal:-0.254,-0.964,-0.079
NumPatches:8
-0.834, 3.884, 1.116
-0.939, 3.910, 1.130
-0.994, 3.924, 1.138
-1.052, 3.938, 1.147
-1.034, 3.898, 1.586
-0.868, 3.838, 1.782
0.056, 3.607, 1.634
-0.077, 3.675, 1.238
