NumRegions:11
RegionID:-1
Center:2.521,0.364,-0.289
Normal:0.314,-0.002,-0.949
NumPatches:8
3.693, 1.740, 0.097
2.524, 1.443, -0.290
1.522, 0.816, -0.620
1.399, -0.184, -0.659
1.497, -0.221, -0.627
2.065, -0.412, -0.439
2.543, -0.566, -0.280
3.656, -0.767, 0.089
RegionID:-1
Center:1.059,2.075,-0.781
Normal:0.318,-0.003,-0.948
NumPatches:6
1.296, 1.822, -0.700
1.183, 2.074, -0.739
1.145, 2.135, -0.752
0.976, 2.368, -0.810
0.765, 2.235, -0.880
0.948, 1.663, -0.817
RegionID:-1
Center:1.664,-2.015,-0.574
Normal:0.314,-0.000,-0.950
NumPatches:14
2.252, -3.613, -0.380
2.434, -2.720, -0.320
2.507, -2.356, -0.296
2.523, -2.144, -0.291
2.130, -1.629, -0.421
1.926, -1.369, -0.488
1.722, -1.252, -0.556
1.585, -1.183, -0.601
1.180, -1.224, -0.735
1.007, -1.882, -0.792
1.093, -2.161, -0.763
1.513, -2.995, -0.624
1.799, -3.318, -0.530
2.220, -3.766, -0.391
RegionID:-1
Center:-2.047,0.892,-0.400
Normal:-0.923,0.215,-0.320
NumPatches:13
-2.242, 0.296, -0.241
-2.194, 0.342, -0.347
-2.092, 0.463, -0.559
-2.002, 0.684, -0.670
-1.825, 1.369, -0.721
-1.851, 1.421, -0.611
-1.919, 1.468, -0.382
-1.969, 1.429, -0.264
-2.101, 1.065, -0.130
-2.137, 0.920, -0.123
-2.144, 0.891, -0.123
-2.190, 0.690, -0.124
-2.279, 0.301, -0.128
RegionID:-1
Center:-1.847,2.443,0.118
Normal:-0.931,0.196,-0.308
NumPatches:10
-2.046, 1.327, 0.009
-1.796, 1.509, -0.628
-1.497, 3.147, -0.492
-1.433, 3.678, -0.349
-1.645, 3.753, 0.339
-1.711, 3.763, 0.545
-2.053, 2.139, 0.548
-2.076, 2.015, 0.539
-2.105, 1.847, 0.520
-2.147, 1.391, 0.356
RegionID:-1
Center:0.618,3.187,0.187
Normal:-0.639,0.743,-0.199
NumPatches:12
0.608, 3.053, -0.282
0.744, 3.125, -0.451
0.889, 3.243, -0.474
0.917, 3.309, -0.313
0.937, 3.372, -0.147
0.706, 3.381, 0.632
0.611, 3.343, 0.796
0.518, 3.259, 0.777
0.472, 3.216, 0.767
0.427, 3.175, 0.757
0.290, 3.047, 0.722
0.234, 2.995, 0.702
RegionID:-1
Center:1.072,3.428,0.909
Normal:-0.200,-0.978,-0.063
NumPatches:8
1.336, 3.442, -0.160
1.048, 3.473, 0.286
0.732, 3.466, 1.408
0.771, 3.445, 1.606
0.814, 3.436, 1.608
0.987, 3.400, 1.614
1.117, 3.373, 1.616
1.427, 3.424, -0.160
RegionID:-1
Center:1.713,2.637,0.698
Normal:-0.065,-0.998,-0.023
NumPatches:10
1.800, 2.651, -0.137
1.718, 2.656, -0.136
1.472, 2.656, 0.556
1.420, 2.656, 0.710
1.267, 2.655, 1.184
1.334, 2.646, 1.358
1.376, 2.643, 1.367
2.441, 2.570, 1.546
2.150, 2.623, 0.063
1.840, 2.648, -0.137
RegionID:-1
Center:4.588,-7.424,2.254
Normal:-0.212,-0.977,-0.016
NumPatches:10
4.811, -7.462, 1.551
4.080, -7.301, 1.462
3.957, -7.274, 1.450
3.566, -7.202, 2.244
3.410, -7.175, 2.649
4.351, -7.383, 2.869
4.792, -7.480, 2.970
5.463, -7.620, 2.618
5.954, -7.721, 2.202
5.418, -7.595, 1.627
RegionID:-1
Center:2.279,-6.823,1.883
Normal:-0.234,-0.970,-0.074
NumPatches:8
1.805, -6.658, 1.212
1.714, -6.636, 1.206
1.534, -6.618, 1.546
2.521, -6.926, 2.471
2.742, -6.982, 2.513
3.190, -7.097, 2.599
3.097, -7.041, 2.155
1.898, -6.681, 1.219
RegionID:-1
Center:-0.671,3.786,1.413
Normal:-0.219,-0.974,-0.064
NumPatches:9
-1.144, 3.910, 1.145
-1.191, 3.905, 1.374
-1.127, 3.877, 1.587
-0.907, 3.815, 1.777
-0.858, 3.804, 1.771
-0.309, 3.687, 1.680
-0.123, 3.660, 1.444
-0.179, 3.699, 1.045
-0.768, 3.842, 0.894
