NumRegions:12
RegionID:0
Center:0.011,-0.146,2.046
Normal:0.020,-0.690,-0.724
NumPatches:967
-0.304, 0.310, 1.600
-0.317, 0.310, 1.600
-0.315, 0.321, 1.590
-0.325, 0.332, 1.580
-0.324, 0.342, 1.571
-0.321, 0.353, 1.561
-0.320, 0.363, 1.552
-0.318, 0.373, 1.542
-0.316, 0.383, 1.533
-0.302, 0.393, 1.525
-0.290, 0.393, 1.525
-0.304, 0.383, 1.533
-0.276, 0.403, 1.516
-0.264, 0.403, 1.516
-0.278, 0.393, 1.525
-0.252, 0.403, 1.516
-0.238, 0.413, 1.508
-0.226, 0.413, 1.508
-0.240, 0.404, 1.517
-0.213, 0.423, 1.500
-0.201, 0.423, 1.500
-0.214, 0.413, 1.509
-0.189, 0.423, 1.500
-0.176, 0.433, 1.492
-0.164, 0.433, 1.492
-0.177, 0.423, 1.501
-0.152, 0.433, 1.493
-0.139, 0.442, 1.484
-0.128, 0.442, 1.485
-0.140, 0.433, 1.493
-0.116, 0.443, 1.485
-0.104, 0.443, 1.485
-0.092, 0.443, 1.485
-0.080, 0.443, 1.486
-0.068, 0.443, 1.486
-0.057, 0.433, 1.495
-0.069, 0.433, 1.494
-0.045, 0.434, 1.495
-0.033, 0.434, 1.495
-0.021, 0.434, 1.495
-0.009, 0.434, 1.496
0.003, 0.434, 1.496
0.003, 0.424, 1.505
0.003, 0.415, 1.513
0.003, 0.405, 1.522
0.015, 0.395, 1.531
0.003, 0.395, 1.531
0.015, 0.385, 1.541
0.015, 0.375, 1.549
0.016, 0.365, 1.559
0.028, 0.354, 1.569
0.016, 0.354, 1.569
0.028, 0.344, 1.579
0.029, 0.333, 1.588
0.042, 0.323, 1.598
0.029, 0.323, 1.598
0.042, 0.312, 1.608
0.042, 0.301, 1.618
0.042, 0.290, 1.628
0.056, 0.279, 1.639
0.043, 0.279, 1.639
0.056, 0.267, 1.650
0.056, 0.256, 1.661
0.057, 0.244, 1.671
0.057, 0.232, 1.682
0.071, 0.220, 1.694
0.058, 0.220, 1.694
0.072, 0.208, 1.705
0.072, 0.196, 1.717
0.086, 0.183, 1.729
0.073, 0.183, 1.728
0.087, 0.171, 1.740
0.088, 0.158, 1.753
0.102, 0.145, 1.765
0.088, 0.145, 1.765
0.103, 0.132, 1.778
0.104, 0.118, 1.790
0.105, 0.105, 1.803
0.105, 0.091, 1.816
0.121, 0.077, 1.830
0.106, 0.077, 1.829
0.122, 0.063, 1.843
0.136, 0.063, 1.843
0.123, 0.048, 1.857
0.137, 0.048, 1.857
0.151, 0.063, 1.844
0.166, 0.063, 1.844
0.181, 0.063, 1.845
0.194, 0.077, 1.832
0.209, 0.077, 1.832
0.196, 0.063, 1.845
0.224, 0.077, 1.832
0.238, 0.077, 1.833
0.253, 0.077, 1.833
0.255, 0.063, 1.847
0.257, 0.048, 1.860
0.274, 0.034, 1.875
0.259, 0.034, 1.874
0.276, 0.019, 1.889
0.278, 0.004, 1.903
0.295, -0.012, 1.918
0.280, -0.012, 1.918
0.298, -0.027, 1.933
0.300, -0.043, 1.948
0.302, -0.059, 1.963
0.321, -0.075, 1.979
0.305, -0.075, 1.979
0.323, -0.092, 1.995
0.326, -0.109, 2.011
0.328, -0.126, 2.027
0.331, -0.143, 2.044
0.334, -0.161, 2.061
0.337, -0.179, 2.078
0.323, -0.197, 2.095
0.308, -0.215, 2.113
0.292, -0.215, 2.113
0.274, -0.215, 2.112
0.260, -0.234, 2.129
0.243, -0.234, 2.128
0.226, -0.234, 2.128
0.210, -0.253, 2.146
0.193, -0.253, 2.146
0.176, -0.253, 2.145
0.159, -0.253, 2.145
0.142, -0.253, 2.144
0.124, -0.253, 2.144
0.107, -0.253, 2.143
0.090, -0.253, 2.142
0.073, -0.253, 2.142
0.056, -0.272, 2.160
0.039, -0.272, 2.160
0.022, -0.272, 2.159
0.004, -0.272, 2.159
-0.013, -0.272, 2.158
-0.030, -0.272, 2.158
-0.047, -0.272, 2.157
-0.065, -0.272, 2.156
-0.083, -0.291, 2.175
-0.100, -0.291, 2.174
-0.116, -0.271, 2.155
-0.134, -0.271, 2.154
-0.149, -0.252, 2.135
-0.166, -0.252, 2.135
-0.184, -0.252, 2.134
-0.201, -0.252, 2.134
-0.219, -0.271, 2.152
-0.239, -0.291, 2.170
-0.256, -0.291, 2.169
-0.276, -0.311, 2.188
-0.293, -0.311, 2.187
-0.313, -0.331, 2.206
-0.334, -0.352, 2.226
-0.355, -0.373, 2.245
-0.337, -0.373, 2.246
-0.358, -0.394, 2.266
-0.361, -0.416, 2.287
-0.383, -0.439, 2.308
-0.365, -0.439, 2.309
-0.387, -0.461, 2.330
-0.390, -0.485, 2.352
-0.413, -0.508, 2.374
-0.394, -0.508, 2.375
-0.417, -0.532, 2.398
-0.421, -0.557, 2.422
-0.445, -0.582, 2.445
-0.426, -0.582, 2.446
-0.449, -0.608, 2.470
-0.454, -0.634, 2.495
-0.459, -0.660, 2.521
-0.464, -0.688, 2.547
-0.448, -0.716, 2.574
-0.468, -0.716, 2.574
-0.453, -0.744, 2.602
-0.432, -0.744, 2.603
-0.416, -0.774, 2.632
-0.437, -0.773, 2.631
-0.420, -0.803, 2.660
-0.399, -0.804, 2.661
-0.382, -0.834, 2.692
-0.404, -0.834, 2.691
-0.386, -0.865, 2.722
-0.365, -0.866, 2.723
-0.347, -0.898, 2.754
-0.369, -0.898, 2.753
-0.325, -0.898, 2.755
-0.303, -0.898, 2.756
-0.281, -0.899, 2.757
-0.256, -0.867, 2.727
-0.232, -0.836, 2.698
-0.210, -0.837, 2.699
-0.235, -0.867, 2.728
-0.259, -0.899, 2.758
-0.237, -0.899, 2.759
-0.262, -0.932, 2.790
-0.240, -0.932, 2.790
-0.265, -0.965, 2.822
-0.268, -0.999, 2.855
-0.295, -1.034, 2.888
-0.272, -1.034, 2.889
-0.298, -1.070, 2.923
-0.302, -1.106, 2.959
-0.329, -1.144, 2.994
-0.305, -1.144, 2.995
-0.333, -1.182, 3.032
-0.338, -1.222, 3.070
-0.367, -1.262, 3.108
-0.342, -1.262, 3.110
-0.372, -1.304, 3.149
-0.376, -1.346, 3.190
-0.407, -1.390, 3.232
-0.381, -1.390, 3.233
-0.413, -1.435, 3.276
-0.418, -1.481, 3.320
-0.451, -1.528, 3.365
-0.484, -1.576, 3.411
-0.512, -1.576, 3.410
-0.539, -1.575, 3.409
-0.566, -1.574, 3.408
-0.593, -1.574, 3.406
-0.620, -1.573, 3.405
-0.647, -1.572, 3.404
-0.674, -1.572, 3.402
-0.701, -1.571, 3.401
-0.727, -1.571, 3.400
-0.754, -1.570, 3.398
-0.781, -1.569, 3.397
-0.808, -1.569, 3.395
-0.835, -1.568, 3.394
-0.862, -1.567, 3.393
-0.888, -1.567, 3.391
-0.915, -1.566, 3.390
-0.942, -1.566, 3.388
-0.969, -1.565, 3.387
-0.995, -1.564, 3.386
-1.022, -1.564, 3.385
-1.049, -1.563, 3.383
-1.075, -1.562, 3.382
-1.102, -1.562, 3.380
-1.129, -1.561, 3.379
-1.155, -1.560, 3.378
-1.182, -1.560, 3.376
-1.208, -1.559, 3.375
-1.235, -1.559, 3.374
-1.261, -1.558, 3.372
-1.288, -1.557, 3.371
-1.314, -1.557, 3.370
-1.341, -1.556, 3.368
-1.367, -1.555, 3.367
-1.393, -1.555, 3.366
-1.420, -1.554, 3.364
-1.446, -1.554, 3.363
-1.472, -1.553, 3.362
-1.499, -1.552, 3.360
-1.525, -1.552, 3.359
-1.551, -1.551, 3.358
-1.577, -1.551, 3.356
-1.604, -1.550, 3.355
-1.630, -1.549, 3.354
-1.656, -1.549, 3.352
-1.682, -1.548, 3.351
-1.708, -1.548, 3.350
-1.734, -1.547, 3.348
-1.761, -1.546, 3.347
-1.787, -1.546, 3.346
-1.813, -1.545, 3.344
-1.839, -1.544, 3.343
-1.865, -1.544, 3.342
-1.891, -1.543, 3.341
-1.917, -1.543, 3.339
-1.943, -1.542, 3.338
-1.969, -1.541, 3.336
-1.994, -1.541, 3.335
-2.020, -1.540, 3.334
-2.046, -1.540, 3.332
-2.072, -1.539, 3.331
-2.044, -1.492, 3.286
-2.016, -1.446, 3.242
-1.990, -1.401, 3.199
-1.964, -1.358, 3.157
-1.938, -1.315, 3.117
-1.914, -1.274, 3.077
-1.890, -1.233, 3.038
-1.866, -1.194, 3.001
-1.843, -1.156, 2.964
-1.821, -1.119, 2.928
-1.799, -1.082, 2.893
-1.778, -1.046, 2.859
-1.758, -1.012, 2.826
-1.737, -0.978, 2.793
-1.717, -0.944, 2.761
-1.698, -0.912, 2.730
-1.679, -0.880, 2.700
-1.661, -0.849, 2.670
-1.643, -0.819, 2.641
-1.625, -0.789, 2.613
-1.608, -0.760, 2.585
-1.591, -0.732, 2.558
-1.575, -0.704, 2.532
-1.558, -0.676, 2.506
-1.543, -0.650, 2.480
-1.527, -0.624, 2.455
-1.512, -0.598, 2.431
-1.497, -0.573, 2.407
-1.483, -0.548, 2.384
-1.468, -0.524, 2.361
-1.454, -0.500, 2.338
-1.441, -0.477, 2.316
-1.427, -0.454, 2.294
-1.414, -0.432, 2.273
-1.401, -0.410, 2.252
-1.388, -0.388, 2.232
-1.376, -0.367, 2.212
-1.363, -0.346, 2.192
-1.351, -0.326, 2.173
-1.340, -0.306, 2.154
-1.328, -0.286, 2.135
-1.317, -0.267, 2.117
-1.305, -0.248, 2.099
-1.295, -0.229, 2.082
-1.284, -0.211, 2.064
-1.273, -0.192, 2.047
-1.263, -0.175, 2.030
-1.253, -0.157, 2.014
-1.242, -0.140, 1.998
-1.233, -0.123, 1.982
-1.223, -0.106, 1.966
-1.213, -0.090, 1.951
-1.204, -0.074, 1.936
-1.195, -0.058, 1.921
-1.185, -0.042, 1.906
-1.177, -0.026, 1.892
-1.168, -0.011, 1.878
-1.159, 0.004, 1.864
-1.150, 0.018, 1.850
-1.142, 0.033, 1.836
-1.134, 0.047, 1.823
-1.126, 0.062, 1.810
-1.118, 0.075, 1.797
-1.110, 0.089, 1.784
-1.102, 0.103, 1.772
-1.094, 0.116, 1.759
-1.087, 0.129, 1.747
-1.079, 0.142, 1.735
-1.072, 0.155, 1.723
-1.065, 0.168, 1.712
-1.057, 0.180, 1.700
-1.051, 0.193, 1.689
-1.044, 0.205, 1.678
-1.037, 0.217, 1.667
-1.030, 0.229, 1.656
-1.024, 0.240, 1.646
-1.017, 0.252, 1.635
-1.010, 0.263, 1.625
-1.004, 0.274, 1.615
-0.998, 0.286, 1.605
-0.992, 0.297, 1.595
-0.986, 0.307, 1.585
-0.979, 0.318, 1.575
-0.974, 0.329, 1.565
-0.968, 0.339, 1.556
-0.962, 0.350, 1.547
-0.956, 0.360, 1.538
-0.951, 0.370, 1.528
-0.945, 0.380, 1.519
-0.940, 0.390, 1.511
-0.934, 0.400, 1.502
-0.929, 0.409, 1.493
-0.924, 0.419, 1.485
-0.918, 0.428, 1.476
-0.913, 0.437, 1.468
-0.908, 0.447, 1.460
-0.903, 0.456, 1.452
-0.898, 0.465, 1.444
-0.893, 0.474, 1.436
-0.888, 0.483, 1.428
-0.884, 0.491, 1.421
-0.879, 0.500, 1.413
-0.874, 0.509, 1.406
-0.870, 0.517, 1.398
-0.865, 0.526, 1.391
-0.861, 0.534, 1.384
-0.856, 0.542, 1.377
-0.852, 0.550, 1.369
-0.847, 0.559, 1.363
-0.843, 0.567, 1.356
-0.839, 0.574, 1.349
-0.835, 0.582, 1.342
-0.831, 0.590, 1.335
-0.826, 0.598, 1.329
-0.822, 0.606, 1.322
-0.818, 0.613, 1.316
-0.808, 0.613, 1.316
-0.798, 0.613, 1.316
-0.787, 0.613, 1.317
-0.777, 0.613, 1.317
-0.766, 0.613, 1.317
-0.756, 0.613, 1.317
-0.745, 0.614, 1.317
-0.735, 0.614, 1.318
-0.725, 0.614, 1.318
-0.714, 0.614, 1.318
-0.704, 0.614, 1.318
-0.693, 0.614, 1.318
-0.683, 0.614, 1.319
-0.672, 0.614, 1.319
-0.662, 0.614, 1.319
-0.651, 0.614, 1.319
-0.641, 0.615, 1.319
-0.631, 0.615, 1.320
-0.620, 0.615, 1.320
-0.610, 0.615, 1.320
-0.599, 0.615, 1.320
-0.589, 0.615, 1.320
-0.578, 0.615, 1.320
-0.568, 0.615, 1.321
-0.557, 0.615, 1.321
-0.547, 0.615, 1.321
-0.536, 0.615, 1.321
-0.526, 0.616, 1.321
-0.515, 0.616, 1.322
-0.505, 0.616, 1.322
-0.494, 0.616, 1.322
-0.484, 0.616, 1.322
-0.473, 0.616, 1.322
-0.463, 0.616, 1.323
-0.452, 0.616, 1.323
-0.442, 0.616, 1.323
-0.431, 0.616, 1.323
-0.421, 0.617, 1.323
-0.410, 0.617, 1.324
-0.400, 0.617, 1.324
-0.389, 0.617, 1.324
-0.379, 0.617, 1.324
-0.368, 0.617, 1.324
-0.358, 0.617, 1.325
-0.347, 0.617, 1.325
-0.336, 0.617, 1.325
-0.326, 0.617, 1.325
-0.315, 0.617, 1.325
-0.305, 0.618, 1.326
-0.294, 0.618, 1.326
-0.284, 0.618, 1.326
-0.273, 0.618, 1.326
-0.263, 0.618, 1.326
-0.252, 0.618, 1.326
-0.241, 0.618, 1.327
-0.231, 0.618, 1.327
-0.220, 0.618, 1.327
-0.210, 0.618, 1.327
-0.199, 0.618, 1.327
-0.189, 0.619, 1.328
-0.178, 0.619, 1.328
-0.167, 0.619, 1.328
-0.157, 0.619, 1.328
-0.146, 0.619, 1.328
-0.136, 0.619, 1.329
-0.125, 0.619, 1.329
-0.114, 0.619, 1.329
-0.104, 0.619, 1.329
-0.093, 0.619, 1.329
-0.082, 0.620, 1.330
-0.072, 0.620, 1.330
-0.061, 0.620, 1.330
-0.051, 0.620, 1.330
-0.040, 0.620, 1.330
-0.029, 0.620, 1.331
-0.019, 0.620, 1.331
-0.008, 0.620, 1.331
0.003, 0.620, 1.331
0.013, 0.620, 1.331
0.024, 0.620, 1.332
0.035, 0.620, 1.332
0.045, 0.620, 1.332
0.056, 0.621, 1.332
0.067, 0.621, 1.332
0.077, 0.621, 1.333
0.088, 0.621, 1.333
0.099, 0.621, 1.333
0.109, 0.621, 1.333
0.120, 0.621, 1.333
0.131, 0.621, 1.333
0.141, 0.621, 1.333
0.152, 0.621, 1.333
0.163, 0.622, 1.334
0.173, 0.622, 1.334
0.184, 0.622, 1.335
0.195, 0.622, 1.335
0.206, 0.622, 1.335
0.216, 0.622, 1.335
0.227, 0.622, 1.335
0.238, 0.622, 1.336
0.248, 0.622, 1.336
0.259, 0.622, 1.336
0.270, 0.622, 1.336
0.281, 0.623, 1.336
0.291, 0.623, 1.337
0.302, 0.623, 1.337
0.313, 0.623, 1.337
0.323, 0.623, 1.337
0.334, 0.623, 1.337
0.345, 0.623, 1.338
0.356, 0.623, 1.338
0.366, 0.623, 1.338
0.377, 0.623, 1.338
0.388, 0.624, 1.338
0.399, 0.624, 1.339
0.410, 0.624, 1.339
0.420, 0.624, 1.339
0.431, 0.624, 1.339
0.442, 0.624, 1.339
0.453, 0.624, 1.340
0.463, 0.624, 1.340
0.474, 0.624, 1.340
0.485, 0.624, 1.340
0.496, 0.624, 1.340
0.507, 0.625, 1.341
0.517, 0.625, 1.341
0.528, 0.625, 1.341
0.539, 0.625, 1.341
0.550, 0.625, 1.341
0.561, 0.625, 1.342
0.571, 0.625, 1.342
0.582, 0.625, 1.342
0.593, 0.625, 1.342
0.604, 0.625, 1.342
0.615, 0.626, 1.343
0.626, 0.626, 1.343
0.636, 0.626, 1.343
0.647, 0.626, 1.343
0.658, 0.626, 1.343
0.669, 0.626, 1.344
0.680, 0.626, 1.344
0.691, 0.626, 1.344
0.701, 0.626, 1.344
0.712, 0.626, 1.344
0.723, 0.627, 1.345
0.734, 0.627, 1.345
0.745, 0.627, 1.345
0.756, 0.627, 1.345
0.767, 0.627, 1.345
0.778, 0.627, 1.345
0.788, 0.627, 1.345
0.799, 0.627, 1.345
0.810, 0.627, 1.346
0.821, 0.627, 1.346
0.832, 0.627, 1.347
0.843, 0.627, 1.347
0.847, 0.620, 1.353
0.851, 0.612, 1.360
0.856, 0.604, 1.367
0.860, 0.596, 1.374
0.865, 0.588, 1.381
0.869, 0.580, 1.388
0.874, 0.572, 1.396
0.878, 0.564, 1.403
0.883, 0.556, 1.410
0.888, 0.547, 1.418
0.892, 0.539, 1.425
0.897, 0.530, 1.433
0.902, 0.522, 1.441
0.907, 0.513, 1.449
0.912, 0.504, 1.457
0.917, 0.495, 1.465
0.922, 0.486, 1.473
0.928, 0.477, 1.482
0.933, 0.468, 1.490
0.938, 0.459, 1.499
0.943, 0.449, 1.507
0.949, 0.440, 1.516
0.954, 0.430, 1.525
0.960, 0.420, 1.534
0.966, 0.410, 1.543
0.972, 0.400, 1.552
0.977, 0.390, 1.562
0.983, 0.380, 1.571
0.989, 0.370, 1.581
0.996, 0.359, 1.591
1.002, 0.349, 1.600
1.008, 0.338, 1.610
1.014, 0.327, 1.621
1.021, 0.316, 1.631
1.027, 0.305, 1.641
1.034, 0.294, 1.651
1.041, 0.283, 1.662
1.047, 0.271, 1.673
1.054, 0.259, 1.684
1.061, 0.248, 1.695
1.068, 0.236, 1.707
1.075, 0.223, 1.718
1.083, 0.211, 1.730
1.090, 0.199, 1.742
1.098, 0.186, 1.754
1.106, 0.173, 1.766
1.113, 0.160, 1.778
1.121, 0.147, 1.791
1.129, 0.133, 1.804
1.137, 0.120, 1.817
1.145, 0.106, 1.830
1.154, 0.092, 1.844
1.162, 0.078, 1.857
1.171, 0.064, 1.871
1.180, 0.049, 1.885
1.189, 0.034, 1.899
1.198, 0.019, 1.914
1.207, 0.004, 1.928
1.216, -0.012, 1.943
1.226, -0.027, 1.959
1.236, -0.043, 1.974
1.246, -0.060, 1.990
1.256, -0.076, 2.006
1.266, -0.093, 2.022
1.276, -0.110, 2.039
1.287, -0.127, 2.056
1.297, -0.145, 2.073
1.308, -0.163, 2.090
1.319, -0.181, 2.108
1.331, -0.200, 2.126
1.342, -0.219, 2.145
1.354, -0.238, 2.163
1.366, -0.258, 2.182
1.378, -0.277, 2.202
1.391, -0.298, 2.222
1.403, -0.318, 2.242
1.416, -0.339, 2.262
1.429, -0.361, 2.283
1.443, -0.383, 2.305
1.456, -0.405, 2.326
1.470, -0.427, 2.349
1.485, -0.451, 2.372
1.499, -0.474, 2.395
1.514, -0.498, 2.418
1.529, -0.523, 2.442
1.544, -0.548, 2.467
1.560, -0.573, 2.492
1.576, -0.599, 2.518
1.592, -0.626, 2.544
1.609, -0.653, 2.571
1.626, -0.681, 2.598
1.644, -0.709, 2.626
1.662, -0.738, 2.655
1.680, -0.768, 2.684
1.699, -0.798, 2.714
1.718, -0.829, 2.744
1.737, -0.860, 2.776
1.758, -0.893, 2.808
1.778, -0.926, 2.841
1.799, -0.960, 2.874
1.821, -0.995, 2.909
1.843, -1.030, 2.944
1.865, -1.067, 2.980
1.889, -1.104, 3.017
1.912, -1.143, 3.055
1.937, -1.182, 3.094
1.962, -1.222, 3.134
1.988, -1.264, 3.175
2.014, -1.306, 3.217
2.041, -1.350, 3.261
2.069, -1.395, 3.305
2.098, -1.441, 3.351
2.127, -1.489, 3.399
2.158, -1.537, 3.447
2.189, -1.588, 3.497
2.192, -1.639, 3.547
2.163, -1.638, 3.546
2.133, -1.637, 3.544
2.104, -1.637, 3.543
2.075, -1.636, 3.541
2.046, -1.635, 3.540
2.017, -1.634, 3.538
1.988, -1.634, 3.537
1.958, -1.633, 3.535
1.929, -1.633, 3.534
1.900, -1.632, 3.532
1.871, -1.631, 3.530
1.842, -1.631, 3.529
1.813, -1.630, 3.528
1.784, -1.629, 3.526
1.755, -1.628, 3.525
1.726, -1.628, 3.523
1.697, -1.627, 3.522
1.669, -1.626, 3.520
1.640, -1.626, 3.519
1.611, -1.625, 3.518
1.582, -1.624, 3.516
1.553, -1.624, 3.515
1.525, -1.623, 3.513
1.496, -1.622, 3.512
1.467, -1.622, 3.510
1.439, -1.621, 3.509
1.410, -1.620, 3.507
1.381, -1.620, 3.506
1.353, -1.619, 3.504
1.324, -1.618, 3.503
1.295, -1.618, 3.501
1.267, -1.617, 3.500
1.239, -1.616, 3.499
1.210, -1.616, 3.497
1.182, -1.615, 3.496
1.153, -1.614, 3.494
1.125, -1.614, 3.493
1.096, -1.613, 3.491
1.068, -1.612, 3.490
1.040, -1.612, 3.489
1.011, -1.611, 3.487
0.983, -1.610, 3.486
0.955, -1.610, 3.484
0.926, -1.609, 3.483
0.898, -1.608, 3.481
0.870, -1.608, 3.480
0.842, -1.607, 3.478
0.814, -1.606, 3.477
0.786, -1.606, 3.476
0.757, -1.605, 3.474
0.719, -1.554, 3.424
0.682, -1.505, 3.374
0.645, -1.457, 3.326
0.610, -1.411, 3.280
0.576, -1.365, 3.235
0.542, -1.321, 3.191
0.510, -1.278, 3.148
0.485, -1.278, 3.147
0.459, -1.277, 3.146
0.535, -1.279, 3.150
0.554, -1.238, 3.111
0.571, -1.198, 3.072
0.564, -1.159, 3.034
0.557, -1.120, 2.996
0.550, -1.083, 2.960
0.544, -1.047, 2.924
0.561, -1.011, 2.890
0.554, -0.977, 2.856
0.548, -0.943, 2.823
0.541, -0.910, 2.790
0.557, -0.878, 2.760
0.551, -0.846, 2.729
0.545, -0.815, 2.699
0.518, -0.784, 2.668
0.491, -0.754, 2.638
0.469, -0.754, 2.637
0.443, -0.725, 2.608
0.422, -0.725, 2.608
0.397, -0.696, 2.579
0.376, -0.696, 2.578
0.352, -0.668, 2.551
0.331, -0.668, 2.550
0.311, -0.668, 2.549
0.291, -0.668, 2.549
0.270, -0.667, 2.548
0.250, -0.667, 2.547
0.229, -0.667, 2.546
0.211, -0.695, 2.572
0.190, -0.694, 2.571
0.171, -0.722, 2.598
0.151, -0.722, 2.597
0.130, -0.722, 2.596
0.110, -0.750, 2.624
0.090, -0.779, 2.651
0.070, -0.809, 2.680
0.069, -0.779, 2.650
0.089, -0.750, 2.623
0.109, -0.722, 2.596
0.070, -0.840, 2.710
0.049, -0.871, 2.739
0.028, -0.903, 2.769
0.006, -0.903, 2.769
-0.017, -0.902, 2.768
-0.039, -0.902, 2.767
-0.060, -0.870, 2.735
-0.082, -0.869, 2.734
-0.104, -0.869, 2.733
-0.124, -0.837, 2.702
-0.146, -0.837, 2.701
-0.167, -0.837, 2.700
-0.189, -0.837, 2.699
-0.213, -0.868, 2.729
-0.187, -0.806, 2.670
-0.164, -0.777, 2.641
-0.141, -0.748, 2.614
-0.119, -0.719, 2.587
-0.118, -0.691, 2.560
-0.096, -0.664, 2.534
-0.095, -0.637, 2.508
-0.074, -0.611, 2.483
-0.074, -0.585, 2.458
-0.054, -0.560, 2.434
-0.053, -0.535, 2.411
-0.033, -0.511, 2.388
-0.033, -0.487, 2.365
-0.014, -0.464, 2.343
-0.014, -0.441, 2.321
-0.014, -0.418, 2.299
-0.014, -0.396, 2.278
-0.032, -0.375, 2.256
-0.049, -0.353, 2.235
-0.066, -0.332, 2.214
-0.083, -0.312, 2.194
-0.066, -0.312, 2.195
-0.049, -0.332, 2.215
-0.031, -0.353, 2.236
-0.014, -0.375, 2.257
-0.014, -0.487, 2.365
-0.034, -0.535, 2.411
-0.054, -0.585, 2.459
-0.075, -0.637, 2.509
-0.097, -0.691, 2.561
-0.120, -0.748, 2.615
-0.143, -0.777, 2.642
-0.166, -0.806, 2.670
-0.103, -0.838, 2.702
-0.038, -0.870, 2.736
0.028, -0.936, 2.801
0.050, -0.903, 2.770
0.071, -0.871, 2.740
0.050, -0.936, 2.802
0.028, -0.969, 2.834
0.051, -0.970, 2.835
0.029, -1.004, 2.868
0.029, -1.039, 2.902
0.029, -1.075, 2.937
0.030, -1.112, 2.973
0.030, -1.150, 3.010
0.006, -1.188, 3.047
0.030, -1.189, 3.048
0.006, -1.228, 3.086
0.006, -1.269, 3.125
-0.019, -1.310, 3.165
0.006, -1.311, 3.166
-0.019, -1.353, 3.207
-0.020, -1.398, 3.250
-0.046, -1.442, 3.293
-0.020, -1.443, 3.294
-0.047, -1.489, 3.339
-0.047, -1.537, 3.386
-0.076, -1.586, 3.432
-0.048, -1.586, 3.434
-0.021, -1.587, 3.435
0.007, -1.588, 3.436
0.034, -1.588, 3.438
0.062, -1.589, 3.439
0.089, -1.590, 3.441
0.117, -1.590, 3.442
0.145, -1.591, 3.443
0.172, -1.591, 3.445
0.200, -1.592, 3.446
0.228, -1.593, 3.447
0.255, -1.593, 3.449
0.279, -1.544, 3.402
0.302, -1.497, 3.356
0.324, -1.450, 3.311
0.320, -1.405, 3.266
0.342, -1.361, 3.224
0.312, -1.317, 3.181
0.286, -1.316, 3.179
0.261, -1.316, 3.178
0.235, -1.315, 3.177
0.210, -1.315, 3.176
0.184, -1.314, 3.174
0.157, -1.272, 3.132
0.132, -1.271, 3.131
0.105, -1.230, 3.090
0.080, -1.229, 3.089
0.055, -1.189, 3.049
0.079, -1.190, 3.050
0.130, -1.230, 3.091
0.182, -1.272, 3.133
0.337, -1.317, 3.182
0.363, -1.318, 3.183
0.388, -1.318, 3.184
0.368, -1.361, 3.225
0.346, -1.405, 3.268
0.394, -1.361, 3.226
0.414, -1.319, 3.185
0.329, -1.497, 3.357
0.306, -1.545, 3.403
0.283, -1.594, 3.450
0.170, -0.694, 2.571
0.209, -0.667, 2.545
0.373, -0.669, 2.552
0.418, -0.697, 2.580
0.464, -0.725, 2.609
0.512, -0.755, 2.639
0.539, -0.785, 2.669
0.564, -0.910, 2.791
0.567, -1.047, 2.925
0.579, -1.238, 3.112
0.561, -1.279, 3.151
0.568, -1.322, 3.192
0.602, -1.366, 3.236
0.637, -1.411, 3.282
0.672, -1.458, 3.328
0.709, -1.506, 3.376
0.747, -1.555, 3.425
2.221, -1.639, 3.549
-0.457, -1.577, 3.413
-0.424, -1.529, 3.367
-0.331, -0.331, 2.206
-0.311, -0.311, 2.187
-0.273, -0.291, 2.169
-0.237, -0.271, 2.151
-0.218, -0.252, 2.133
-0.132, -0.252, 2.135
-0.098, -0.252, 2.137
-0.097, -0.233, 2.119
-0.097, -0.214, 2.101
-0.096, -0.196, 2.082
-0.111, -0.178, 2.065
-0.111, -0.160, 2.048
-0.110, -0.142, 2.031
-0.109, -0.125, 2.015
-0.124, -0.108, 1.998
-0.140, -0.108, 1.998
-0.156, -0.108, 1.997
-0.170, -0.091, 1.981
-0.185, -0.075, 1.965
-0.199, -0.058, 1.949
-0.213, -0.043, 1.933
-0.228, -0.043, 1.933
-0.242, -0.027, 1.918
-0.240, -0.011, 1.903
-0.238, 0.004, 1.889
-0.251, 0.019, 1.874
-0.249, 0.033, 1.861
-0.247, 0.048, 1.847
-0.260, 0.062, 1.833
-0.258, 0.076, 1.820
-0.257, 0.090, 1.807
-0.269, 0.104, 1.793
-0.267, 0.118, 1.781
-0.265, 0.131, 1.768
-0.277, 0.144, 1.755
-0.275, 0.157, 1.743
-0.287, 0.170, 1.731
-0.285, 0.182, 1.719
-0.284, 0.195, 1.708
-0.295, 0.207, 1.696
-0.293, 0.219, 1.685
-0.291, 0.231, 1.674
-0.303, 0.243, 1.663
-0.301, 0.254, 1.652
-0.299, 0.266, 1.641
-0.310, 0.277, 1.631
-0.308, 0.288, 1.621
-0.306, 0.300, 1.610
-0.297, 0.277, 1.631
-0.289, 0.243, 1.663
-0.282, 0.207, 1.697
-0.274, 0.170, 1.731
-0.263, 0.144, 1.756
-0.255, 0.104, 1.794
-0.246, 0.062, 1.833
-0.236, 0.019, 1.875
-0.226, -0.027, 1.918
-0.197, -0.043, 1.934
-0.183, -0.058, 1.949
-0.169, -0.075, 1.965
-0.155, -0.091, 1.981
-0.108, -0.108, 1.998
-0.095, -0.178, 2.065
-0.081, -0.252, 2.137
-0.099, -0.272, 2.155
-0.082, -0.272, 2.156
0.056, -0.253, 2.141
0.208, -0.234, 2.128
0.258, -0.215, 2.112
0.306, -0.197, 2.095
0.340, -0.197, 2.096
-0.313, 0.332, 1.580
RegionID:1
Center:-0.143,-0.980,2.363
Normal:-0.016,0.152,-0.988
NumPatches:42
-0.090, -0.889, 2.376
-0.109, -0.871, 2.379
-0.128, -0.871, 2.379
-0.147, -0.889, 2.377
-0.166, -0.907, 2.375
-0.166, -0.889, 2.377
-0.148, -0.871, 2.380
-0.148, -0.853, 2.383
-0.166, -0.925, 2.372
-0.185, -0.943, 2.369
-0.166, -0.943, 2.369
-0.185, -0.961, 2.367
-0.184, -0.978, 2.364
-0.203, -0.996, 2.361
-0.184, -0.996, 2.361
-0.203, -1.014, 2.359
-0.203, -1.032, 2.356
-0.221, -1.050, 2.354
-0.202, -1.049, 2.353
-0.221, -1.067, 2.351
-0.202, -1.085, 2.348
-0.221, -1.085, 2.348
-0.183, -1.085, 2.348
-0.164, -1.084, 2.347
-0.145, -1.084, 2.347
-0.127, -1.067, 2.349
-0.127, -1.049, 2.352
-0.108, -1.031, 2.355
-0.108, -1.014, 2.357
-0.109, -0.996, 2.360
-0.090, -0.978, 2.362
-0.090, -0.960, 2.365
-0.090, -0.942, 2.368
-0.071, -0.924, 2.370
-0.071, -0.906, 2.373
-0.071, -0.888, 2.376
-0.090, -0.871, 2.378
-0.052, -0.888, 2.376
-0.071, -0.942, 2.368
-0.090, -0.996, 2.360
-0.108, -1.049, 2.352
-0.127, -1.084, 2.347
RegionID:2
Center:0.275,-0.667,2.012
Normal:0.358,0.484,-0.798
NumPatches:31
0.333, -0.637, 2.056
0.316, -0.635, 2.049
0.298, -0.633, 2.043
0.281, -0.631, 2.036
0.265, -0.616, 2.038
0.247, -0.627, 2.023
0.229, -0.639, 2.008
0.230, -0.625, 2.016
0.248, -0.614, 2.032
0.249, -0.600, 2.041
0.228, -0.652, 2.000
0.227, -0.665, 1.991
0.210, -0.676, 1.977
0.226, -0.678, 1.983
0.209, -0.689, 1.969
0.225, -0.691, 1.975
0.242, -0.693, 1.981
0.258, -0.695, 1.987
0.274, -0.710, 1.985
0.257, -0.708, 1.979
0.291, -0.713, 1.991
0.309, -0.702, 2.006
0.327, -0.691, 2.021
0.329, -0.678, 2.029
0.330, -0.664, 2.038
0.332, -0.651, 2.047
0.326, -0.704, 2.012
0.308, -0.715, 1.997
0.289, -0.726, 1.983
0.306, -0.728, 1.989
0.282, -0.617, 2.045
RegionID:3
Center:-0.261,-0.512,2.122
Normal:-0.677,-0.336,-0.654
NumPatches:32
-0.190, -0.466, 2.026
-0.210, -0.490, 2.058
-0.230, -0.515, 2.092
-0.211, -0.509, 2.069
-0.231, -0.534, 2.103
-0.233, -0.554, 2.115
-0.254, -0.581, 2.150
-0.276, -0.608, 2.187
-0.295, -0.594, 2.200
-0.314, -0.580, 2.212
-0.334, -0.565, 2.225
-0.311, -0.538, 2.187
-0.309, -0.518, 2.175
-0.307, -0.497, 2.163
-0.285, -0.472, 2.127
-0.283, -0.453, 2.115
-0.282, -0.433, 2.104
-0.261, -0.410, 2.070
-0.243, -0.424, 2.059
-0.262, -0.429, 2.081
-0.244, -0.443, 2.069
-0.225, -0.438, 2.048
-0.208, -0.452, 2.037
-0.226, -0.457, 2.059
-0.209, -0.471, 2.047
-0.287, -0.492, 2.138
-0.312, -0.559, 2.200
-0.293, -0.573, 2.187
-0.274, -0.587, 2.175
-0.255, -0.601, 2.162
-0.234, -0.574, 2.126
-0.257, -0.622, 2.174
RegionID:4
Center:-0.158,-0.367,2.075
Normal:0.309,0.747,-0.589
NumPatches:26
-0.127, -0.405, 2.043
-0.143, -0.403, 2.037
-0.157, -0.415, 2.015
-0.174, -0.401, 2.024
-0.191, -0.386, 2.034
-0.193, -0.373, 2.050
-0.210, -0.358, 2.059
-0.212, -0.345, 2.076
-0.197, -0.332, 2.099
-0.181, -0.333, 2.106
-0.196, -0.346, 2.082
-0.194, -0.359, 2.066
-0.166, -0.320, 2.131
-0.150, -0.321, 2.138
-0.165, -0.334, 2.114
-0.148, -0.335, 2.121
-0.131, -0.350, 2.110
-0.147, -0.349, 2.103
-0.130, -0.364, 2.093
-0.113, -0.365, 2.101
-0.096, -0.381, 2.091
-0.112, -0.393, 2.067
-0.128, -0.391, 2.060
-0.113, -0.379, 2.084
-0.175, -0.388, 2.040
-0.158, -0.402, 2.031
RegionID:5
Center:-0.394,-0.204,1.547
Normal:-0.145,-0.911,-0.386
NumPatches:31
-0.347, -0.243, 1.622
-0.362, -0.245, 1.630
-0.377, -0.246, 1.639
-0.392, -0.247, 1.648
-0.408, -0.249, 1.657
-0.409, -0.229, 1.611
-0.424, -0.230, 1.619
-0.439, -0.231, 1.628
-0.455, -0.232, 1.637
-0.471, -0.234, 1.646
-0.455, -0.213, 1.591
-0.455, -0.195, 1.549
-0.441, -0.177, 1.501
-0.442, -0.161, 1.463
-0.428, -0.160, 1.456
-0.414, -0.159, 1.449
-0.413, -0.175, 1.487
-0.441, -0.194, 1.541
-0.427, -0.176, 1.494
-0.399, -0.175, 1.479
-0.386, -0.174, 1.472
-0.372, -0.173, 1.465
-0.359, -0.172, 1.458
-0.356, -0.188, 1.496
-0.370, -0.189, 1.503
-0.342, -0.188, 1.488
-0.329, -0.187, 1.481
-0.315, -0.186, 1.474
-0.325, -0.204, 1.520
-0.336, -0.223, 1.569
-0.394, -0.228, 1.602
RegionID:6
Center:-0.357,-0.072,1.447
Normal:0.205,0.439,-0.875
NumPatches:53
-0.282, -0.033, 1.485
-0.292, -0.044, 1.477
-0.293, -0.033, 1.482
-0.306, -0.021, 1.485
-0.317, -0.021, 1.483
-0.329, -0.021, 1.480
-0.340, -0.021, 1.477
-0.352, -0.009, 1.480
-0.364, -0.009, 1.478
-0.375, -0.009, 1.475
-0.386, -0.009, 1.472
-0.397, -0.009, 1.470
-0.406, -0.020, 1.462
-0.416, -0.032, 1.454
-0.417, -0.020, 1.459
-0.408, -0.009, 1.467
-0.409, 0.003, 1.473
-0.398, 0.003, 1.475
-0.414, -0.043, 1.449
-0.424, -0.055, 1.441
-0.413, -0.055, 1.443
-0.422, -0.066, 1.435
-0.420, -0.077, 1.430
-0.419, -0.088, 1.425
-0.428, -0.099, 1.417
-0.417, -0.099, 1.420
-0.426, -0.110, 1.412
-0.414, -0.121, 1.410
-0.425, -0.121, 1.407
-0.404, -0.121, 1.412
-0.393, -0.122, 1.414
-0.382, -0.122, 1.417
-0.372, -0.122, 1.419
-0.360, -0.133, 1.416
-0.370, -0.133, 1.414
-0.349, -0.133, 1.419
-0.338, -0.134, 1.421
-0.327, -0.134, 1.424
-0.317, -0.134, 1.426
-0.307, -0.123, 1.434
-0.297, -0.112, 1.441
-0.298, -0.101, 1.447
-0.299, -0.090, 1.452
-0.300, -0.079, 1.458
-0.290, -0.067, 1.466
-0.291, -0.056, 1.471
-0.289, -0.079, 1.460
-0.296, -0.123, 1.436
-0.306, -0.134, 1.428
-0.315, -0.145, 1.421
-0.305, -0.145, 1.423
-0.341, -0.009, 1.483
-0.295, -0.021, 1.488
RegionID:7
Center:0.150,-0.065,1.631
Normal:0.442,0.152,-0.884
NumPatches:41
0.132, -0.138, 1.610
0.119, -0.138, 1.603
0.119, -0.125, 1.605
0.106, -0.112, 1.601
0.106, -0.099, 1.603
0.106, -0.087, 1.606
0.093, -0.074, 1.601
0.093, -0.061, 1.604
0.093, -0.048, 1.606
0.093, -0.035, 1.608
0.080, -0.022, 1.604
0.094, -0.010, 1.613
0.107, -0.010, 1.619
0.093, -0.023, 1.610
0.120, -0.010, 1.626
0.134, -0.010, 1.633
0.148, 0.003, 1.642
0.162, 0.003, 1.649
0.148, -0.010, 1.640
0.176, 0.003, 1.656
0.190, 0.003, 1.663
0.189, -0.010, 1.661
0.189, -0.023, 1.658
0.203, -0.037, 1.663
0.189, -0.036, 1.656
0.203, -0.050, 1.660
0.202, -0.063, 1.658
0.202, -0.076, 1.656
0.216, -0.090, 1.660
0.202, -0.089, 1.653
0.216, -0.103, 1.658
0.201, -0.115, 1.648
0.187, -0.115, 1.642
0.173, -0.127, 1.632
0.159, -0.127, 1.626
0.146, -0.126, 1.619
0.132, -0.126, 1.612
0.119, -0.113, 1.608
0.173, -0.114, 1.635
0.215, -0.116, 1.655
0.106, -0.074, 1.608
RegionID:8
Center:-0.051,0.149,1.258
Normal:0.514,-0.306,-0.802
NumPatches:101
-0.027, 0.286, 1.222
-0.036, 0.294, 1.213
-0.046, 0.292, 1.208
-0.055, 0.291, 1.202
-0.065, 0.281, 1.200
-0.074, 0.280, 1.195
-0.083, 0.269, 1.192
-0.093, 0.268, 1.187
-0.102, 0.258, 1.185
-0.111, 0.257, 1.180
-0.120, 0.247, 1.177
-0.129, 0.246, 1.172
-0.138, 0.236, 1.170
-0.138, 0.245, 1.167
-0.138, 0.228, 1.173
-0.130, 0.220, 1.181
-0.139, 0.219, 1.176
-0.130, 0.211, 1.184
-0.131, 0.202, 1.188
-0.122, 0.194, 1.196
-0.131, 0.193, 1.191
-0.122, 0.185, 1.199
-0.123, 0.176, 1.202
-0.114, 0.167, 1.211
-0.123, 0.166, 1.206
-0.114, 0.158, 1.215
-0.114, 0.149, 1.218
-0.105, 0.140, 1.227
-0.115, 0.139, 1.221
-0.106, 0.130, 1.231
-0.097, 0.121, 1.240
-0.106, 0.121, 1.234
-0.097, 0.112, 1.243
-0.097, 0.102, 1.247
-0.097, 0.092, 1.250
-0.088, 0.083, 1.260
-0.098, 0.083, 1.254
-0.088, 0.073, 1.264
-0.089, 0.063, 1.267
-0.079, 0.054, 1.277
-0.089, 0.053, 1.271
-0.079, 0.044, 1.281
-0.070, 0.034, 1.291
-0.080, 0.033, 1.285
-0.070, 0.023, 1.294
-0.070, 0.013, 1.299
-0.070, 0.003, 1.303
-0.060, -0.008, 1.313
-0.071, -0.008, 1.307
-0.061, -0.018, 1.317
-0.050, -0.008, 1.320
-0.040, 0.003, 1.322
-0.029, 0.003, 1.329
-0.040, -0.008, 1.327
-0.019, 0.003, 1.336
-0.008, 0.013, 1.339
0.003, 0.024, 1.341
0.013, 0.024, 1.348
0.003, 0.013, 1.346
-0.008, 0.003, 1.343
0.024, 0.035, 1.351
0.035, 0.046, 1.354
0.035, 0.057, 1.350
0.035, 0.067, 1.345
0.035, 0.078, 1.341
0.024, 0.088, 1.330
0.024, 0.098, 1.326
0.024, 0.108, 1.322
0.013, 0.118, 1.312
0.013, 0.128, 1.308
0.013, 0.138, 1.304
0.013, 0.148, 1.300
0.003, 0.157, 1.290
0.003, 0.167, 1.286
0.003, 0.177, 1.281
0.003, 0.187, 1.279
-0.008, 0.195, 1.268
-0.008, 0.205, 1.265
-0.008, 0.214, 1.261
-0.008, 0.224, 1.258
-0.017, 0.232, 1.248
-0.017, 0.241, 1.245
-0.017, 0.251, 1.241
-0.017, 0.260, 1.238
-0.027, 0.268, 1.229
-0.027, 0.277, 1.225
-0.017, 0.269, 1.235
-0.008, 0.233, 1.254
0.003, 0.196, 1.275
0.013, 0.158, 1.296
0.024, 0.119, 1.318
0.035, 0.088, 1.337
0.046, 0.046, 1.361
0.035, 0.035, 1.358
0.024, 0.024, 1.355
0.046, 0.035, 1.365
-0.120, 0.256, 1.174
-0.102, 0.267, 1.182
-0.083, 0.278, 1.189
-0.065, 0.290, 1.197
-0.027, 0.295, 1.219
RegionID:9
Center:0.378,0.272,1.400
Normal:0.020,-0.674,-0.738
NumPatches:82
0.440, 0.149, 1.516
0.427, 0.149, 1.516
0.415, 0.149, 1.516
0.403, 0.148, 1.515
0.391, 0.148, 1.515
0.379, 0.148, 1.515
0.366, 0.148, 1.514
0.354, 0.148, 1.514
0.342, 0.148, 1.514
0.330, 0.148, 1.513
0.318, 0.148, 1.513
0.306, 0.148, 1.513
0.316, 0.159, 1.503
0.313, 0.170, 1.493
0.311, 0.181, 1.483
0.309, 0.191, 1.473
0.319, 0.202, 1.463
0.317, 0.212, 1.454
0.315, 0.222, 1.444
0.313, 0.232, 1.435
0.311, 0.242, 1.426
0.320, 0.252, 1.417
0.318, 0.262, 1.408
0.316, 0.271, 1.399
0.314, 0.281, 1.391
0.312, 0.290, 1.382
0.310, 0.299, 1.374
0.320, 0.309, 1.366
0.318, 0.318, 1.357
0.316, 0.326, 1.349
0.314, 0.335, 1.341
0.312, 0.344, 1.333
0.321, 0.353, 1.326
0.319, 0.361, 1.318
0.317, 0.370, 1.311
0.315, 0.378, 1.303
0.326, 0.378, 1.303
0.336, 0.378, 1.304
0.347, 0.378, 1.304
0.357, 0.378, 1.304
0.368, 0.378, 1.304
0.378, 0.378, 1.305
0.389, 0.378, 1.305
0.399, 0.378, 1.305
0.410, 0.378, 1.305
0.420, 0.379, 1.305
0.431, 0.379, 1.306
0.441, 0.379, 1.306
0.452, 0.379, 1.306
0.444, 0.370, 1.313
0.446, 0.362, 1.321
0.438, 0.353, 1.328
0.449, 0.354, 1.329
0.441, 0.345, 1.336
0.444, 0.336, 1.344
0.446, 0.327, 1.352
0.438, 0.318, 1.360
0.449, 0.318, 1.360
0.440, 0.309, 1.368
0.443, 0.300, 1.377
0.435, 0.291, 1.385
0.446, 0.291, 1.385
0.437, 0.281, 1.393
0.440, 0.272, 1.402
0.432, 0.262, 1.411
0.443, 0.262, 1.411
0.434, 0.253, 1.420
0.437, 0.243, 1.429
0.440, 0.233, 1.438
0.431, 0.223, 1.447
0.443, 0.223, 1.447
0.434, 0.213, 1.457
0.437, 0.202, 1.466
0.440, 0.192, 1.476
0.431, 0.181, 1.486
0.443, 0.181, 1.486
0.434, 0.170, 1.496
0.437, 0.160, 1.506
0.323, 0.344, 1.334
0.322, 0.300, 1.374
0.322, 0.242, 1.426
0.321, 0.191, 1.473
RegionID:10
Center:-0.130,0.313,1.244
Normal:-0.249,0.856,-0.453
NumPatches:21
-0.143, 0.294, 1.215
-0.155, 0.297, 1.226
-0.161, 0.281, 1.199
-0.172, 0.283, 1.210
-0.183, 0.286, 1.221
-0.177, 0.302, 1.250
-0.166, 0.300, 1.238
-0.160, 0.317, 1.266
-0.148, 0.314, 1.255
-0.137, 0.311, 1.243
-0.130, 0.328, 1.272
-0.118, 0.325, 1.260
-0.126, 0.308, 1.231
-0.115, 0.305, 1.220
-0.107, 0.322, 1.248
-0.111, 0.343, 1.290
-0.100, 0.340, 1.278
-0.089, 0.337, 1.265
-0.096, 0.319, 1.236
-0.078, 0.333, 1.253
-0.067, 0.330, 1.241
RegionID:11
Center:0.386,0.451,1.358
Normal:0.028,0.771,-0.637
NumPatches:34
0.433, 0.412, 1.312
0.422, 0.412, 1.312
0.412, 0.412, 1.311
0.407, 0.429, 1.331
0.396, 0.428, 1.331
0.386, 0.428, 1.330
0.375, 0.428, 1.329
0.358, 0.410, 1.307
0.353, 0.427, 1.327
0.342, 0.427, 1.327
0.331, 0.427, 1.326
0.321, 0.427, 1.325
0.315, 0.444, 1.346
0.320, 0.462, 1.368
0.326, 0.481, 1.392
0.337, 0.482, 1.392
0.348, 0.482, 1.393
0.360, 0.482, 1.394
0.371, 0.483, 1.395
0.383, 0.483, 1.396
0.394, 0.483, 1.397
0.405, 0.484, 1.398
0.417, 0.484, 1.399
0.428, 0.484, 1.399
0.440, 0.484, 1.400
0.451, 0.485, 1.401
0.444, 0.466, 1.378
0.447, 0.447, 1.355
0.436, 0.447, 1.355
0.418, 0.429, 1.332
0.440, 0.429, 1.334
0.451, 0.430, 1.335
0.326, 0.444, 1.347
0.364, 0.428, 1.328
