NumRegions:12
RegionID:0
Center:-0.033,-0.145,2.044
Normal:0.020,-0.690,-0.723
NumPatches:1011
-0.445, -0.962, 2.814
-0.467, -0.962, 2.813
-0.495, -0.996, 2.845
-0.489, -0.962, 2.813
-0.501, -1.031, 2.879
-0.507, -1.066, 2.914
-0.513, -1.103, 2.949
-0.519, -1.140, 2.986
-0.526, -1.179, 3.023
-0.533, -1.218, 3.061
-0.539, -1.259, 3.100
-0.546, -1.300, 3.141
-0.554, -1.343, 3.182
-0.561, -1.386, 3.224
-0.569, -1.431, 3.268
-0.550, -1.478, 3.314
-0.576, -1.478, 3.313
-0.558, -1.525, 3.360
-0.593, -1.574, 3.406
-0.620, -1.573, 3.405
-0.647, -1.572, 3.404
-0.674, -1.572, 3.402
-0.701, -1.571, 3.401
-0.727, -1.571, 3.400
-0.754, -1.570, 3.398
-0.781, -1.569, 3.397
-0.808, -1.569, 3.395
-0.835, -1.568, 3.394
-0.862, -1.567, 3.393
-0.889, -1.567, 3.391
-0.915, -1.566, 3.390
-0.942, -1.566, 3.388
-0.969, -1.565, 3.387
-0.995, -1.564, 3.386
-1.022, -1.564, 3.385
-1.049, -1.563, 3.383
-1.075, -1.562, 3.382
-1.102, -1.562, 3.380
-1.129, -1.561, 3.379
-1.155, -1.560, 3.378
-1.182, -1.560, 3.376
-1.208, -1.559, 3.375
-1.235, -1.559, 3.374
-1.261, -1.558, 3.372
-1.288, -1.557, 3.371
-1.314, -1.557, 3.370
-1.341, -1.556, 3.368
-1.367, -1.555, 3.367
-1.393, -1.555, 3.366
-1.420, -1.554, 3.364
-1.446, -1.554, 3.363
-1.472, -1.553, 3.362
-1.499, -1.552, 3.360
-1.525, -1.552, 3.359
-1.551, -1.551, 3.358
-1.577, -1.551, 3.356
-1.604, -1.550, 3.355
-1.630, -1.549, 3.354
-1.656, -1.549, 3.352
-1.682, -1.548, 3.351
-1.708, -1.548, 3.350
-1.734, -1.547, 3.348
-1.761, -1.546, 3.347
-1.787, -1.546, 3.346
-1.813, -1.545, 3.344
-1.839, -1.544, 3.343
-1.865, -1.544, 3.342
-1.891, -1.543, 3.341
-1.917, -1.543, 3.339
-1.943, -1.542, 3.338
-1.969, -1.541, 3.336
-1.994, -1.541, 3.335
-2.020, -1.540, 3.334
-2.046, -1.540, 3.332
-2.072, -1.539, 3.331
-2.044, -1.492, 3.286
-2.016, -1.446, 3.242
-1.990, -1.401, 3.199
-1.964, -1.358, 3.157
-1.938, -1.315, 3.117
-1.914, -1.274, 3.077
-1.890, -1.233, 3.038
-1.866, -1.194, 3.001
-1.843, -1.156, 2.964
-1.821, -1.119, 2.928
-1.799, -1.082, 2.893
-1.778, -1.046, 2.859
-1.758, -1.012, 2.826
-1.737, -0.978, 2.793
-1.717, -0.944, 2.761
-1.698, -0.912, 2.730
-1.679, -0.880, 2.700
-1.661, -0.849, 2.670
-1.643, -0.819, 2.641
-1.625, -0.789, 2.613
-1.608, -0.760, 2.585
-1.591, -0.732, 2.558
-1.575, -0.704, 2.532
-1.558, -0.676, 2.506
-1.543, -0.650, 2.480
-1.527, -0.624, 2.455
-1.512, -0.598, 2.431
-1.497, -0.573, 2.407
-1.483, -0.548, 2.384
-1.468, -0.524, 2.361
-1.454, -0.500, 2.338
-1.441, -0.477, 2.316
-1.427, -0.454, 2.295
-1.414, -0.432, 2.273
-1.401, -0.410, 2.252
-1.388, -0.388, 2.232
-1.376, -0.367, 2.212
-1.363, -0.346, 2.192
-1.351, -0.326, 2.173
-1.340, -0.306, 2.154
-1.328, -0.286, 2.135
-1.317, -0.267, 2.117
-1.305, -0.248, 2.099
-1.295, -0.229, 2.082
-1.284, -0.211, 2.064
-1.273, -0.192, 2.047
-1.263, -0.175, 2.030
-1.253, -0.157, 2.014
-1.242, -0.140, 1.998
-1.233, -0.123, 1.982
-1.223, -0.106, 1.966
-1.213, -0.090, 1.951
-1.204, -0.074, 1.936
-1.195, -0.058, 1.921
-1.185, -0.042, 1.906
-1.177, -0.026, 1.892
-1.168, -0.011, 1.878
-1.159, 0.004, 1.864
-1.150, 0.018, 1.850
-1.142, 0.033, 1.836
-1.134, 0.047, 1.823
-1.126, 0.062, 1.810
-1.118, 0.075, 1.797
-1.110, 0.089, 1.784
-1.102, 0.103, 1.772
-1.094, 0.116, 1.759
-1.087, 0.129, 1.747
-1.079, 0.142, 1.735
-1.072, 0.155, 1.723
-1.065, 0.168, 1.712
-1.057, 0.180, 1.700
-1.051, 0.193, 1.689
-1.044, 0.205, 1.678
-1.037, 0.217, 1.667
-1.030, 0.229, 1.656
-1.024, 0.240, 1.646
-1.017, 0.252, 1.635
-1.010, 0.263, 1.625
-1.004, 0.274, 1.615
-0.998, 0.286, 1.605
-0.992, 0.297, 1.595
-0.986, 0.307, 1.585
-0.979, 0.318, 1.575
-0.974, 0.329, 1.565
-0.968, 0.339, 1.556
-0.962, 0.350, 1.547
-0.956, 0.360, 1.538
-0.951, 0.370, 1.528
-0.945, 0.380, 1.519
-0.940, 0.390, 1.511
-0.934, 0.400, 1.502
-0.929, 0.409, 1.493
-0.924, 0.419, 1.485
-0.918, 0.428, 1.476
-0.913, 0.437, 1.468
-0.908, 0.447, 1.460
-0.903, 0.456, 1.452
-0.898, 0.465, 1.444
-0.893, 0.474, 1.436
-0.888, 0.483, 1.428
-0.884, 0.491, 1.421
-0.879, 0.500, 1.413
-0.874, 0.509, 1.406
-0.870, 0.517, 1.398
-0.865, 0.526, 1.391
-0.861, 0.534, 1.384
-0.856, 0.542, 1.377
-0.852, 0.550, 1.369
-0.847, 0.559, 1.363
-0.843, 0.567, 1.356
-0.839, 0.574, 1.349
-0.835, 0.582, 1.342
-0.831, 0.590, 1.335
-0.826, 0.598, 1.329
-0.822, 0.606, 1.322
-0.818, 0.613, 1.316
-0.808, 0.613, 1.316
-0.798, 0.613, 1.316
-0.787, 0.613, 1.317
-0.777, 0.613, 1.317
-0.766, 0.613, 1.317
-0.756, 0.613, 1.317
-0.745, 0.614, 1.317
-0.735, 0.614, 1.318
-0.725, 0.614, 1.318
-0.714, 0.614, 1.318
-0.704, 0.614, 1.318
-0.693, 0.614, 1.318
-0.683, 0.614, 1.319
-0.672, 0.614, 1.319
-0.662, 0.614, 1.319
-0.651, 0.614, 1.319
-0.641, 0.615, 1.319
-0.631, 0.615, 1.320
-0.620, 0.615, 1.320
-0.610, 0.615, 1.320
-0.599, 0.615, 1.320
-0.589, 0.615, 1.320
-0.578, 0.615, 1.320
-0.568, 0.615, 1.321
-0.557, 0.615, 1.321
-0.547, 0.615, 1.321
-0.536, 0.615, 1.321
-0.526, 0.616, 1.321
-0.515, 0.616, 1.322
-0.505, 0.616, 1.322
-0.494, 0.616, 1.322
-0.484, 0.616, 1.322
-0.473, 0.616, 1.322
-0.463, 0.616, 1.323
-0.452, 0.616, 1.323
-0.442, 0.616, 1.323
-0.431, 0.616, 1.323
-0.421, 0.617, 1.323
-0.410, 0.617, 1.324
-0.400, 0.617, 1.324
-0.389, 0.617, 1.324
-0.379, 0.617, 1.324
-0.368, 0.617, 1.324
-0.358, 0.617, 1.325
-0.347, 0.617, 1.325
-0.336, 0.617, 1.325
-0.349, 0.610, 1.331
-0.350, 0.602, 1.338
-0.352, 0.594, 1.344
-0.354, 0.586, 1.351
-0.356, 0.578, 1.358
-0.358, 0.570, 1.365
-0.370, 0.562, 1.372
-0.359, 0.562, 1.372
-0.372, 0.554, 1.378
-0.374, 0.546, 1.386
-0.376, 0.538, 1.393
-0.378, 0.529, 1.400
-0.380, 0.521, 1.408
-0.382, 0.512, 1.415
-0.384, 0.504, 1.423
-0.398, 0.495, 1.430
-0.386, 0.495, 1.431
-0.400, 0.486, 1.438
-0.402, 0.477, 1.446
-0.404, 0.468, 1.454
-0.406, 0.459, 1.462
-0.409, 0.450, 1.470
-0.399, 0.441, 1.479
-0.411, 0.441, 1.479
-0.387, 0.441, 1.479
-0.378, 0.432, 1.488
-0.390, 0.431, 1.488
-0.380, 0.422, 1.496
-0.368, 0.422, 1.497
-0.358, 0.413, 1.506
-0.370, 0.412, 1.505
-0.360, 0.403, 1.514
-0.348, 0.403, 1.515
-0.338, 0.393, 1.523
-0.350, 0.393, 1.523
-0.326, 0.393, 1.524
-0.316, 0.383, 1.533
-0.328, 0.383, 1.533
-0.318, 0.373, 1.542
-0.305, 0.373, 1.543
-0.295, 0.363, 1.552
-0.307, 0.363, 1.552
-0.283, 0.363, 1.553
-0.270, 0.363, 1.553
-0.258, 0.363, 1.553
-0.245, 0.363, 1.553
-0.233, 0.364, 1.554
-0.221, 0.364, 1.554
-0.207, 0.374, 1.545
-0.195, 0.374, 1.545
-0.208, 0.364, 1.554
-0.182, 0.374, 1.545
-0.170, 0.374, 1.546
-0.158, 0.374, 1.546
-0.144, 0.384, 1.537
-0.132, 0.384, 1.537
-0.145, 0.374, 1.546
-0.120, 0.384, 1.538
-0.108, 0.384, 1.538
-0.095, 0.394, 1.529
-0.094, 0.404, 1.520
-0.094, 0.414, 1.511
-0.081, 0.424, 1.503
-0.081, 0.433, 1.494
-0.080, 0.443, 1.486
-0.080, 0.452, 1.477
-0.068, 0.461, 1.469
-0.067, 0.470, 1.461
-0.067, 0.479, 1.453
-0.066, 0.488, 1.445
-0.055, 0.497, 1.437
-0.054, 0.506, 1.430
-0.054, 0.515, 1.422
-0.054, 0.523, 1.414
-0.042, 0.532, 1.407
-0.042, 0.540, 1.400
-0.042, 0.548, 1.392
-0.030, 0.557, 1.385
-0.030, 0.565, 1.378
-0.030, 0.573, 1.371
-0.030, 0.581, 1.364
-0.019, 0.589, 1.358
-0.019, 0.597, 1.351
-0.019, 0.605, 1.344
-0.008, 0.613, 1.338
-0.008, 0.620, 1.331
0.003, 0.620, 1.331
0.013, 0.620, 1.331
0.024, 0.620, 1.332
0.035, 0.620, 1.332
0.045, 0.620, 1.332
0.056, 0.621, 1.332
0.067, 0.621, 1.332
0.077, 0.621, 1.333
0.088, 0.621, 1.333
0.099, 0.621, 1.333
0.109, 0.621, 1.333
0.120, 0.621, 1.333
0.131, 0.621, 1.333
0.141, 0.621, 1.333
0.152, 0.621, 1.333
0.163, 0.622, 1.334
0.173, 0.622, 1.334
0.184, 0.622, 1.335
0.195, 0.622, 1.335
0.206, 0.622, 1.335
0.216, 0.622, 1.335
0.227, 0.622, 1.335
0.238, 0.622, 1.336
0.248, 0.622, 1.336
0.259, 0.622, 1.336
0.270, 0.622, 1.336
0.281, 0.623, 1.336
0.291, 0.623, 1.337
0.302, 0.623, 1.337
0.313, 0.623, 1.337
0.323, 0.623, 1.337
0.334, 0.623, 1.337
0.345, 0.623, 1.338
0.356, 0.623, 1.338
0.366, 0.623, 1.338
0.377, 0.623, 1.338
0.388, 0.624, 1.338
0.399, 0.624, 1.339
0.410, 0.624, 1.339
0.420, 0.624, 1.339
0.431, 0.624, 1.339
0.442, 0.624, 1.339
0.453, 0.624, 1.340
0.463, 0.624, 1.340
0.474, 0.624, 1.340
0.485, 0.624, 1.340
0.496, 0.624, 1.340
0.507, 0.625, 1.341
0.517, 0.625, 1.341
0.528, 0.625, 1.341
0.539, 0.625, 1.341
0.550, 0.625, 1.341
0.561, 0.625, 1.342
0.571, 0.625, 1.342
0.582, 0.625, 1.342
0.593, 0.625, 1.342
0.604, 0.625, 1.342
0.615, 0.626, 1.343
0.626, 0.626, 1.343
0.636, 0.626, 1.343
0.647, 0.626, 1.343
0.658, 0.626, 1.343
0.669, 0.626, 1.344
0.680, 0.626, 1.344
0.691, 0.626, 1.344
0.701, 0.626, 1.344
0.712, 0.626, 1.344
0.723, 0.627, 1.345
0.734, 0.627, 1.345
0.745, 0.627, 1.345
0.756, 0.627, 1.345
0.767, 0.627, 1.345
0.778, 0.627, 1.345
0.788, 0.627, 1.345
0.799, 0.627, 1.345
0.810, 0.627, 1.346
0.821, 0.627, 1.346
0.832, 0.627, 1.347
0.843, 0.627, 1.347
0.847, 0.620, 1.353
0.851, 0.612, 1.360
0.856, 0.604, 1.367
0.860, 0.596, 1.374
0.865, 0.588, 1.381
0.869, 0.580, 1.388
0.874, 0.572, 1.396
0.878, 0.564, 1.403
0.883, 0.556, 1.410
0.888, 0.547, 1.418
0.892, 0.539, 1.425
0.897, 0.530, 1.433
0.902, 0.522, 1.441
0.907, 0.513, 1.449
0.912, 0.504, 1.457
0.917, 0.495, 1.465
0.922, 0.486, 1.473
0.928, 0.477, 1.482
0.933, 0.468, 1.490
0.938, 0.459, 1.499
0.943, 0.449, 1.507
0.949, 0.440, 1.516
0.954, 0.430, 1.525
0.960, 0.420, 1.534
0.966, 0.410, 1.543
0.972, 0.400, 1.552
0.977, 0.390, 1.562
0.983, 0.380, 1.571
0.989, 0.370, 1.581
0.996, 0.359, 1.591
1.002, 0.349, 1.600
1.008, 0.338, 1.610
1.014, 0.327, 1.621
1.021, 0.316, 1.631
1.027, 0.305, 1.641
1.034, 0.294, 1.651
1.041, 0.283, 1.662
1.047, 0.271, 1.673
1.054, 0.259, 1.684
1.061, 0.248, 1.695
1.068, 0.236, 1.707
1.075, 0.223, 1.718
1.083, 0.211, 1.730
1.090, 0.199, 1.742
1.098, 0.186, 1.754
1.106, 0.173, 1.766
1.113, 0.160, 1.778
1.121, 0.147, 1.791
1.129, 0.133, 1.804
1.137, 0.120, 1.817
1.145, 0.106, 1.830
1.154, 0.092, 1.844
1.162, 0.078, 1.857
1.171, 0.064, 1.871
1.180, 0.049, 1.885
1.189, 0.034, 1.899
1.198, 0.019, 1.914
1.207, 0.004, 1.928
1.216, -0.012, 1.943
1.226, -0.027, 1.959
1.236, -0.043, 1.974
1.246, -0.060, 1.990
1.256, -0.076, 2.006
1.266, -0.093, 2.022
1.276, -0.110, 2.039
1.287, -0.127, 2.056
1.297, -0.145, 2.073
1.308, -0.163, 2.090
1.319, -0.181, 2.108
1.331, -0.200, 2.126
1.342, -0.219, 2.145
1.354, -0.238, 2.163
1.366, -0.258, 2.182
1.378, -0.277, 2.202
1.391, -0.298, 2.222
1.403, -0.318, 2.242
1.416, -0.339, 2.262
1.429, -0.361, 2.283
1.443, -0.383, 2.305
1.456, -0.405, 2.326
1.470, -0.427, 2.349
1.485, -0.451, 2.372
1.499, -0.474, 2.395
1.514, -0.498, 2.418
1.529, -0.523, 2.442
1.544, -0.548, 2.467
1.560, -0.573, 2.492
1.576, -0.599, 2.518
1.592, -0.626, 2.544
1.609, -0.653, 2.571
1.626, -0.681, 2.598
1.644, -0.709, 2.626
1.662, -0.738, 2.655
1.680, -0.768, 2.684
1.699, -0.798, 2.714
1.718, -0.829, 2.744
1.737, -0.860, 2.776
1.758, -0.893, 2.808
1.778, -0.926, 2.841
1.799, -0.960, 2.874
1.821, -0.995, 2.909
1.843, -1.030, 2.944
1.865, -1.067, 2.980
1.889, -1.104, 3.017
1.912, -1.143, 3.055
1.937, -1.182, 3.094
1.962, -1.222, 3.134
1.988, -1.264, 3.175
2.014, -1.306, 3.217
2.041, -1.350, 3.261
2.069, -1.395, 3.305
2.098, -1.441, 3.351
2.127, -1.489, 3.399
2.158, -1.537, 3.447
2.189, -1.588, 3.497
2.192, -1.639, 3.547
2.163, -1.638, 3.546
2.133, -1.637, 3.544
2.104, -1.637, 3.543
2.075, -1.636, 3.541
2.046, -1.635, 3.540
2.017, -1.634, 3.538
1.988, -1.634, 3.537
1.958, -1.633, 3.535
1.929, -1.633, 3.534
1.900, -1.632, 3.532
1.871, -1.631, 3.530
1.842, -1.631, 3.529
1.813, -1.630, 3.528
1.784, -1.629, 3.526
1.755, -1.628, 3.525
1.726, -1.628, 3.523
1.697, -1.627, 3.522
1.669, -1.626, 3.520
1.640, -1.626, 3.519
1.611, -1.625, 3.518
1.582, -1.624, 3.516
1.553, -1.624, 3.515
1.525, -1.623, 3.513
1.496, -1.622, 3.512
1.467, -1.622, 3.510
1.439, -1.621, 3.509
1.410, -1.620, 3.507
1.381, -1.620, 3.506
1.353, -1.619, 3.504
1.324, -1.618, 3.503
1.295, -1.618, 3.501
1.267, -1.617, 3.500
1.239, -1.616, 3.499
1.210, -1.616, 3.497
1.182, -1.615, 3.496
1.153, -1.614, 3.494
1.125, -1.614, 3.493
1.096, -1.613, 3.491
1.068, -1.612, 3.490
1.040, -1.612, 3.489
1.011, -1.611, 3.487
0.983, -1.610, 3.486
0.955, -1.610, 3.484
0.926, -1.609, 3.483
0.898, -1.608, 3.481
0.870, -1.608, 3.480
0.842, -1.607, 3.478
0.814, -1.606, 3.477
0.786, -1.606, 3.476
0.757, -1.605, 3.474
0.729, -1.605, 3.473
0.701, -1.604, 3.471
0.673, -1.603, 3.470
0.645, -1.602, 3.469
0.617, -1.602, 3.467
0.589, -1.601, 3.466
0.581, -1.551, 3.417
0.573, -1.503, 3.369
0.565, -1.455, 3.323
0.584, -1.410, 3.279
0.576, -1.365, 3.235
0.568, -1.322, 3.192
0.561, -1.279, 3.151
0.554, -1.238, 3.111
0.547, -1.198, 3.071
0.540, -1.158, 3.033
0.533, -1.120, 2.995
0.527, -1.083, 2.959
0.520, -1.046, 2.923
0.514, -1.011, 2.888
0.508, -0.976, 2.854
0.502, -0.942, 2.821
0.496, -0.909, 2.789
0.468, -0.876, 2.756
0.463, -0.845, 2.725
0.458, -0.814, 2.695
0.432, -0.783, 2.665
0.410, -0.783, 2.664
0.389, -0.783, 2.663
0.367, -0.783, 2.662
0.363, -0.753, 2.633
0.339, -0.724, 2.604
0.314, -0.696, 2.576
0.291, -0.668, 2.549
0.267, -0.640, 2.522
0.244, -0.614, 2.495
0.222, -0.588, 2.469
0.200, -0.562, 2.444
0.198, -0.537, 2.420
0.177, -0.513, 2.395
0.157, -0.488, 2.371
0.136, -0.465, 2.348
0.116, -0.442, 2.325
0.097, -0.419, 2.303
0.096, -0.397, 2.281
0.077, -0.375, 2.260
0.058, -0.354, 2.239
0.040, -0.354, 2.238
0.022, -0.353, 2.237
0.004, -0.353, 2.237
-0.013, -0.353, 2.236
-0.031, -0.353, 2.236
-0.050, -0.374, 2.255
-0.068, -0.374, 2.255
-0.086, -0.374, 2.254
-0.104, -0.374, 2.254
-0.123, -0.396, 2.274
-0.142, -0.418, 2.295
-0.162, -0.440, 2.316
-0.182, -0.463, 2.337
-0.203, -0.486, 2.359
-0.224, -0.510, 2.381
-0.245, -0.534, 2.404
-0.267, -0.558, 2.427
-0.248, -0.558, 2.428
-0.270, -0.583, 2.451
-0.272, -0.609, 2.476
-0.275, -0.635, 2.502
-0.278, -0.662, 2.527
-0.281, -0.690, 2.554
-0.263, -0.718, 2.581
-0.284, -0.717, 2.581
-0.266, -0.746, 2.609
-0.245, -0.746, 2.610
-0.227, -0.776, 2.639
-0.248, -0.776, 2.638
-0.229, -0.806, 2.668
-0.208, -0.806, 2.669
-0.189, -0.837, 2.699
-0.213, -0.868, 2.729
-0.235, -0.867, 2.728
-0.256, -0.867, 2.727
-0.278, -0.867, 2.726
-0.300, -0.867, 2.725
-0.321, -0.866, 2.724
-0.347, -0.898, 2.754
-0.369, -0.898, 2.753
-0.395, -0.930, 2.784
-0.417, -0.930, 2.783
-0.440, -0.929, 2.782
-0.391, -0.897, 2.752
-0.343, -0.866, 2.723
-0.210, -0.837, 2.699
-0.191, -0.868, 2.730
-0.215, -0.900, 2.760
-0.193, -0.900, 2.760
-0.169, -0.868, 2.730
-0.149, -0.901, 2.762
-0.173, -0.933, 2.793
-0.195, -0.933, 2.792
-0.171, -0.900, 2.761
-0.151, -0.933, 2.794
-0.175, -0.966, 2.826
-0.154, -1.001, 2.860
-0.177, -1.001, 2.859
-0.156, -1.036, 2.894
-0.133, -1.036, 2.895
-0.109, -1.002, 2.862
-0.130, -0.967, 2.827
-0.129, -0.934, 2.795
-0.107, -0.967, 2.828
-0.087, -1.037, 2.897
-0.111, -1.073, 2.931
-0.135, -1.072, 2.930
-0.110, -1.037, 2.896
-0.088, -1.073, 2.932
-0.113, -1.109, 2.967
-0.089, -1.110, 2.968
-0.065, -1.073, 2.933
-0.065, -1.110, 2.969
-0.090, -1.148, 3.005
-0.066, -1.148, 3.006
-0.091, -1.186, 3.042
-0.067, -1.187, 3.044
-0.068, -1.227, 3.082
-0.226, -0.534, 2.404
-0.205, -0.510, 2.382
-0.201, -0.463, 2.337
-0.181, -0.440, 2.315
-0.161, -0.417, 2.294
-0.141, -0.396, 2.273
-0.122, -0.374, 2.253
-0.138, -0.353, 2.232
-0.156, -0.353, 2.231
-0.174, -0.353, 2.231
-0.192, -0.352, 2.230
-0.210, -0.352, 2.230
-0.225, -0.331, 2.209
-0.243, -0.331, 2.209
-0.261, -0.331, 2.208
-0.276, -0.311, 2.188
-0.293, -0.311, 2.187
-0.308, -0.290, 2.168
-0.325, -0.290, 2.167
-0.342, -0.290, 2.167
-0.356, -0.271, 2.147
-0.373, -0.270, 2.147
-0.391, -0.270, 2.146
-0.404, -0.251, 2.127
-0.421, -0.251, 2.127
-0.417, -0.232, 2.109
-0.414, -0.213, 2.091
-0.411, -0.195, 2.073
-0.407, -0.177, 2.056
-0.404, -0.159, 2.039
-0.384, -0.142, 2.023
-0.381, -0.124, 2.007
-0.378, -0.107, 1.991
-0.359, -0.091, 1.975
-0.357, -0.074, 1.960
-0.338, -0.058, 1.945
-0.336, -0.042, 1.930
-0.333, -0.027, 1.915
-0.316, -0.011, 1.901
-0.313, 0.004, 1.887
-0.311, 0.019, 1.873
-0.294, 0.033, 1.859
-0.292, 0.048, 1.846
-0.275, 0.062, 1.833
-0.273, 0.076, 1.819
-0.271, 0.090, 1.806
-0.255, 0.104, 1.794
-0.253, 0.118, 1.781
-0.251, 0.131, 1.768
-0.235, 0.144, 1.757
-0.234, 0.157, 1.745
-0.232, 0.170, 1.733
-0.217, 0.182, 1.721
-0.215, 0.195, 1.710
-0.200, 0.207, 1.699
-0.199, 0.219, 1.687
-0.184, 0.231, 1.677
-0.183, 0.243, 1.666
-0.182, 0.255, 1.655
-0.169, 0.255, 1.655
-0.156, 0.255, 1.656
-0.142, 0.255, 1.656
-0.129, 0.255, 1.656
-0.116, 0.255, 1.657
-0.103, 0.243, 1.668
-0.117, 0.243, 1.667
-0.090, 0.243, 1.668
-0.077, 0.244, 1.668
-0.064, 0.232, 1.679
-0.077, 0.232, 1.679
-0.050, 0.232, 1.680
-0.037, 0.232, 1.680
-0.024, 0.220, 1.692
-0.037, 0.220, 1.691
-0.010, 0.220, 1.692
0.003, 0.220, 1.692
0.017, 0.208, 1.704
0.003, 0.208, 1.703
0.031, 0.208, 1.704
0.044, 0.208, 1.704
0.058, 0.196, 1.716
0.045, 0.196, 1.716
0.059, 0.183, 1.728
0.059, 0.171, 1.740
0.060, 0.158, 1.752
0.060, 0.145, 1.764
0.060, 0.131, 1.776
0.061, 0.118, 1.789
0.061, 0.104, 1.802
0.062, 0.091, 1.815
0.048, 0.077, 1.828
0.062, 0.077, 1.828
0.048, 0.063, 1.841
0.033, 0.048, 1.854
0.048, 0.048, 1.855
0.034, 0.034, 1.868
0.034, 0.019, 1.882
0.019, 0.004, 1.896
0.034, 0.004, 1.896
0.019, -0.011, 1.910
0.019, -0.027, 1.925
0.004, -0.043, 1.939
0.019, -0.043, 1.940
0.004, -0.059, 1.955
0.004, -0.075, 1.970
-0.012, -0.091, 1.985
0.004, -0.091, 1.986
-0.012, -0.108, 2.001
-0.012, -0.125, 2.017
-0.028, -0.142, 2.033
-0.012, -0.142, 2.034
-0.029, -0.160, 2.050
-0.045, -0.178, 2.067
-0.029, -0.178, 2.067
-0.046, -0.196, 2.084
-0.046, -0.214, 2.102
-0.064, -0.233, 2.120
-0.047, -0.233, 2.120
-0.064, -0.252, 2.138
-0.065, -0.272, 2.156
-0.083, -0.291, 2.175
-0.065, -0.291, 2.175
-0.083, -0.312, 2.194
-0.084, -0.332, 2.214
-0.103, -0.353, 2.233
-0.121, -0.353, 2.233
-0.085, -0.353, 2.234
-0.186, 0.219, 1.688
-0.202, 0.195, 1.710
-0.218, 0.170, 1.733
-0.237, 0.131, 1.769
-0.257, 0.090, 1.807
-0.277, 0.048, 1.846
-0.296, 0.019, 1.873
-0.318, -0.027, 1.916
-0.341, -0.074, 1.960
-0.362, -0.108, 1.991
-0.388, -0.159, 2.040
-0.387, -0.251, 2.128
-0.339, -0.271, 2.148
-0.291, -0.291, 2.168
-0.258, -0.311, 2.188
-0.208, -0.332, 2.210
-0.049, -0.353, 2.235
0.076, -0.354, 2.239
0.095, -0.375, 2.260
0.115, -0.419, 2.303
0.135, -0.442, 2.326
0.155, -0.465, 2.349
0.176, -0.489, 2.372
0.196, -0.513, 2.396
0.220, -0.562, 2.444
0.237, -0.537, 2.421
0.235, -0.513, 2.397
0.233, -0.489, 2.374
0.230, -0.466, 2.351
0.247, -0.443, 2.330
0.263, -0.420, 2.308
0.261, -0.398, 2.287
0.276, -0.376, 2.266
0.274, -0.355, 2.246
0.289, -0.334, 2.226
0.304, -0.313, 2.207
0.302, -0.293, 2.187
0.299, -0.273, 2.168
0.314, -0.254, 2.150
0.328, -0.234, 2.132
0.325, -0.216, 2.114
0.340, -0.197, 2.096
0.337, -0.179, 2.079
0.350, -0.161, 2.062
0.364, -0.143, 2.045
0.361, -0.126, 2.028
0.374, -0.109, 2.012
0.371, -0.092, 1.996
0.384, -0.075, 1.981
0.381, -0.059, 1.965
0.394, -0.043, 1.950
0.391, -0.027, 1.935
0.403, -0.012, 1.921
0.416, 0.004, 1.907
0.413, 0.019, 1.892
0.428, 0.019, 1.893
0.443, 0.019, 1.893
0.458, 0.019, 1.894
0.473, 0.019, 1.894
0.489, 0.019, 1.895
0.504, 0.019, 1.895
0.519, 0.019, 1.895
0.539, 0.004, 1.910
0.523, 0.004, 1.910
0.554, 0.004, 1.911
0.569, 0.004, 1.911
0.589, -0.012, 1.926
0.574, -0.012, 1.926
0.605, -0.012, 1.927
0.625, -0.027, 1.942
0.610, -0.027, 1.941
0.641, -0.027, 1.942
0.662, -0.043, 1.958
0.646, -0.043, 1.957
0.678, -0.043, 1.958
0.699, -0.059, 1.974
0.683, -0.059, 1.974
0.715, -0.059, 1.975
0.737, -0.076, 1.991
0.721, -0.076, 1.991
0.743, -0.092, 2.007
0.759, -0.092, 2.007
0.775, -0.092, 2.008
0.798, -0.109, 2.025
0.781, -0.109, 2.024
0.814, -0.109, 2.025
0.821, -0.127, 2.042
0.828, -0.144, 2.059
0.834, -0.162, 2.076
0.842, -0.180, 2.094
0.832, -0.198, 2.111
0.849, -0.198, 2.112
0.839, -0.217, 2.129
0.829, -0.236, 2.147
0.818, -0.256, 2.165
0.836, -0.256, 2.166
0.826, -0.275, 2.184
0.815, -0.295, 2.203
0.833, -0.295, 2.204
0.823, -0.316, 2.223
0.812, -0.336, 2.243
0.801, -0.358, 2.263
0.819, -0.358, 2.263
0.808, -0.379, 2.284
0.797, -0.401, 2.305
0.816, -0.401, 2.305
0.805, -0.423, 2.326
0.794, -0.446, 2.348
0.782, -0.469, 2.370
0.801, -0.469, 2.371
0.790, -0.493, 2.393
0.778, -0.517, 2.416
0.798, -0.517, 2.417
0.786, -0.542, 2.440
0.774, -0.567, 2.464
0.761, -0.592, 2.488
0.782, -0.592, 2.489
0.769, -0.618, 2.514
0.757, -0.645, 2.540
0.777, -0.645, 2.540
0.765, -0.672, 2.566
0.752, -0.700, 2.593
0.739, -0.728, 2.620
0.760, -0.728, 2.620
0.747, -0.757, 2.648
0.733, -0.787, 2.676
0.720, -0.817, 2.705
0.706, -0.848, 2.735
0.691, -0.879, 2.765
0.669, -0.879, 2.764
0.654, -0.911, 2.795
0.631, -0.911, 2.794
0.609, -0.911, 2.793
0.586, -0.910, 2.792
0.564, -0.910, 2.791
0.541, -0.910, 2.790
0.513, -0.877, 2.758
0.491, -0.877, 2.757
0.485, -0.845, 2.726
0.480, -0.814, 2.695
0.507, -0.845, 2.727
0.535, -0.877, 2.759
0.647, -0.879, 2.763
0.683, -0.847, 2.734
0.728, -0.848, 2.736
0.741, -0.817, 2.706
0.755, -0.787, 2.677
0.773, -0.700, 2.593
0.794, -0.567, 2.465
0.813, -0.446, 2.349
0.830, -0.336, 2.243
0.846, -0.236, 2.148
0.419, -0.012, 1.921
0.406, -0.027, 1.936
0.397, -0.059, 1.966
0.387, -0.092, 1.997
0.377, -0.126, 2.029
0.367, -0.161, 2.062
0.353, -0.179, 2.079
0.342, -0.216, 2.114
0.331, -0.254, 2.150
0.317, -0.273, 2.168
0.307, -0.334, 2.227
0.292, -0.355, 2.246
0.279, -0.398, 2.287
0.266, -0.443, 2.330
0.249, -0.466, 2.352
0.240, -0.562, 2.445
0.242, -0.588, 2.470
0.265, -0.614, 2.496
0.288, -0.641, 2.522
0.311, -0.668, 2.549
0.335, -0.696, 2.577
0.359, -0.724, 2.605
0.380, -0.724, 2.606
0.406, -0.754, 2.635
0.385, -0.753, 2.634
0.592, -1.456, 3.324
2.221, -1.639, 3.549
-0.008, 0.605, 1.344
-0.019, 0.581, 1.364
-0.031, 0.549, 1.392
-0.042, 0.523, 1.414
-0.055, 0.488, 1.445
-0.068, 0.452, 1.477
-0.082, 0.414, 1.511
-0.095, 0.384, 1.538
-0.566, -1.574, 3.408
-0.531, -1.526, 3.361
-0.512, -1.576, 3.410
-0.539, -1.575, 3.409
RegionID:1
Center:-0.207,-0.972,2.199
Normal:0.185,-0.492,-0.851
NumPatches:30
-0.204, -0.914, 2.166
-0.220, -0.912, 2.161
-0.237, -0.910, 2.156
-0.255, -0.931, 2.164
-0.274, -0.951, 2.172
-0.289, -0.926, 2.154
-0.272, -0.928, 2.159
-0.254, -0.908, 2.151
-0.257, -0.954, 2.177
-0.241, -0.979, 2.195
-0.258, -0.977, 2.190
-0.243, -1.003, 2.209
-0.226, -1.005, 2.214
-0.210, -1.031, 2.232
-0.227, -1.029, 2.227
-0.192, -1.034, 2.238
-0.175, -1.036, 2.243
-0.156, -1.014, 2.234
-0.155, -0.990, 2.220
-0.172, -0.964, 2.202
-0.188, -0.939, 2.184
-0.187, -0.916, 2.171
-0.202, -0.891, 2.153
-0.219, -0.889, 2.148
-0.171, -0.941, 2.188
-0.154, -0.967, 2.207
-0.139, -1.017, 2.239
-0.157, -1.039, 2.248
-0.140, -1.041, 2.253
-0.122, -1.043, 2.258
RegionID:2
Center:0.107,-1.144,2.528
Normal:0.078,-0.029,-0.997
NumPatches:16
0.167, -1.170, 2.534
0.147, -1.170, 2.532
0.127, -1.169, 2.531
0.106, -1.168, 2.529
0.086, -1.168, 2.527
0.066, -1.167, 2.526
0.066, -1.146, 2.525
0.045, -1.125, 2.523
0.066, -1.126, 2.525
0.086, -1.127, 2.526
0.106, -1.107, 2.527
0.126, -1.107, 2.529
0.106, -1.127, 2.528
0.147, -1.108, 2.530
0.147, -1.129, 2.531
0.147, -1.149, 2.532
RegionID:3
Center:-0.280,-0.839,2.205
Normal:-0.411,0.794,-0.449
NumPatches:23
-0.272, -0.860, 2.160
-0.291, -0.864, 2.170
-0.310, -0.868, 2.180
-0.326, -0.881, 2.171
-0.329, -0.872, 2.191
-0.332, -0.862, 2.211
-0.335, -0.852, 2.231
-0.338, -0.842, 2.251
-0.318, -0.838, 2.240
-0.302, -0.824, 2.251
-0.282, -0.820, 2.240
-0.299, -0.834, 2.230
-0.265, -0.805, 2.250
-0.246, -0.802, 2.239
-0.263, -0.816, 2.229
-0.244, -0.812, 2.219
-0.225, -0.808, 2.208
-0.223, -0.818, 2.188
-0.240, -0.832, 2.179
-0.256, -0.846, 2.170
-0.275, -0.850, 2.180
-0.238, -0.842, 2.160
-0.221, -0.828, 2.168
RegionID:4
Center:0.084,-0.474,1.647
Normal:0.609,0.263,-0.748
NumPatches:73
0.181, -0.517, 1.712
0.167, -0.514, 1.701
0.153, -0.498, 1.695
0.138, -0.483, 1.689
0.125, -0.468, 1.683
0.111, -0.453, 1.677
0.097, -0.438, 1.671
0.097, -0.425, 1.675
0.083, -0.411, 1.669
0.070, -0.396, 1.664
0.056, -0.381, 1.658
0.043, -0.367, 1.652
0.030, -0.352, 1.646
0.016, -0.362, 1.632
0.003, -0.372, 1.618
-0.010, -0.382, 1.604
-0.022, -0.391, 1.590
-0.022, -0.379, 1.594
-0.010, -0.370, 1.608
0.003, -0.360, 1.622
0.016, -0.350, 1.636
0.016, -0.338, 1.641
0.030, -0.340, 1.651
0.043, -0.354, 1.656
0.056, -0.369, 1.662
0.070, -0.384, 1.668
0.084, -0.398, 1.674
0.097, -0.413, 1.680
-0.022, -0.403, 1.586
-0.010, -0.417, 1.592
-0.022, -0.414, 1.582
-0.010, -0.429, 1.588
0.003, -0.431, 1.597
0.016, -0.445, 1.602
0.003, -0.443, 1.593
0.016, -0.457, 1.598
0.029, -0.460, 1.608
0.042, -0.474, 1.613
0.029, -0.471, 1.604
0.042, -0.486, 1.609
0.055, -0.500, 1.615
0.042, -0.497, 1.605
0.068, -0.504, 1.624
0.068, -0.515, 1.620
0.081, -0.530, 1.626
0.068, -0.527, 1.616
0.081, -0.542, 1.622
0.095, -0.545, 1.631
0.108, -0.560, 1.637
0.094, -0.556, 1.627
0.108, -0.571, 1.633
0.122, -0.575, 1.643
0.135, -0.590, 1.649
0.121, -0.587, 1.639
0.135, -0.602, 1.644
0.149, -0.594, 1.659
0.164, -0.586, 1.674
0.179, -0.577, 1.689
0.179, -0.566, 1.693
0.195, -0.557, 1.709
0.180, -0.541, 1.702
0.181, -0.529, 1.707
0.195, -0.545, 1.713
0.194, -0.569, 1.704
0.178, -0.589, 1.684
0.164, -0.597, 1.669
0.149, -0.605, 1.654
0.148, -0.617, 1.650
0.111, -0.440, 1.681
0.125, -0.456, 1.687
0.139, -0.471, 1.693
0.153, -0.486, 1.699
0.167, -0.501, 1.706
RegionID:5
Center:0.293,-0.196,1.283
Normal:-0.604,0.117,-0.788
NumPatches:110
0.349, -0.206, 1.239
0.341, -0.216, 1.244
0.332, -0.227, 1.249
0.324, -0.238, 1.254
0.332, -0.237, 1.248
0.323, -0.248, 1.253
0.314, -0.259, 1.258
0.306, -0.270, 1.263
0.314, -0.269, 1.257
0.305, -0.280, 1.262
0.296, -0.291, 1.267
0.305, -0.290, 1.260
0.296, -0.301, 1.266
0.287, -0.313, 1.271
0.296, -0.311, 1.264
0.287, -0.322, 1.269
0.278, -0.334, 1.275
0.269, -0.346, 1.280
0.260, -0.357, 1.285
0.251, -0.349, 1.293
0.242, -0.351, 1.300
0.233, -0.343, 1.308
0.224, -0.334, 1.317
0.215, -0.326, 1.325
0.205, -0.328, 1.332
0.196, -0.319, 1.340
0.186, -0.310, 1.349
0.177, -0.301, 1.358
0.187, -0.289, 1.352
0.196, -0.277, 1.346
0.197, -0.267, 1.347
0.197, -0.256, 1.349
0.207, -0.244, 1.343
0.217, -0.233, 1.337
0.217, -0.222, 1.338
0.227, -0.211, 1.332
0.227, -0.200, 1.334
0.236, -0.189, 1.328
0.246, -0.177, 1.322
0.246, -0.167, 1.324
0.256, -0.156, 1.318
0.256, -0.145, 1.319
0.265, -0.134, 1.314
0.266, -0.124, 1.315
0.275, -0.113, 1.310
0.275, -0.102, 1.311
0.285, -0.091, 1.305
0.285, -0.081, 1.307
0.294, -0.070, 1.301
0.303, -0.060, 1.296
0.304, -0.049, 1.297
0.313, -0.039, 1.292
0.321, -0.039, 1.285
0.312, -0.049, 1.291
0.321, -0.049, 1.284
0.330, -0.049, 1.278
0.338, -0.048, 1.271
0.346, -0.058, 1.264
0.338, -0.058, 1.270
0.355, -0.058, 1.257
0.362, -0.067, 1.250
0.354, -0.068, 1.256
0.371, -0.067, 1.244
0.378, -0.077, 1.237
0.370, -0.077, 1.243
0.378, -0.086, 1.235
0.386, -0.086, 1.229
0.394, -0.086, 1.223
0.401, -0.095, 1.216
0.393, -0.105, 1.221
0.393, -0.095, 1.222
0.393, -0.115, 1.220
0.384, -0.125, 1.225
0.376, -0.135, 1.229
0.384, -0.135, 1.223
0.376, -0.145, 1.228
0.367, -0.155, 1.233
0.375, -0.155, 1.227
0.367, -0.165, 1.232
0.359, -0.176, 1.237
0.350, -0.186, 1.241
0.350, -0.176, 1.243
0.350, -0.196, 1.240
0.341, -0.207, 1.245
0.332, -0.217, 1.250
0.367, -0.175, 1.231
0.392, -0.124, 1.219
0.303, -0.070, 1.295
0.294, -0.081, 1.300
0.284, -0.102, 1.304
0.275, -0.123, 1.308
0.265, -0.144, 1.313
0.255, -0.166, 1.317
0.246, -0.188, 1.321
0.236, -0.199, 1.327
0.226, -0.221, 1.331
0.216, -0.243, 1.336
0.207, -0.255, 1.341
0.196, -0.288, 1.345
0.186, -0.300, 1.351
0.196, -0.309, 1.342
0.205, -0.317, 1.333
0.224, -0.324, 1.318
0.233, -0.333, 1.310
0.242, -0.341, 1.301
0.260, -0.347, 1.287
0.269, -0.355, 1.279
0.278, -0.344, 1.273
0.287, -0.332, 1.268
0.323, -0.258, 1.251
RegionID:6
Center:-0.111,0.000,1.392
Normal:-0.016,0.164,-0.986
NumPatches:98
-0.085, -0.129, 1.371
-0.096, -0.140, 1.368
-0.107, -0.150, 1.367
-0.117, -0.161, 1.365
-0.129, -0.150, 1.368
-0.139, -0.150, 1.368
-0.150, -0.150, 1.368
-0.161, -0.150, 1.368
-0.173, -0.140, 1.370
-0.184, -0.140, 1.370
-0.195, -0.129, 1.372
-0.206, -0.129, 1.372
-0.217, -0.118, 1.374
-0.217, -0.107, 1.376
-0.207, -0.096, 1.378
-0.207, -0.086, 1.380
-0.207, -0.075, 1.382
-0.196, -0.064, 1.383
-0.197, -0.053, 1.385
-0.186, -0.042, 1.387
-0.186, -0.031, 1.388
-0.186, -0.019, 1.390
-0.175, -0.008, 1.391
-0.176, 0.003, 1.394
-0.176, 0.014, 1.396
-0.165, 0.025, 1.398
-0.165, 0.036, 1.399
-0.165, 0.048, 1.401
-0.154, 0.059, 1.403
-0.154, 0.070, 1.405
-0.155, 0.082, 1.407
-0.144, 0.093, 1.408
-0.144, 0.104, 1.410
-0.133, 0.116, 1.412
-0.133, 0.127, 1.414
-0.133, 0.139, 1.416
-0.122, 0.150, 1.417
-0.122, 0.162, 1.419
-0.122, 0.173, 1.421
-0.111, 0.162, 1.419
-0.099, 0.162, 1.419
-0.088, 0.162, 1.419
-0.076, 0.150, 1.417
-0.088, 0.150, 1.417
-0.065, 0.150, 1.417
-0.054, 0.150, 1.416
-0.042, 0.139, 1.414
-0.054, 0.139, 1.414
-0.031, 0.139, 1.414
-0.020, 0.139, 1.414
-0.008, 0.127, 1.412
-0.020, 0.127, 1.412
-0.008, 0.116, 1.410
0.003, 0.127, 1.412
-0.008, 0.104, 1.408
-0.020, 0.093, 1.406
-0.008, 0.093, 1.406
-0.020, 0.081, 1.405
-0.020, 0.070, 1.403
-0.031, 0.059, 1.401
-0.020, 0.059, 1.401
-0.031, 0.048, 1.399
-0.031, 0.036, 1.397
-0.042, 0.025, 1.396
-0.031, 0.025, 1.395
-0.042, 0.014, 1.394
-0.053, 0.003, 1.391
-0.042, 0.003, 1.391
-0.053, -0.008, 1.390
-0.053, -0.019, 1.388
-0.064, -0.031, 1.387
-0.053, -0.030, 1.386
-0.064, -0.042, 1.385
-0.064, -0.053, 1.383
-0.075, -0.064, 1.381
-0.064, -0.064, 1.381
-0.074, -0.074, 1.379
-0.074, -0.085, 1.378
-0.085, -0.096, 1.376
-0.074, -0.096, 1.376
-0.085, -0.107, 1.374
-0.085, -0.118, 1.372
-0.096, -0.129, 1.371
-0.122, 0.139, 1.416
-0.132, 0.104, 1.410
-0.143, 0.082, 1.407
-0.154, 0.048, 1.401
-0.165, 0.014, 1.396
-0.175, -0.019, 1.390
-0.186, -0.053, 1.385
-0.196, -0.075, 1.381
-0.206, -0.107, 1.376
-0.206, -0.118, 1.374
-0.184, -0.129, 1.372
-0.162, -0.140, 1.370
-0.118, -0.150, 1.367
-0.106, -0.161, 1.365
-0.096, -0.150, 1.367
RegionID:7
Center:0.244,0.212,1.138
Normal:-0.325,-0.784,-0.529
NumPatches:114
0.241, 0.106, 1.298
0.232, 0.107, 1.303
0.220, 0.117, 1.296
0.211, 0.117, 1.301
0.199, 0.127, 1.294
0.190, 0.127, 1.299
0.178, 0.137, 1.291
0.169, 0.137, 1.296
0.157, 0.147, 1.289
0.148, 0.148, 1.294
0.136, 0.157, 1.287
0.125, 0.166, 1.280
0.134, 0.174, 1.262
0.142, 0.182, 1.246
0.150, 0.189, 1.229
0.149, 0.197, 1.218
0.156, 0.204, 1.203
0.164, 0.211, 1.188
0.171, 0.218, 1.173
0.170, 0.226, 1.163
0.177, 0.232, 1.149
0.184, 0.238, 1.136
0.191, 0.245, 1.122
0.189, 0.251, 1.113
0.196, 0.257, 1.100
0.202, 0.263, 1.088
0.209, 0.269, 1.076
0.207, 0.275, 1.067
0.213, 0.281, 1.056
0.219, 0.286, 1.044
0.218, 0.292, 1.036
0.224, 0.297, 1.026
0.229, 0.302, 1.015
0.237, 0.301, 1.012
0.231, 0.296, 1.022
0.225, 0.291, 1.033
0.238, 0.296, 1.019
0.246, 0.295, 1.016
0.253, 0.294, 1.013
0.262, 0.287, 1.017
0.255, 0.288, 1.020
0.264, 0.281, 1.025
0.272, 0.280, 1.022
0.279, 0.279, 1.018
0.288, 0.272, 1.023
0.281, 0.273, 1.026
0.296, 0.271, 1.020
0.305, 0.264, 1.024
0.298, 0.265, 1.027
0.312, 0.263, 1.021
0.322, 0.256, 1.025
0.315, 0.257, 1.029
0.324, 0.250, 1.033
0.332, 0.249, 1.030
0.339, 0.248, 1.027
0.348, 0.241, 1.031
0.344, 0.235, 1.042
0.339, 0.230, 1.053
0.334, 0.224, 1.065
0.330, 0.218, 1.077
0.325, 0.211, 1.089
0.319, 0.205, 1.102
0.314, 0.198, 1.115
0.309, 0.192, 1.128
0.304, 0.185, 1.142
0.298, 0.178, 1.155
0.292, 0.171, 1.169
0.286, 0.163, 1.184
0.281, 0.156, 1.199
0.274, 0.148, 1.214
0.268, 0.140, 1.230
0.262, 0.132, 1.246
0.255, 0.124, 1.263
0.248, 0.115, 1.280
0.239, 0.116, 1.286
0.230, 0.116, 1.291
0.246, 0.124, 1.268
0.253, 0.133, 1.251
0.259, 0.141, 1.235
0.266, 0.149, 1.219
0.272, 0.156, 1.203
0.278, 0.164, 1.188
0.284, 0.171, 1.174
0.290, 0.179, 1.160
0.306, 0.177, 1.151
0.312, 0.184, 1.138
0.317, 0.191, 1.123
0.322, 0.198, 1.110
0.327, 0.204, 1.098
0.332, 0.211, 1.086
0.337, 0.217, 1.073
0.342, 0.223, 1.062
0.346, 0.229, 1.050
0.351, 0.235, 1.039
0.341, 0.242, 1.034
0.356, 0.240, 1.028
0.221, 0.280, 1.052
0.215, 0.274, 1.064
0.210, 0.262, 1.084
0.204, 0.257, 1.096
0.197, 0.251, 1.109
0.192, 0.238, 1.132
0.185, 0.231, 1.145
0.178, 0.225, 1.159
0.173, 0.211, 1.184
0.165, 0.204, 1.198
0.158, 0.197, 1.214
0.151, 0.181, 1.241
0.143, 0.174, 1.258
0.135, 0.166, 1.275
0.146, 0.156, 1.281
0.167, 0.146, 1.284
0.188, 0.136, 1.286
0.209, 0.126, 1.288
RegionID:8
Center:0.324,0.344,1.056
Normal:0.347,0.474,-0.810
NumPatches:65
0.384, 0.307, 1.060
0.386, 0.318, 1.067
0.389, 0.329, 1.075
0.402, 0.342, 1.088
0.405, 0.353, 1.096
0.397, 0.362, 1.098
0.387, 0.360, 1.092
0.379, 0.370, 1.095
0.368, 0.368, 1.089
0.360, 0.377, 1.091
0.349, 0.375, 1.085
0.341, 0.385, 1.087
0.333, 0.394, 1.089
0.325, 0.404, 1.091
0.315, 0.402, 1.086
0.307, 0.411, 1.088
0.296, 0.409, 1.082
0.288, 0.418, 1.084
0.276, 0.405, 1.071
0.264, 0.391, 1.058
0.274, 0.393, 1.063
0.263, 0.380, 1.051
0.261, 0.369, 1.044
0.250, 0.357, 1.031
0.259, 0.359, 1.036
0.248, 0.346, 1.024
0.246, 0.336, 1.018
0.254, 0.327, 1.016
0.245, 0.325, 1.011
0.263, 0.329, 1.021
0.271, 0.320, 1.019
0.262, 0.318, 1.014
0.281, 0.321, 1.024
0.288, 0.313, 1.022
0.279, 0.311, 1.017
0.298, 0.314, 1.027
0.306, 0.306, 1.025
0.296, 0.304, 1.020
0.303, 0.295, 1.018
0.313, 0.297, 1.023
0.323, 0.298, 1.028
0.330, 0.289, 1.026
0.321, 0.288, 1.021
0.340, 0.291, 1.032
0.348, 0.282, 1.030
0.338, 0.281, 1.025
0.358, 0.284, 1.035
0.366, 0.275, 1.033
0.356, 0.273, 1.028
0.363, 0.265, 1.026
0.376, 0.276, 1.038
0.378, 0.286, 1.045
0.381, 0.297, 1.053
0.373, 0.266, 1.031
0.278, 0.416, 1.078
0.280, 0.428, 1.086
0.299, 0.421, 1.090
0.317, 0.413, 1.093
0.336, 0.406, 1.097
0.344, 0.396, 1.095
0.352, 0.387, 1.093
0.371, 0.379, 1.097
0.389, 0.372, 1.100
0.408, 0.364, 1.104
0.400, 0.331, 1.081
RegionID:9
Center:-0.242,0.462,1.206
Normal:-0.667,-0.314,-0.675
NumPatches:70
-0.181, 0.461, 1.147
-0.193, 0.457, 1.160
-0.192, 0.465, 1.156
-0.181, 0.469, 1.143
-0.180, 0.476, 1.139
-0.179, 0.484, 1.135
-0.179, 0.491, 1.131
-0.178, 0.498, 1.127
-0.167, 0.502, 1.115
-0.167, 0.509, 1.111
-0.176, 0.520, 1.116
-0.187, 0.524, 1.124
-0.197, 0.528, 1.132
-0.208, 0.532, 1.141
-0.218, 0.536, 1.150
-0.229, 0.540, 1.158
-0.240, 0.544, 1.167
-0.252, 0.548, 1.177
-0.263, 0.552, 1.186
-0.276, 0.549, 1.200
-0.275, 0.557, 1.195
-0.277, 0.542, 1.204
-0.278, 0.534, 1.209
-0.279, 0.527, 1.213
-0.280, 0.519, 1.218
-0.281, 0.511, 1.223
-0.295, 0.507, 1.238
-0.282, 0.503, 1.227
-0.296, 0.499, 1.242
-0.297, 0.491, 1.247
-0.298, 0.483, 1.252
-0.299, 0.475, 1.257
-0.300, 0.467, 1.262
-0.302, 0.459, 1.267
-0.316, 0.454, 1.283
-0.303, 0.450, 1.272
-0.317, 0.446, 1.289
-0.318, 0.437, 1.294
-0.320, 0.429, 1.299
-0.308, 0.417, 1.294
-0.321, 0.420, 1.305
-0.295, 0.413, 1.282
-0.283, 0.401, 1.276
-0.296, 0.404, 1.288
-0.285, 0.392, 1.282
-0.272, 0.389, 1.271
-0.261, 0.377, 1.265
-0.273, 0.380, 1.276
-0.262, 0.368, 1.270
-0.249, 0.365, 1.259
-0.238, 0.354, 1.254
-0.250, 0.357, 1.264
-0.225, 0.359, 1.238
-0.225, 0.368, 1.234
-0.224, 0.376, 1.229
-0.223, 0.384, 1.224
-0.222, 0.393, 1.219
-0.210, 0.397, 1.205
-0.209, 0.406, 1.200
-0.208, 0.414, 1.196
-0.207, 0.422, 1.191
-0.206, 0.430, 1.187
-0.195, 0.434, 1.173
-0.194, 0.442, 1.169
-0.193, 0.449, 1.164
-0.195, 0.426, 1.177
-0.210, 0.389, 1.209
-0.226, 0.351, 1.243
-0.166, 0.516, 1.107
-0.168, 0.495, 1.119
RegionID:10
Center:-0.141,0.455,1.339
Normal:-0.669,-0.316,-0.673
NumPatches:23
-0.113, 0.445, 1.316
-0.125, 0.439, 1.331
-0.125, 0.448, 1.326
-0.113, 0.454, 1.312
-0.112, 0.463, 1.307
-0.123, 0.475, 1.312
-0.135, 0.478, 1.322
-0.146, 0.482, 1.332
-0.159, 0.477, 1.347
-0.172, 0.471, 1.362
-0.171, 0.480, 1.357
-0.158, 0.486, 1.342
-0.172, 0.462, 1.367
-0.161, 0.449, 1.361
-0.173, 0.453, 1.372
-0.161, 0.440, 1.366
-0.149, 0.437, 1.356
-0.138, 0.424, 1.350
-0.150, 0.427, 1.361
-0.126, 0.430, 1.336
-0.126, 0.421, 1.340
-0.126, 0.411, 1.345
-0.112, 0.472, 1.303
RegionID:11
Center:-0.094,0.565,1.242
Normal:-0.663,-0.307,-0.683
NumPatches:20
-0.077, 0.537, 1.238
-0.087, 0.541, 1.246
-0.098, 0.553, 1.251
-0.108, 0.565, 1.256
-0.118, 0.577, 1.260
-0.129, 0.581, 1.269
-0.129, 0.589, 1.265
-0.118, 0.585, 1.256
-0.107, 0.581, 1.248
-0.097, 0.577, 1.239
-0.108, 0.573, 1.252
-0.097, 0.561, 1.247
-0.087, 0.549, 1.242
-0.076, 0.553, 1.230
-0.076, 0.562, 1.226
-0.086, 0.573, 1.231
-0.076, 0.569, 1.222
-0.066, 0.566, 1.214
-0.066, 0.558, 1.218
-0.077, 0.545, 1.234
