NumRegions:17
RegionID:0
Center:-0.037,-0.126,2.026
Normal:0.020,-0.690,-0.723
NumPatches:987
-0.498, -0.461, 2.326
-0.516, -0.460, 2.326
-0.511, -0.438, 2.304
-0.507, -0.415, 2.282
-0.502, -0.393, 2.261
-0.497, -0.372, 2.241
-0.493, -0.351, 2.220
-0.489, -0.330, 2.201
-0.484, -0.310, 2.181
-0.480, -0.290, 2.162
-0.476, -0.270, 2.144
-0.472, -0.251, 2.125
-0.468, -0.232, 2.107
-0.464, -0.213, 2.089
-0.460, -0.195, 2.072
-0.443, -0.195, 2.072
-0.423, -0.177, 2.056
-0.407, -0.177, 2.056
-0.427, -0.195, 2.073
-0.388, -0.159, 2.040
-0.371, -0.159, 2.040
-0.391, -0.177, 2.056
-0.352, -0.142, 2.024
-0.336, -0.142, 2.024
-0.355, -0.159, 2.041
-0.317, -0.125, 2.008
-0.301, -0.125, 2.009
-0.320, -0.142, 2.025
-0.283, -0.108, 1.993
-0.267, -0.108, 1.994
-0.285, -0.125, 2.009
-0.251, -0.108, 1.994
-0.235, -0.108, 1.995
-0.219, -0.108, 1.995
-0.204, -0.108, 1.996
-0.189, -0.125, 2.012
-0.205, -0.125, 2.012
-0.191, -0.142, 2.029
-0.174, -0.142, 2.029
-0.176, -0.160, 2.046
-0.161, -0.177, 2.063
-0.177, -0.177, 2.063
-0.162, -0.196, 2.081
-0.146, -0.196, 2.081
-0.147, -0.214, 2.099
-0.131, -0.233, 2.118
-0.148, -0.233, 2.116
-0.132, -0.252, 2.135
-0.116, -0.271, 2.155
-0.134, -0.271, 2.154
-0.117, -0.291, 2.174
-0.100, -0.291, 2.174
-0.101, -0.311, 2.194
-0.084, -0.332, 2.214
-0.102, -0.332, 2.213
-0.085, -0.353, 2.234
-0.067, -0.353, 2.234
-0.068, -0.374, 2.255
-0.050, -0.396, 2.276
-0.068, -0.396, 2.276
-0.051, -0.418, 2.298
-0.032, -0.418, 2.298
-0.014, -0.418, 2.299
-0.032, -0.441, 2.320
-0.033, -0.464, 2.342
-0.033, -0.487, 2.365
0.005, -0.396, 2.278
0.023, -0.397, 2.279
0.005, -0.419, 2.299
0.041, -0.397, 2.279
0.059, -0.375, 2.259
0.077, -0.375, 2.260
0.059, -0.397, 2.280
0.095, -0.375, 2.260
0.113, -0.375, 2.261
0.131, -0.375, 2.261
0.149, -0.376, 2.262
0.167, -0.376, 2.263
0.186, -0.376, 2.263
0.204, -0.376, 2.264
0.220, -0.355, 2.244
0.218, -0.334, 2.224
0.216, -0.313, 2.204
0.197, -0.293, 2.184
0.195, -0.273, 2.165
0.193, -0.253, 2.146
0.191, -0.234, 2.127
0.190, -0.215, 2.109
0.188, -0.197, 2.092
0.187, -0.178, 2.074
0.185, -0.160, 2.056
0.184, -0.143, 2.040
0.166, -0.125, 2.023
0.150, -0.125, 2.022
0.133, -0.125, 2.022
0.117, -0.125, 2.021
0.101, -0.125, 2.021
0.085, -0.125, 2.020
0.084, -0.108, 2.004
0.068, -0.091, 1.988
0.051, -0.075, 1.971
0.035, -0.059, 1.955
0.019, -0.043, 1.940
0.019, -0.027, 1.925
0.004, -0.011, 1.910
-0.011, 0.004, 1.895
-0.026, 0.019, 1.881
-0.026, 0.034, 1.867
-0.041, 0.048, 1.852
-0.055, 0.062, 1.838
-0.069, 0.077, 1.825
-0.083, 0.091, 1.811
-0.083, 0.104, 1.798
-0.096, 0.118, 1.785
-0.110, 0.131, 1.772
-0.123, 0.144, 1.759
-0.136, 0.157, 1.747
-0.135, 0.170, 1.735
-0.148, 0.183, 1.723
-0.161, 0.195, 1.711
-0.173, 0.207, 1.699
-0.186, 0.219, 1.688
-0.184, 0.231, 1.677
-0.196, 0.243, 1.665
-0.208, 0.255, 1.654
-0.207, 0.266, 1.644
-0.219, 0.278, 1.633
-0.230, 0.289, 1.622
-0.229, 0.300, 1.612
-0.227, 0.311, 1.602
-0.226, 0.322, 1.592
-0.225, 0.332, 1.582
-0.223, 0.343, 1.573
-0.210, 0.353, 1.564
-0.196, 0.364, 1.554
-0.182, 0.374, 1.545
-0.169, 0.384, 1.536
-0.157, 0.384, 1.536
-0.170, 0.374, 1.546
-0.183, 0.364, 1.555
-0.197, 0.353, 1.564
-0.211, 0.343, 1.573
-0.144, 0.394, 1.528
-0.131, 0.404, 1.519
-0.118, 0.414, 1.511
-0.105, 0.424, 1.502
-0.093, 0.433, 1.494
-0.081, 0.433, 1.494
-0.093, 0.424, 1.502
-0.106, 0.414, 1.511
-0.119, 0.404, 1.520
-0.131, 0.394, 1.528
-0.144, 0.384, 1.537
-0.068, 0.443, 1.486
-0.056, 0.452, 1.478
-0.044, 0.462, 1.470
-0.032, 0.462, 1.470
-0.044, 0.452, 1.478
-0.056, 0.443, 1.486
-0.069, 0.433, 1.494
-0.020, 0.471, 1.462
-0.009, 0.480, 1.454
0.003, 0.489, 1.446
0.014, 0.498, 1.439
0.026, 0.498, 1.439
0.014, 0.489, 1.447
0.003, 0.480, 1.454
-0.009, 0.471, 1.462
-0.021, 0.462, 1.470
0.037, 0.507, 1.431
0.048, 0.515, 1.424
0.060, 0.515, 1.424
0.049, 0.507, 1.432
0.037, 0.498, 1.439
0.071, 0.515, 1.424
0.083, 0.516, 1.425
0.094, 0.516, 1.425
0.106, 0.507, 1.433
0.095, 0.507, 1.433
0.107, 0.498, 1.441
0.119, 0.490, 1.449
0.107, 0.490, 1.449
0.119, 0.481, 1.457
0.131, 0.481, 1.457
0.144, 0.472, 1.465
0.132, 0.472, 1.465
0.144, 0.463, 1.474
0.157, 0.453, 1.482
0.145, 0.453, 1.482
0.158, 0.444, 1.491
0.170, 0.444, 1.491
0.171, 0.435, 1.499
0.184, 0.425, 1.508
0.172, 0.425, 1.508
0.185, 0.416, 1.517
0.197, 0.416, 1.517
0.198, 0.406, 1.526
0.212, 0.396, 1.536
0.200, 0.396, 1.535
0.213, 0.386, 1.545
0.226, 0.386, 1.545
0.239, 0.376, 1.555
0.227, 0.376, 1.554
0.241, 0.366, 1.564
0.255, 0.356, 1.574
0.242, 0.356, 1.574
0.257, 0.345, 1.584
0.269, 0.345, 1.584
0.271, 0.335, 1.594
0.285, 0.324, 1.604
0.273, 0.324, 1.604
0.287, 0.313, 1.614
0.300, 0.313, 1.614
0.302, 0.302, 1.624
0.317, 0.291, 1.635
0.304, 0.291, 1.635
0.319, 0.280, 1.646
0.332, 0.280, 1.646
0.348, 0.268, 1.657
0.335, 0.268, 1.656
0.350, 0.257, 1.668
0.366, 0.245, 1.679
0.352, 0.245, 1.678
0.368, 0.233, 1.690
0.382, 0.233, 1.690
0.398, 0.221, 1.702
0.384, 0.221, 1.701
0.401, 0.209, 1.713
0.417, 0.197, 1.725
0.404, 0.197, 1.725
0.420, 0.184, 1.737
0.434, 0.184, 1.737
0.437, 0.171, 1.749
0.440, 0.159, 1.761
0.444, 0.145, 1.774
0.447, 0.132, 1.786
0.450, 0.119, 1.799
0.438, 0.105, 1.812
0.453, 0.105, 1.812
0.442, 0.091, 1.825
0.430, 0.077, 1.838
0.445, 0.077, 1.838
0.433, 0.063, 1.851
0.421, 0.048, 1.865
0.409, 0.034, 1.878
0.425, 0.034, 1.879
0.413, 0.019, 1.892
0.428, 0.019, 1.893
0.443, 0.019, 1.893
0.458, 0.019, 1.894
0.473, 0.019, 1.894
0.477, 0.004, 1.909
0.481, -0.012, 1.923
0.484, -0.027, 1.938
0.488, -0.043, 1.953
0.492, -0.059, 1.968
0.496, -0.075, 1.984
0.500, -0.092, 2.000
0.504, -0.109, 2.016
0.508, -0.126, 2.033
0.512, -0.143, 2.049
0.533, -0.161, 2.067
0.517, -0.161, 2.067
0.538, -0.179, 2.085
0.542, -0.198, 2.102
0.547, -0.216, 2.120
0.552, -0.235, 2.139
0.557, -0.255, 2.157
0.561, -0.274, 2.176
0.566, -0.294, 2.195
0.571, -0.315, 2.215
0.577, -0.335, 2.235
0.564, -0.356, 2.255
0.582, -0.356, 2.256
0.569, -0.378, 2.276
0.574, -0.400, 2.297
0.580, -0.422, 2.319
0.585, -0.445, 2.341
0.591, -0.468, 2.364
0.597, -0.492, 2.386
0.603, -0.516, 2.410
0.609, -0.540, 2.434
0.615, -0.565, 2.458
0.601, -0.591, 2.483
0.581, -0.591, 2.482
0.561, -0.591, 2.481
0.541, -0.590, 2.480
0.515, -0.565, 2.455
0.496, -0.564, 2.454
0.476, -0.564, 2.453
0.456, -0.564, 2.453
0.436, -0.564, 2.452
0.417, -0.564, 2.451
0.397, -0.564, 2.451
0.377, -0.564, 2.450
0.354, -0.538, 2.425
0.335, -0.538, 2.424
0.315, -0.538, 2.424
0.299, -0.563, 2.447
0.296, -0.538, 2.423
0.321, -0.588, 2.473
0.302, -0.588, 2.472
0.325, -0.614, 2.498
0.345, -0.615, 2.499
0.328, -0.641, 2.524
0.365, -0.615, 2.499
0.385, -0.615, 2.500
0.405, -0.615, 2.501
0.430, -0.642, 2.528
0.409, -0.642, 2.527
0.450, -0.642, 2.528
0.475, -0.669, 2.555
0.455, -0.669, 2.555
0.496, -0.670, 2.556
0.522, -0.698, 2.584
0.501, -0.697, 2.583
0.543, -0.698, 2.585
0.570, -0.726, 2.613
0.549, -0.726, 2.612
0.591, -0.727, 2.614
0.597, -0.756, 2.642
0.604, -0.785, 2.671
0.610, -0.816, 2.701
0.617, -0.847, 2.731
0.624, -0.878, 2.762
0.631, -0.911, 2.794
0.616, -0.944, 2.825
0.639, -0.944, 2.826
0.623, -0.978, 2.859
0.631, -1.012, 2.893
0.638, -1.048, 2.928
0.622, -1.084, 2.963
0.646, -1.085, 2.964
0.630, -1.122, 2.999
0.638, -1.160, 3.037
0.646, -1.199, 3.075
0.654, -1.240, 3.115
0.637, -1.281, 3.154
0.663, -1.281, 3.155
0.646, -1.323, 3.196
0.654, -1.367, 3.239
0.663, -1.412, 3.283
0.645, -1.457, 3.326
0.627, -1.504, 3.372
0.608, -1.552, 3.418
0.589, -1.601, 3.466
0.617, -1.602, 3.467
0.636, -1.552, 3.420
0.654, -1.504, 3.373
0.672, -1.458, 3.328
0.673, -1.603, 3.470
0.645, -1.602, 3.469
0.701, -1.604, 3.471
0.729, -1.605, 3.473
0.757, -1.605, 3.474
0.786, -1.606, 3.476
0.814, -1.606, 3.477
0.842, -1.607, 3.478
0.870, -1.608, 3.480
0.898, -1.608, 3.481
0.926, -1.609, 3.483
0.955, -1.610, 3.484
0.983, -1.610, 3.486
1.011, -1.611, 3.487
1.040, -1.612, 3.489
1.068, -1.612, 3.490
1.096, -1.613, 3.491
1.125, -1.614, 3.493
1.153, -1.614, 3.494
1.182, -1.615, 3.496
1.210, -1.616, 3.497
1.238, -1.616, 3.499
1.267, -1.617, 3.500
1.295, -1.618, 3.501
1.324, -1.618, 3.503
1.353, -1.619, 3.504
1.381, -1.620, 3.506
1.410, -1.620, 3.507
1.439, -1.621, 3.509
1.467, -1.622, 3.510
1.496, -1.622, 3.512
1.525, -1.623, 3.513
1.553, -1.624, 3.515
1.582, -1.624, 3.516
1.611, -1.625, 3.518
1.640, -1.626, 3.519
1.669, -1.626, 3.520
1.697, -1.627, 3.522
1.726, -1.628, 3.523
1.755, -1.628, 3.525
1.784, -1.629, 3.526
1.813, -1.630, 3.528
1.842, -1.630, 3.529
1.871, -1.631, 3.530
1.900, -1.632, 3.532
1.929, -1.633, 3.534
1.958, -1.633, 3.535
1.988, -1.634, 3.537
2.017, -1.634, 3.538
2.046, -1.635, 3.540
2.075, -1.636, 3.541
2.104, -1.637, 3.543
2.133, -1.637, 3.544
2.163, -1.638, 3.546
2.192, -1.639, 3.547
2.189, -1.588, 3.497
2.158, -1.537, 3.447
2.127, -1.489, 3.399
2.098, -1.441, 3.351
2.069, -1.395, 3.305
2.041, -1.350, 3.261
2.014, -1.306, 3.217
1.988, -1.264, 3.175
1.962, -1.222, 3.134
1.937, -1.182, 3.094
1.912, -1.143, 3.055
1.889, -1.104, 3.017
1.865, -1.067, 2.980
1.843, -1.030, 2.944
1.821, -0.995, 2.909
1.799, -0.960, 2.874
1.778, -0.926, 2.841
1.758, -0.893, 2.808
1.737, -0.860, 2.776
1.718, -0.829, 2.744
1.699, -0.798, 2.714
1.680, -0.768, 2.684
1.662, -0.738, 2.655
1.644, -0.709, 2.626
1.626, -0.681, 2.598
1.609, -0.653, 2.571
1.592, -0.626, 2.544
1.576, -0.599, 2.518
1.560, -0.573, 2.492
1.544, -0.548, 2.467
1.529, -0.523, 2.442
1.514, -0.498, 2.418
1.499, -0.474, 2.395
1.485, -0.451, 2.372
1.470, -0.427, 2.349
1.456, -0.405, 2.326
1.443, -0.383, 2.305
1.429, -0.361, 2.283
1.416, -0.339, 2.262
1.403, -0.318, 2.242
1.391, -0.298, 2.222
1.378, -0.277, 2.202
1.366, -0.258, 2.182
1.354, -0.238, 2.163
1.342, -0.219, 2.145
1.331, -0.200, 2.126
1.319, -0.181, 2.108
1.308, -0.163, 2.090
1.297, -0.145, 2.073
1.287, -0.127, 2.056
1.276, -0.110, 2.039
1.266, -0.093, 2.022
1.256, -0.076, 2.006
1.246, -0.060, 1.990
1.236, -0.043, 1.974
1.226, -0.027, 1.959
1.216, -0.012, 1.943
1.207, 0.004, 1.928
1.198, 0.019, 1.914
1.189, 0.034, 1.899
1.180, 0.049, 1.885
1.171, 0.064, 1.871
1.162, 0.078, 1.857
1.154, 0.092, 1.844
1.145, 0.106, 1.830
1.137, 0.120, 1.817
1.129, 0.133, 1.804
1.121, 0.147, 1.791
1.113, 0.160, 1.778
1.106, 0.173, 1.766
1.098, 0.186, 1.754
1.090, 0.199, 1.742
1.083, 0.211, 1.730
1.075, 0.223, 1.718
1.068, 0.236, 1.707
1.061, 0.248, 1.695
1.054, 0.259, 1.684
1.047, 0.271, 1.673
1.041, 0.283, 1.662
1.034, 0.294, 1.651
1.027, 0.305, 1.641
1.021, 0.316, 1.631
1.014, 0.327, 1.621
1.008, 0.338, 1.610
1.002, 0.349, 1.600
0.996, 0.359, 1.591
0.989, 0.370, 1.581
0.983, 0.380, 1.571
0.977, 0.390, 1.562
0.972, 0.400, 1.552
0.966, 0.410, 1.543
0.960, 0.420, 1.534
0.954, 0.430, 1.525
0.949, 0.440, 1.516
0.943, 0.449, 1.507
0.938, 0.459, 1.499
0.933, 0.468, 1.490
0.928, 0.477, 1.482
0.922, 0.486, 1.473
0.917, 0.495, 1.465
0.912, 0.504, 1.457
0.907, 0.513, 1.449
0.902, 0.522, 1.441
0.897, 0.530, 1.433
0.892, 0.539, 1.425
0.888, 0.547, 1.418
0.883, 0.556, 1.410
0.878, 0.564, 1.403
0.874, 0.572, 1.396
0.869, 0.580, 1.388
0.865, 0.588, 1.381
0.860, 0.596, 1.374
0.856, 0.604, 1.367
0.851, 0.612, 1.360
0.836, 0.620, 1.353
0.829, 0.612, 1.359
0.823, 0.604, 1.366
0.816, 0.596, 1.373
0.827, 0.596, 1.374
0.820, 0.588, 1.380
0.813, 0.580, 1.387
0.824, 0.580, 1.388
0.817, 0.572, 1.395
0.810, 0.563, 1.402
0.803, 0.555, 1.409
0.814, 0.555, 1.409
0.807, 0.547, 1.416
0.800, 0.538, 1.424
0.812, 0.538, 1.424
0.804, 0.529, 1.431
0.797, 0.521, 1.439
0.790, 0.512, 1.447
0.802, 0.512, 1.447
0.794, 0.503, 1.454
0.787, 0.494, 1.462
0.799, 0.494, 1.463
0.791, 0.485, 1.471
0.784, 0.476, 1.479
0.776, 0.467, 1.487
0.788, 0.467, 1.487
0.780, 0.457, 1.495
0.773, 0.448, 1.503
0.785, 0.448, 1.504
0.777, 0.439, 1.512
0.770, 0.429, 1.521
0.762, 0.419, 1.530
0.749, 0.419, 1.529
0.737, 0.419, 1.529
0.725, 0.419, 1.529
0.708, 0.428, 1.520
0.696, 0.428, 1.519
0.684, 0.428, 1.519
0.667, 0.438, 1.510
0.655, 0.438, 1.510
0.643, 0.438, 1.510
0.627, 0.447, 1.500
0.615, 0.447, 1.500
0.603, 0.447, 1.500
0.591, 0.447, 1.500
0.576, 0.456, 1.491
0.564, 0.456, 1.491
0.551, 0.456, 1.490
0.536, 0.465, 1.482
0.524, 0.465, 1.482
0.512, 0.465, 1.481
0.498, 0.474, 1.473
0.486, 0.474, 1.472
0.474, 0.474, 1.472
0.460, 0.483, 1.464
0.448, 0.483, 1.464
0.436, 0.483, 1.463
0.424, 0.483, 1.463
0.410, 0.492, 1.455
0.396, 0.500, 1.446
0.394, 0.509, 1.439
0.381, 0.518, 1.431
0.367, 0.526, 1.423
0.354, 0.535, 1.415
0.352, 0.543, 1.407
0.339, 0.551, 1.400
0.326, 0.560, 1.392
0.313, 0.568, 1.385
0.300, 0.576, 1.378
0.299, 0.584, 1.370
0.297, 0.592, 1.363
0.296, 0.600, 1.357
0.294, 0.607, 1.350
0.293, 0.615, 1.343
0.281, 0.623, 1.336
0.270, 0.622, 1.336
0.259, 0.622, 1.336
0.248, 0.622, 1.336
0.238, 0.622, 1.336
0.227, 0.622, 1.335
0.216, 0.622, 1.335
0.206, 0.622, 1.335
0.195, 0.622, 1.335
0.184, 0.622, 1.335
0.173, 0.622, 1.334
0.163, 0.622, 1.334
0.152, 0.621, 1.333
0.141, 0.621, 1.333
0.131, 0.621, 1.333
0.120, 0.621, 1.333
0.109, 0.621, 1.333
0.099, 0.621, 1.333
0.088, 0.621, 1.333
0.077, 0.621, 1.333
0.067, 0.621, 1.332
0.056, 0.621, 1.332
0.045, 0.620, 1.332
0.035, 0.620, 1.332
0.024, 0.620, 1.332
0.013, 0.620, 1.331
0.003, 0.620, 1.331
-0.008, 0.620, 1.331
-0.019, 0.620, 1.331
-0.029, 0.620, 1.331
-0.040, 0.620, 1.330
-0.051, 0.620, 1.330
-0.061, 0.612, 1.337
-0.072, 0.612, 1.336
-0.083, 0.612, 1.336
-0.093, 0.612, 1.336
-0.104, 0.612, 1.336
-0.115, 0.612, 1.336
-0.125, 0.611, 1.335
-0.136, 0.619, 1.329
-0.146, 0.619, 1.328
-0.157, 0.619, 1.328
-0.167, 0.619, 1.328
-0.178, 0.619, 1.328
-0.189, 0.619, 1.328
-0.199, 0.618, 1.327
-0.210, 0.618, 1.327
-0.220, 0.618, 1.327
-0.231, 0.618, 1.327
-0.241, 0.618, 1.327
-0.252, 0.618, 1.326
-0.263, 0.618, 1.326
-0.273, 0.618, 1.326
-0.284, 0.618, 1.326
-0.294, 0.618, 1.326
-0.305, 0.618, 1.326
-0.315, 0.617, 1.325
-0.326, 0.617, 1.325
-0.336, 0.617, 1.325
-0.347, 0.617, 1.325
-0.358, 0.617, 1.325
-0.368, 0.617, 1.324
-0.379, 0.617, 1.324
-0.389, 0.617, 1.324
-0.400, 0.617, 1.324
-0.410, 0.617, 1.324
-0.421, 0.617, 1.323
-0.431, 0.616, 1.323
-0.442, 0.616, 1.323
-0.452, 0.616, 1.323
-0.463, 0.616, 1.323
-0.473, 0.616, 1.322
-0.484, 0.616, 1.322
-0.494, 0.616, 1.322
-0.505, 0.616, 1.322
-0.515, 0.616, 1.322
-0.526, 0.616, 1.321
-0.536, 0.615, 1.321
-0.547, 0.615, 1.321
-0.557, 0.615, 1.321
-0.568, 0.615, 1.321
-0.578, 0.615, 1.320
-0.589, 0.615, 1.320
-0.599, 0.615, 1.320
-0.610, 0.615, 1.320
-0.620, 0.615, 1.320
-0.631, 0.615, 1.320
-0.641, 0.615, 1.319
-0.651, 0.614, 1.319
-0.662, 0.614, 1.319
-0.672, 0.614, 1.319
-0.683, 0.614, 1.319
-0.693, 0.614, 1.318
-0.704, 0.614, 1.318
-0.714, 0.614, 1.318
-0.725, 0.614, 1.318
-0.735, 0.614, 1.318
-0.745, 0.614, 1.317
-0.756, 0.613, 1.317
-0.766, 0.613, 1.317
-0.777, 0.613, 1.317
-0.787, 0.613, 1.317
-0.798, 0.613, 1.316
-0.808, 0.613, 1.316
-0.822, 0.606, 1.322
-0.818, 0.613, 1.316
-0.826, 0.598, 1.329
-0.831, 0.590, 1.335
-0.835, 0.582, 1.342
-0.839, 0.574, 1.349
-0.843, 0.567, 1.356
-0.847, 0.559, 1.363
-0.852, 0.550, 1.369
-0.856, 0.542, 1.377
-0.861, 0.534, 1.384
-0.865, 0.526, 1.391
-0.870, 0.517, 1.398
-0.874, 0.509, 1.406
-0.879, 0.500, 1.413
-0.884, 0.491, 1.421
-0.888, 0.483, 1.428
-0.893, 0.474, 1.436
-0.898, 0.465, 1.444
-0.903, 0.456, 1.452
-0.908, 0.447, 1.460
-0.913, 0.437, 1.468
-0.918, 0.428, 1.476
-0.924, 0.419, 1.485
-0.929, 0.409, 1.493
-0.934, 0.400, 1.502
-0.940, 0.390, 1.511
-0.945, 0.380, 1.519
-0.951, 0.370, 1.528
-0.956, 0.360, 1.538
-0.962, 0.350, 1.547
-0.968, 0.339, 1.556
-0.974, 0.329, 1.565
-0.979, 0.318, 1.575
-0.986, 0.307, 1.585
-0.992, 0.297, 1.595
-0.998, 0.286, 1.605
-1.004, 0.274, 1.615
-1.010, 0.263, 1.625
-1.017, 0.252, 1.635
-1.024, 0.240, 1.646
-1.030, 0.229, 1.656
-1.037, 0.217, 1.667
-1.044, 0.205, 1.678
-1.051, 0.193, 1.689
-1.057, 0.180, 1.700
-1.065, 0.168, 1.712
-1.072, 0.155, 1.723
-1.079, 0.142, 1.735
-1.087, 0.129, 1.747
-1.094, 0.116, 1.759
-1.102, 0.103, 1.772
-1.110, 0.089, 1.784
-1.118, 0.075, 1.797
-1.126, 0.062, 1.810
-1.134, 0.047, 1.823
-1.142, 0.033, 1.836
-1.150, 0.018, 1.850
-1.159, 0.004, 1.864
-1.168, -0.011, 1.878
-1.177, -0.026, 1.892
-1.185, -0.042, 1.906
-1.195, -0.058, 1.921
-1.204, -0.074, 1.936
-1.213, -0.090, 1.951
-1.223, -0.106, 1.966
-1.233, -0.123, 1.982
-1.242, -0.140, 1.998
-1.253, -0.157, 2.014
-1.263, -0.175, 2.030
-1.273, -0.192, 2.047
-1.284, -0.211, 2.064
-1.295, -0.229, 2.081
-1.305, -0.248, 2.099
-1.317, -0.267, 2.117
-1.328, -0.286, 2.135
-1.340, -0.306, 2.154
-1.351, -0.326, 2.173
-1.363, -0.346, 2.192
-1.376, -0.367, 2.212
-1.388, -0.388, 2.232
-1.401, -0.410, 2.252
-1.414, -0.432, 2.273
-1.427, -0.454, 2.294
-1.441, -0.477, 2.316
-1.454, -0.500, 2.338
-1.468, -0.524, 2.361
-1.483, -0.548, 2.384
-1.497, -0.573, 2.407
-1.512, -0.598, 2.431
-1.527, -0.624, 2.455
-1.543, -0.650, 2.480
-1.558, -0.676, 2.506
-1.575, -0.704, 2.532
-1.591, -0.732, 2.558
-1.608, -0.760, 2.585
-1.625, -0.789, 2.613
-1.643, -0.819, 2.641
-1.661, -0.849, 2.670
-1.679, -0.880, 2.700
-1.698, -0.912, 2.730
-1.717, -0.944, 2.761
-1.737, -0.978, 2.793
-1.758, -1.012, 2.826
-1.778, -1.046, 2.859
-1.799, -1.082, 2.893
-1.821, -1.119, 2.928
-1.843, -1.156, 2.964
-1.866, -1.194, 3.001
-1.890, -1.233, 3.038
-1.914, -1.274, 3.077
-1.938, -1.315, 3.117
-1.964, -1.358, 3.157
-1.990, -1.401, 3.199
-2.016, -1.446, 3.242
-2.044, -1.492, 3.286
-2.046, -1.540, 3.332
-2.072, -1.539, 3.331
-2.020, -1.540, 3.334
-1.994, -1.541, 3.335
-1.969, -1.541, 3.336
-1.943, -1.542, 3.338
-1.917, -1.543, 3.339
-1.891, -1.543, 3.341
-1.865, -1.544, 3.342
-1.839, -1.544, 3.343
-1.813, -1.545, 3.344
-1.787, -1.546, 3.346
-1.761, -1.546, 3.347
-1.734, -1.547, 3.348
-1.708, -1.548, 3.350
-1.682, -1.548, 3.351
-1.656, -1.549, 3.352
-1.630, -1.549, 3.354
-1.604, -1.550, 3.355
-1.577, -1.551, 3.356
-1.551, -1.551, 3.358
-1.525, -1.552, 3.359
-1.499, -1.552, 3.360
-1.472, -1.553, 3.362
-1.446, -1.554, 3.363
-1.420, -1.554, 3.364
-1.393, -1.555, 3.366
-1.367, -1.555, 3.367
-1.341, -1.556, 3.368
-1.314, -1.557, 3.370
-1.288, -1.557, 3.371
-1.261, -1.558, 3.372
-1.235, -1.559, 3.374
-1.208, -1.559, 3.375
-1.182, -1.560, 3.376
-1.155, -1.560, 3.378
-1.129, -1.561, 3.379
-1.102, -1.562, 3.380
-1.075, -1.562, 3.382
-1.049, -1.563, 3.383
-1.022, -1.564, 3.385
-0.995, -1.564, 3.386
-0.969, -1.565, 3.387
-0.942, -1.566, 3.388
-0.915, -1.566, 3.390
-0.888, -1.567, 3.391
-0.862, -1.567, 3.393
-0.835, -1.568, 3.394
-0.808, -1.569, 3.395
-0.781, -1.569, 3.397
-0.754, -1.570, 3.398
-0.727, -1.570, 3.399
-0.701, -1.571, 3.401
-0.674, -1.572, 3.402
-0.638, -1.524, 3.356
-0.629, -1.476, 3.310
-0.620, -1.430, 3.266
-0.612, -1.385, 3.222
-0.604, -1.342, 3.180
-0.571, -1.300, 3.139
-0.564, -1.258, 3.099
-0.557, -1.218, 3.060
-0.550, -1.179, 3.022
-0.543, -1.140, 2.985
-0.537, -1.103, 2.948
-0.530, -1.066, 2.913
-0.524, -1.030, 2.878
-0.518, -0.996, 2.845
-0.489, -0.962, 2.813
-0.484, -0.929, 2.780
-0.478, -0.896, 2.749
-0.473, -0.864, 2.718
-0.468, -0.833, 2.688
-0.446, -0.834, 2.689
-0.425, -0.834, 2.690
-0.404, -0.834, 2.691
-0.378, -0.804, 2.662
-0.395, -0.774, 2.633
-0.411, -0.745, 2.604
-0.407, -0.716, 2.576
-0.423, -0.688, 2.548
-0.439, -0.661, 2.522
-0.454, -0.634, 2.495
-0.449, -0.608, 2.470
-0.464, -0.582, 2.444
-0.479, -0.556, 2.419
-0.493, -0.532, 2.395
-0.507, -0.507, 2.371
-0.503, -0.484, 2.349
-0.489, -0.508, 2.372
-0.474, -0.532, 2.396
-0.460, -0.557, 2.420
-0.445, -0.582, 2.445
-0.434, -0.634, 2.496
-0.419, -0.661, 2.522
-0.403, -0.688, 2.549
-0.391, -0.745, 2.604
-0.374, -0.774, 2.633
-0.357, -0.804, 2.663
-0.382, -0.834, 2.692
-0.361, -0.835, 2.693
-0.495, -0.996, 2.845
-0.579, -1.342, 3.181
-0.647, -1.572, 3.404
-0.125, 0.619, 1.329
-0.061, 0.620, 1.330
0.291, 0.623, 1.337
0.302, 0.623, 1.337
0.304, 0.615, 1.343
0.311, 0.576, 1.378
0.324, 0.568, 1.385
0.337, 0.560, 1.392
0.350, 0.552, 1.400
0.365, 0.535, 1.415
0.379, 0.527, 1.423
0.392, 0.518, 1.431
0.408, 0.501, 1.447
0.422, 0.492, 1.455
0.471, 0.483, 1.464
0.510, 0.474, 1.473
0.548, 0.465, 1.482
0.587, 0.456, 1.491
0.639, 0.447, 1.501
0.680, 0.438, 1.510
0.720, 0.429, 1.520
0.774, 0.419, 1.530
0.782, 0.429, 1.521
0.796, 0.476, 1.479
0.809, 0.521, 1.439
0.822, 0.564, 1.402
0.818, 0.612, 1.359
0.825, 0.620, 1.353
0.832, 0.627, 1.347
0.843, 0.627, 1.347
0.847, 0.620, 1.353
2.221, -1.639, 3.549
0.374, -0.538, 2.426
0.535, -0.565, 2.455
0.621, -0.591, 2.483
0.436, 0.048, 1.865
-0.217, 0.289, 1.623
-0.206, 0.278, 1.633
-0.195, 0.255, 1.655
-0.183, 0.243, 1.666
-0.172, 0.219, 1.688
-0.160, 0.207, 1.700
-0.147, 0.195, 1.711
-0.134, 0.183, 1.723
-0.122, 0.157, 1.747
-0.109, 0.144, 1.760
-0.096, 0.131, 1.772
-0.082, 0.118, 1.785
-0.069, 0.091, 1.811
-0.055, 0.077, 1.825
-0.040, 0.063, 1.839
-0.026, 0.048, 1.853
-0.011, 0.019, 1.881
0.004, 0.004, 1.896
0.019, -0.011, 1.910
0.035, -0.043, 1.940
0.051, -0.059, 1.956
0.067, -0.075, 1.972
0.083, -0.091, 1.988
0.182, -0.125, 2.023
0.214, -0.293, 2.184
0.240, -0.376, 2.265
0.224, -0.398, 2.286
0.222, -0.376, 2.264
0.242, -0.398, 2.286
0.226, -0.420, 2.307
0.245, -0.420, 2.308
0.247, -0.443, 2.330
0.268, -0.466, 2.352
0.271, -0.489, 2.375
RegionID:1
Center:-0.254,-0.803,2.009
Normal:-0.150,0.424,-0.893
NumPatches:48
-0.190, -0.756, 2.021
-0.206, -0.770, 2.016
-0.206, -0.757, 2.023
-0.191, -0.742, 2.027
-0.191, -0.728, 2.034
-0.192, -0.714, 2.041
-0.209, -0.701, 2.050
-0.226, -0.702, 2.052
-0.243, -0.689, 2.062
-0.260, -0.689, 2.064
-0.277, -0.690, 2.066
-0.293, -0.705, 2.062
-0.309, -0.720, 2.058
-0.292, -0.719, 2.055
-0.308, -0.734, 2.051
-0.307, -0.748, 2.044
-0.306, -0.762, 2.037
-0.305, -0.776, 2.031
-0.304, -0.789, 2.024
-0.303, -0.803, 2.017
-0.302, -0.816, 2.011
-0.301, -0.830, 2.004
-0.316, -0.844, 2.000
-0.300, -0.843, 1.998
-0.315, -0.857, 1.994
-0.314, -0.870, 1.987
-0.313, -0.884, 1.981
-0.312, -0.896, 1.974
-0.295, -0.908, 1.966
-0.311, -0.909, 1.968
-0.279, -0.907, 1.964
-0.263, -0.906, 1.961
-0.247, -0.905, 1.959
-0.231, -0.904, 1.957
-0.215, -0.903, 1.955
-0.200, -0.889, 1.959
-0.200, -0.876, 1.965
-0.201, -0.863, 1.971
-0.202, -0.851, 1.978
-0.202, -0.837, 1.984
-0.203, -0.824, 1.991
-0.204, -0.811, 1.997
-0.204, -0.797, 2.004
-0.205, -0.784, 2.010
-0.199, -0.902, 1.953
-0.294, -0.691, 2.069
-0.226, -0.688, 2.059
-0.192, -0.700, 2.048
RegionID:2
Center:-0.018,-1.178,3.036
Normal:0.021,-0.698,-0.716
NumPatches:105
-0.014, -0.535, 2.412
-0.015, -0.560, 2.436
-0.015, -0.586, 2.460
0.005, -0.612, 2.486
0.005, -0.638, 2.512
0.005, -0.665, 2.538
0.005, -0.692, 2.564
0.026, -0.721, 2.593
0.005, -0.749, 2.620
-0.016, -0.778, 2.647
-0.037, -0.778, 2.646
-0.059, -0.808, 2.674
-0.081, -0.838, 2.704
-0.103, -0.838, 2.702
-0.126, -0.869, 2.732
-0.146, -0.837, 2.701
-0.124, -0.837, 2.702
-0.127, -0.901, 2.763
-0.129, -0.934, 2.795
-0.130, -0.967, 2.827
-0.132, -1.001, 2.861
-0.133, -1.036, 2.895
-0.135, -1.072, 2.930
-0.136, -1.109, 2.966
-0.162, -1.146, 3.001
-0.138, -1.147, 3.002
-0.164, -1.185, 3.039
-0.166, -1.225, 3.078
-0.168, -1.266, 3.117
-0.171, -1.307, 3.158
-0.173, -1.350, 3.200
-0.175, -1.394, 3.243
-0.177, -1.440, 3.287
-0.180, -1.486, 3.332
-0.182, -1.534, 3.379
-0.158, -1.584, 3.428
-0.185, -1.583, 3.427
-0.130, -1.584, 3.430
-0.101, -1.536, 3.383
-0.074, -1.536, 3.384
-0.103, -1.585, 3.431
-0.047, -1.489, 3.339
-0.020, -1.490, 3.340
-0.047, -1.537, 3.386
0.007, -1.490, 3.341
0.033, -1.491, 3.343
0.059, -1.445, 3.298
0.033, -1.399, 3.253
0.007, -1.398, 3.252
0.006, -1.354, 3.208
0.006, -1.311, 3.166
0.006, -1.269, 3.125
0.006, -1.228, 3.086
0.006, -1.188, 3.047
0.006, -1.149, 3.009
0.006, -1.111, 2.972
0.029, -1.075, 2.937
0.029, -1.039, 2.902
0.029, -1.004, 2.868
0.028, -0.969, 2.834
0.050, -0.936, 2.802
0.050, -0.903, 2.770
0.049, -0.871, 2.739
0.049, -0.840, 2.709
0.027, -0.809, 2.678
0.005, -0.779, 2.648
0.026, -0.749, 2.620
0.005, -0.721, 2.592
0.026, -0.779, 2.649
0.048, -0.809, 2.679
0.051, -0.970, 2.835
0.030, -1.112, 2.973
0.059, -1.399, 3.254
0.086, -1.445, 3.300
0.060, -1.491, 3.344
0.087, -1.492, 3.345
0.112, -1.446, 3.301
0.141, -1.493, 3.348
0.115, -1.541, 3.394
0.088, -1.540, 3.392
0.114, -1.493, 3.347
0.117, -1.590, 3.442
0.145, -1.591, 3.443
0.172, -1.591, 3.445
0.197, -1.542, 3.398
0.167, -1.494, 3.349
0.194, -1.494, 3.350
0.224, -1.543, 3.399
0.200, -1.592, 3.446
0.228, -1.593, 3.447
0.252, -1.544, 3.401
0.279, -1.544, 3.402
0.255, -1.593, 3.449
0.283, -1.594, 3.450
0.306, -1.545, 3.403
0.302, -1.497, 3.356
0.334, -1.546, 3.405
0.311, -1.595, 3.452
0.338, -1.595, 3.453
0.361, -1.546, 3.406
0.394, -1.597, 3.456
0.366, -1.596, 3.454
0.422, -1.597, 3.457
-0.080, -0.807, 2.674
-0.058, -0.778, 2.645
RegionID:3
Center:0.291,-0.836,2.231
Normal:-0.666,-0.120,-0.736
NumPatches:41
0.323, -0.898, 2.212
0.308, -0.923, 2.230
0.292, -0.949, 2.248
0.276, -0.955, 2.264
0.260, -0.962, 2.280
0.243, -0.949, 2.293
0.243, -0.930, 2.290
0.242, -0.910, 2.287
0.242, -0.891, 2.284
0.242, -0.871, 2.281
0.241, -0.852, 2.278
0.258, -0.827, 2.260
0.257, -0.808, 2.257
0.257, -0.789, 2.254
0.257, -0.770, 2.251
0.256, -0.751, 2.248
0.256, -0.732, 2.246
0.272, -0.727, 2.230
0.288, -0.703, 2.212
0.304, -0.717, 2.200
0.288, -0.722, 2.215
0.319, -0.712, 2.185
0.335, -0.726, 2.173
0.319, -0.731, 2.188
0.335, -0.744, 2.176
0.350, -0.721, 2.159
0.336, -0.763, 2.179
0.336, -0.781, 2.181
0.336, -0.799, 2.184
0.321, -0.823, 2.201
0.337, -0.818, 2.186
0.322, -0.842, 2.204
0.322, -0.861, 2.207
0.323, -0.879, 2.209
0.258, -0.846, 2.263
0.260, -0.942, 2.277
0.293, -0.968, 2.251
0.308, -0.942, 2.233
0.323, -0.917, 2.215
0.308, -0.961, 2.236
0.309, -0.980, 2.238
RegionID:4
Center:0.156,-0.988,2.558
Normal:-0.246,-0.513,-0.822
NumPatches:26
0.165, -0.894, 2.497
0.146, -0.922, 2.520
0.127, -0.951, 2.544
0.147, -0.949, 2.536
0.128, -0.978, 2.561
0.109, -1.008, 2.585
0.129, -1.005, 2.577
0.109, -1.036, 2.602
0.089, -1.067, 2.628
0.110, -1.063, 2.619
0.131, -1.060, 2.611
0.152, -1.085, 2.620
0.131, -1.088, 2.628
0.171, -1.053, 2.595
0.190, -1.023, 2.570
0.189, -0.996, 2.553
0.188, -0.969, 2.537
0.187, -0.943, 2.521
0.185, -0.917, 2.505
0.184, -0.891, 2.490
0.164, -0.869, 2.482
0.145, -0.897, 2.504
0.204, -0.889, 2.482
0.205, -0.914, 2.498
0.191, -1.050, 2.587
0.172, -1.081, 2.612
RegionID:5
Center:0.135,-0.519,1.903
Normal:0.077,-0.021,-0.997
NumPatches:36
0.110, -0.590, 1.903
0.095, -0.590, 1.902
0.095, -0.574, 1.902
0.080, -0.559, 1.900
0.080, -0.543, 1.900
0.080, -0.528, 1.899
0.080, -0.513, 1.899
0.065, -0.497, 1.898
0.064, -0.482, 1.897
0.080, -0.482, 1.899
0.095, -0.467, 1.899
0.110, -0.468, 1.901
0.095, -0.482, 1.900
0.080, -0.497, 1.899
0.126, -0.468, 1.902
0.141, -0.453, 1.903
0.156, -0.453, 1.904
0.141, -0.468, 1.903
0.171, -0.453, 1.905
0.187, -0.469, 1.906
0.171, -0.469, 1.905
0.187, -0.484, 1.907
0.187, -0.500, 1.907
0.187, -0.515, 1.907
0.202, -0.531, 1.909
0.187, -0.530, 1.908
0.202, -0.546, 1.909
0.187, -0.561, 1.908
0.172, -0.561, 1.907
0.156, -0.576, 1.906
0.141, -0.575, 1.905
0.126, -0.575, 1.904
0.110, -0.575, 1.903
0.095, -0.559, 1.901
0.156, -0.560, 1.906
0.202, -0.561, 1.910
RegionID:6
Center:-0.174,-0.356,1.593
Normal:0.185,-0.483,-0.856
NumPatches:71
-0.157, -0.492, 1.673
-0.170, -0.491, 1.670
-0.169, -0.475, 1.661
-0.181, -0.458, 1.649
-0.193, -0.442, 1.637
-0.205, -0.426, 1.626
-0.216, -0.410, 1.614
-0.215, -0.395, 1.606
-0.226, -0.379, 1.595
-0.238, -0.364, 1.584
-0.248, -0.349, 1.572
-0.247, -0.335, 1.565
-0.258, -0.320, 1.554
-0.269, -0.306, 1.544
-0.279, -0.291, 1.534
-0.278, -0.278, 1.526
-0.265, -0.265, 1.522
-0.253, -0.265, 1.525
-0.266, -0.278, 1.529
-0.267, -0.292, 1.536
-0.257, -0.306, 1.547
-0.246, -0.321, 1.557
-0.240, -0.252, 1.520
-0.228, -0.253, 1.523
-0.241, -0.266, 1.527
-0.216, -0.240, 1.518
-0.204, -0.240, 1.521
-0.217, -0.253, 1.526
-0.192, -0.241, 1.524
-0.179, -0.228, 1.520
-0.168, -0.242, 1.530
-0.180, -0.241, 1.527
-0.169, -0.255, 1.537
-0.157, -0.256, 1.540
-0.158, -0.269, 1.547
-0.146, -0.284, 1.558
-0.159, -0.283, 1.555
-0.147, -0.297, 1.566
-0.135, -0.298, 1.569
-0.136, -0.312, 1.576
-0.124, -0.327, 1.587
-0.136, -0.326, 1.584
-0.124, -0.341, 1.595
-0.112, -0.357, 1.606
-0.125, -0.356, 1.603
-0.113, -0.371, 1.615
-0.100, -0.372, 1.618
-0.088, -0.388, 1.629
-0.101, -0.387, 1.626
-0.088, -0.403, 1.638
-0.076, -0.419, 1.650
-0.089, -0.418, 1.646
-0.076, -0.434, 1.658
-0.090, -0.449, 1.664
-0.103, -0.464, 1.669
-0.117, -0.479, 1.675
-0.130, -0.478, 1.671
-0.143, -0.477, 1.668
-0.156, -0.476, 1.664
-0.169, -0.459, 1.652
-0.180, -0.443, 1.640
-0.192, -0.427, 1.629
-0.204, -0.411, 1.617
-0.117, -0.463, 1.666
-0.090, -0.465, 1.673
-0.077, -0.450, 1.667
-0.063, -0.435, 1.661
-0.063, -0.451, 1.670
-0.236, -0.350, 1.576
-0.225, -0.365, 1.587
-0.214, -0.380, 1.598
RegionID:7
Center:0.098,-0.431,2.081
Normal:-0.256,0.965,-0.053
NumPatches:21
0.098, -0.437, 1.969
0.083, -0.440, 1.983
0.068, -0.443, 1.998
0.052, -0.447, 2.013
0.054, -0.443, 2.071
0.039, -0.443, 2.150
0.057, -0.435, 2.199
0.074, -0.432, 2.181
0.055, -0.439, 2.134
0.091, -0.428, 2.164
0.107, -0.425, 2.147
0.127, -0.417, 2.195
0.144, -0.414, 2.177
0.124, -0.422, 2.130
0.139, -0.418, 2.113
0.151, -0.419, 2.037
0.132, -0.427, 1.995
0.117, -0.430, 2.010
0.101, -0.433, 2.025
0.135, -0.423, 2.052
0.147, -0.424, 1.980
RegionID:8
Center:0.264,-0.240,1.540
Normal:-0.249,-0.791,-0.558
NumPatches:47
0.310, -0.210, 1.477
0.306, -0.195, 1.458
0.302, -0.181, 1.440
0.288, -0.169, 1.428
0.278, -0.169, 1.433
0.268, -0.170, 1.439
0.257, -0.170, 1.445
0.243, -0.158, 1.432
0.233, -0.158, 1.438
0.222, -0.159, 1.444
0.212, -0.159, 1.449
0.201, -0.160, 1.455
0.192, -0.175, 1.479
0.181, -0.175, 1.485
0.179, -0.161, 1.467
0.190, -0.161, 1.461
0.195, -0.189, 1.499
0.197, -0.203, 1.518
0.200, -0.218, 1.538
0.203, -0.234, 1.559
0.217, -0.249, 1.573
0.205, -0.250, 1.580
0.220, -0.265, 1.595
0.223, -0.281, 1.617
0.226, -0.298, 1.640
0.242, -0.315, 1.656
0.229, -0.316, 1.663
0.245, -0.333, 1.680
0.257, -0.331, 1.672
0.270, -0.330, 1.665
0.282, -0.328, 1.657
0.294, -0.327, 1.650
0.305, -0.325, 1.642
0.317, -0.324, 1.635
0.329, -0.322, 1.628
0.340, -0.321, 1.621
0.347, -0.302, 1.592
0.331, -0.287, 1.577
0.327, -0.271, 1.556
0.322, -0.255, 1.535
0.318, -0.239, 1.515
0.314, -0.224, 1.496
0.342, -0.286, 1.570
0.352, -0.319, 1.614
0.357, -0.337, 1.636
0.254, -0.157, 1.427
0.299, -0.168, 1.422
RegionID:9
Center:-0.257,-0.193,1.586
Normal:-0.410,0.790,-0.456
NumPatches:34
-0.256, -0.219, 1.541
-0.270, -0.220, 1.551
-0.281, -0.231, 1.542
-0.295, -0.233, 1.551
-0.305, -0.244, 1.542
-0.309, -0.234, 1.562
-0.313, -0.225, 1.582
-0.317, -0.215, 1.603
-0.322, -0.205, 1.624
-0.311, -0.193, 1.635
-0.295, -0.192, 1.624
-0.306, -0.203, 1.613
-0.284, -0.180, 1.634
-0.269, -0.178, 1.623
-0.281, -0.190, 1.612
-0.258, -0.167, 1.633
-0.243, -0.165, 1.622
-0.255, -0.177, 1.612
-0.232, -0.153, 1.632
-0.217, -0.152, 1.621
-0.229, -0.164, 1.611
-0.206, -0.140, 1.632
-0.203, -0.151, 1.610
-0.200, -0.162, 1.589
-0.198, -0.173, 1.569
-0.209, -0.184, 1.559
-0.220, -0.195, 1.549
-0.231, -0.206, 1.539
-0.245, -0.208, 1.550
-0.259, -0.209, 1.561
-0.234, -0.196, 1.559
-0.206, -0.194, 1.539
-0.195, -0.183, 1.549
-0.284, -0.222, 1.561
RegionID:10
Center:0.259,-0.084,1.457
Normal:-0.220,0.676,-0.704
NumPatches:42
0.324, -0.033, 1.487
0.313, -0.033, 1.490
0.302, -0.033, 1.493
0.288, -0.045, 1.486
0.275, -0.056, 1.479
0.264, -0.056, 1.483
0.253, -0.056, 1.486
0.240, -0.068, 1.479
0.228, -0.068, 1.482
0.217, -0.068, 1.485
0.204, -0.080, 1.479
0.191, -0.091, 1.472
0.179, -0.103, 1.465
0.180, -0.091, 1.475
0.193, -0.080, 1.482
0.205, -0.068, 1.489
0.189, -0.113, 1.452
0.177, -0.113, 1.455
0.200, -0.113, 1.448
0.211, -0.113, 1.445
0.220, -0.123, 1.432
0.210, -0.123, 1.435
0.231, -0.123, 1.429
0.242, -0.123, 1.426
0.253, -0.122, 1.423
0.264, -0.122, 1.419
0.275, -0.122, 1.416
0.285, -0.122, 1.413
0.298, -0.111, 1.419
0.311, -0.100, 1.426
0.313, -0.089, 1.436
0.315, -0.078, 1.446
0.317, -0.067, 1.456
0.319, -0.056, 1.465
0.322, -0.044, 1.476
0.309, -0.110, 1.417
0.296, -0.121, 1.410
0.241, -0.057, 1.489
0.277, -0.045, 1.490
0.290, -0.033, 1.497
0.292, -0.021, 1.507
0.304, -0.021, 1.504
RegionID:11
Center:0.067,0.045,1.160
Normal:0.599,0.267,-0.755
NumPatches:36
0.068, 0.077, 1.172
0.058, 0.077, 1.163
0.049, 0.076, 1.156
0.039, 0.066, 1.145
0.029, 0.057, 1.134
0.020, 0.066, 1.130
0.030, 0.066, 1.137
0.039, 0.076, 1.148
0.039, 0.057, 1.141
0.048, 0.048, 1.145
0.039, 0.048, 1.138
0.048, 0.039, 1.142
0.057, 0.030, 1.146
0.048, 0.030, 1.139
0.057, 0.021, 1.143
0.067, 0.021, 1.150
0.076, 0.012, 1.155
0.067, 0.011, 1.147
0.076, 0.002, 1.151
0.086, 0.012, 1.163
0.086, 0.021, 1.166
0.097, 0.031, 1.178
0.097, 0.040, 1.181
0.087, 0.049, 1.177
0.077, 0.059, 1.172
0.078, 0.068, 1.176
0.078, 0.078, 1.180
0.068, 0.087, 1.175
0.058, 0.086, 1.167
0.087, 0.059, 1.181
0.097, 0.050, 1.185
0.107, 0.040, 1.190
0.107, 0.031, 1.186
0.096, 0.021, 1.174
0.086, 0.002, 1.159
0.076, -0.007, 1.148
RegionID:12
Center:0.108,0.176,1.035
Normal:0.595,0.265,-0.758
NumPatches:133
0.052, 0.337, 1.047
0.044, 0.325, 1.036
0.035, 0.314, 1.026
0.026, 0.303, 1.015
0.018, 0.291, 1.005
0.010, 0.281, 0.995
0.002, 0.270, 0.985
-0.006, 0.259, 0.975
-0.014, 0.258, 0.969
-0.014, 0.266, 0.972
-0.006, 0.268, 0.978
0.002, 0.279, 0.988
0.010, 0.289, 0.998
0.018, 0.300, 1.008
0.026, 0.312, 1.018
0.035, 0.323, 1.029
-0.006, 0.251, 0.972
0.002, 0.244, 0.976
-0.006, 0.242, 0.969
0.002, 0.235, 0.973
0.010, 0.228, 0.976
0.002, 0.227, 0.970
0.010, 0.220, 0.973
0.018, 0.221, 0.980
0.026, 0.214, 0.984
0.018, 0.213, 0.977
0.025, 0.206, 0.981
0.033, 0.199, 0.984
0.025, 0.197, 0.978
0.033, 0.190, 0.981
0.042, 0.192, 0.988
0.050, 0.184, 0.992
0.041, 0.183, 0.985
0.049, 0.176, 0.989
0.058, 0.169, 0.993
0.049, 0.168, 0.986
0.057, 0.160, 0.989
0.066, 0.161, 0.996
0.074, 0.154, 1.000
0.066, 0.153, 0.993
0.074, 0.146, 0.997
0.082, 0.147, 1.004
0.082, 0.138, 1.001
0.090, 0.131, 1.005
0.082, 0.130, 0.998
0.090, 0.122, 1.002
0.099, 0.123, 1.009
0.099, 0.115, 1.006
0.107, 0.107, 1.010
0.098, 0.106, 1.002
0.107, 0.099, 1.006
0.116, 0.099, 1.014
0.124, 0.092, 1.018
0.115, 0.091, 1.010
0.124, 0.083, 1.014
0.132, 0.075, 1.018
0.123, 0.075, 1.011
0.132, 0.067, 1.015
0.141, 0.067, 1.023
0.150, 0.060, 1.027
0.141, 0.059, 1.019
0.149, 0.051, 1.023
0.159, 0.052, 1.031
0.158, 0.043, 1.028
0.167, 0.035, 1.032
0.158, 0.035, 1.024
0.167, 0.027, 1.028
0.176, 0.027, 1.036
0.166, 0.018, 1.025
0.176, 0.019, 1.033
0.186, 0.027, 1.044
0.196, 0.036, 1.055
0.197, 0.044, 1.059
0.208, 0.054, 1.070
0.219, 0.063, 1.082
0.230, 0.072, 1.095
0.231, 0.081, 1.098
0.231, 0.090, 1.102
0.222, 0.099, 1.097
0.222, 0.108, 1.101
0.213, 0.116, 1.096
0.203, 0.124, 1.092
0.204, 0.134, 1.095
0.194, 0.142, 1.090
0.185, 0.150, 1.086
0.175, 0.158, 1.081
0.176, 0.167, 1.085
0.166, 0.175, 1.080
0.157, 0.183, 1.076
0.148, 0.191, 1.071
0.148, 0.200, 1.075
0.139, 0.208, 1.070
0.130, 0.215, 1.066
0.130, 0.224, 1.069
0.121, 0.232, 1.064
0.112, 0.240, 1.060
0.113, 0.249, 1.064
0.104, 0.256, 1.059
0.095, 0.264, 1.055
0.095, 0.273, 1.058
0.086, 0.280, 1.054
0.078, 0.288, 1.050
0.078, 0.297, 1.053
0.069, 0.304, 1.049
0.061, 0.311, 1.045
0.052, 0.318, 1.041
0.052, 0.328, 1.044
0.061, 0.321, 1.048
0.069, 0.314, 1.052
0.078, 0.306, 1.057
0.087, 0.290, 1.058
0.096, 0.282, 1.062
0.104, 0.266, 1.063
0.113, 0.258, 1.067
0.122, 0.241, 1.068
0.131, 0.234, 1.073
0.140, 0.217, 1.074
0.149, 0.209, 1.078
0.158, 0.192, 1.079
0.167, 0.184, 1.084
0.176, 0.176, 1.088
0.185, 0.159, 1.089
0.195, 0.151, 1.094
0.204, 0.143, 1.099
0.213, 0.125, 1.100
0.223, 0.117, 1.105
0.232, 0.100, 1.106
0.242, 0.091, 1.111
0.229, 0.063, 1.091
0.218, 0.054, 1.079
0.207, 0.045, 1.067
0.196, 0.027, 1.051
0.175, 0.010, 1.029
RegionID:13
Center:-0.038,0.182,1.124
Normal:0.595,0.267,-0.758
NumPatches:43
0.012, 0.169, 1.159
0.002, 0.158, 1.148
-0.007, 0.148, 1.137
-0.016, 0.137, 1.126
-0.025, 0.127, 1.116
-0.033, 0.136, 1.112
-0.042, 0.144, 1.108
-0.051, 0.152, 1.104
-0.059, 0.161, 1.100
-0.060, 0.170, 1.103
-0.068, 0.178, 1.100
-0.068, 0.187, 1.103
-0.077, 0.196, 1.099
-0.085, 0.194, 1.092
-0.085, 0.204, 1.095
-0.077, 0.205, 1.102
-0.069, 0.216, 1.112
-0.061, 0.227, 1.123
-0.052, 0.238, 1.133
-0.043, 0.230, 1.137
-0.052, 0.228, 1.130
-0.060, 0.217, 1.119
-0.069, 0.206, 1.109
-0.069, 0.197, 1.106
-0.043, 0.220, 1.134
-0.034, 0.221, 1.141
-0.025, 0.213, 1.146
-0.034, 0.212, 1.138
-0.025, 0.203, 1.142
-0.016, 0.195, 1.146
-0.025, 0.194, 1.139
-0.016, 0.185, 1.143
-0.007, 0.186, 1.151
0.002, 0.178, 1.155
-0.007, 0.177, 1.147
0.002, 0.168, 1.151
-0.007, 0.157, 1.141
-0.016, 0.147, 1.130
-0.025, 0.137, 1.119
-0.033, 0.145, 1.115
-0.042, 0.153, 1.111
-0.051, 0.162, 1.107
-0.060, 0.179, 1.107
RegionID:14
Center:0.296,0.286,0.787
Normal:0.440,0.877,-0.193
NumPatches:69
0.320, 0.258, 0.712
0.318, 0.260, 0.719
0.316, 0.263, 0.727
0.306, 0.266, 0.719
0.304, 0.269, 0.727
0.302, 0.272, 0.736
0.292, 0.275, 0.728
0.290, 0.278, 0.736
0.287, 0.281, 0.744
0.284, 0.284, 0.753
0.275, 0.287, 0.744
0.272, 0.290, 0.753
0.270, 0.294, 0.762
0.260, 0.297, 0.753
0.257, 0.300, 0.762
0.254, 0.304, 0.771
0.251, 0.307, 0.780
0.242, 0.310, 0.771
0.239, 0.313, 0.780
0.241, 0.319, 0.809
0.237, 0.322, 0.819
0.228, 0.325, 0.809
0.219, 0.327, 0.799
0.222, 0.323, 0.789
0.226, 0.320, 0.780
0.235, 0.317, 0.789
0.232, 0.321, 0.799
0.247, 0.320, 0.829
0.250, 0.316, 0.819
0.257, 0.317, 0.840
0.267, 0.315, 0.850
0.264, 0.319, 0.862
0.274, 0.316, 0.873
0.277, 0.312, 0.862
0.281, 0.308, 0.850
0.284, 0.304, 0.840
0.294, 0.301, 0.850
0.291, 0.305, 0.862
0.297, 0.297, 0.840
0.300, 0.293, 0.829
0.311, 0.290, 0.840
0.308, 0.294, 0.850
0.313, 0.287, 0.829
0.316, 0.283, 0.819
0.327, 0.280, 0.829
0.324, 0.284, 0.840
0.329, 0.277, 0.819
0.331, 0.273, 0.808
0.342, 0.270, 0.818
0.340, 0.273, 0.829
0.344, 0.267, 0.808
0.346, 0.263, 0.798
0.357, 0.260, 0.808
0.355, 0.263, 0.818
0.351, 0.257, 0.779
0.342, 0.257, 0.761
0.335, 0.257, 0.744
0.327, 0.257, 0.727
0.352, 0.254, 0.770
0.359, 0.257, 0.798
0.361, 0.254, 0.788
0.363, 0.251, 0.779
0.374, 0.248, 0.789
0.372, 0.250, 0.798
0.245, 0.306, 0.762
0.263, 0.293, 0.744
0.278, 0.284, 0.736
0.295, 0.272, 0.720
0.309, 0.263, 0.712
RegionID:15
Center:0.423,0.342,0.797
Normal:-0.565,0.146,-0.812
NumPatches:31
0.411, 0.315, 0.800
0.407, 0.317, 0.804
0.407, 0.323, 0.804
0.412, 0.329, 0.802
0.413, 0.336, 0.803
0.418, 0.341, 0.800
0.418, 0.348, 0.801
0.423, 0.353, 0.798
0.424, 0.360, 0.799
0.429, 0.365, 0.797
0.429, 0.372, 0.798
0.434, 0.370, 0.794
0.438, 0.368, 0.791
0.433, 0.363, 0.793
0.428, 0.358, 0.796
0.433, 0.357, 0.792
0.438, 0.362, 0.790
0.437, 0.348, 0.788
0.432, 0.343, 0.791
0.427, 0.338, 0.793
0.422, 0.333, 0.796
0.417, 0.327, 0.798
0.412, 0.322, 0.801
0.416, 0.320, 0.797
0.421, 0.326, 0.795
0.417, 0.334, 0.799
0.426, 0.331, 0.792
0.423, 0.346, 0.798
0.427, 0.345, 0.794
0.432, 0.350, 0.791
0.411, 0.308, 0.799
RegionID:16
Center:0.273,0.318,0.711
Normal:-0.562,0.149,-0.814
NumPatches:69
0.310, 0.278, 0.678
0.306, 0.279, 0.681
0.302, 0.280, 0.684
0.298, 0.287, 0.688
0.294, 0.289, 0.691
0.290, 0.290, 0.694
0.286, 0.291, 0.697
0.281, 0.293, 0.700
0.277, 0.300, 0.704
0.273, 0.302, 0.708
0.269, 0.303, 0.711
0.264, 0.304, 0.714
0.260, 0.306, 0.718
0.255, 0.307, 0.721
0.251, 0.315, 0.725
0.246, 0.316, 0.729
0.242, 0.324, 0.733
0.237, 0.326, 0.737
0.233, 0.327, 0.741
0.228, 0.335, 0.745
0.223, 0.337, 0.749
0.218, 0.339, 0.752
0.213, 0.340, 0.756
0.208, 0.342, 0.760
0.203, 0.350, 0.765
0.198, 0.352, 0.768
0.204, 0.357, 0.766
0.209, 0.355, 0.762
0.214, 0.353, 0.758
0.209, 0.349, 0.761
0.219, 0.351, 0.754
0.224, 0.350, 0.751
0.229, 0.348, 0.747
0.233, 0.346, 0.743
0.238, 0.345, 0.740
0.243, 0.343, 0.736
0.248, 0.341, 0.733
0.252, 0.340, 0.729
0.257, 0.338, 0.725
0.261, 0.336, 0.722
0.266, 0.335, 0.719
0.270, 0.333, 0.715
0.275, 0.332, 0.712
0.279, 0.330, 0.709
0.284, 0.329, 0.705
0.288, 0.327, 0.702
0.292, 0.326, 0.699
0.296, 0.324, 0.696
0.301, 0.323, 0.693
0.305, 0.321, 0.689
0.309, 0.320, 0.686
0.313, 0.318, 0.683
0.317, 0.317, 0.680
0.321, 0.316, 0.677
0.325, 0.314, 0.674
0.321, 0.310, 0.676
0.316, 0.305, 0.679
0.312, 0.301, 0.681
0.316, 0.300, 0.678
0.311, 0.295, 0.680
0.311, 0.289, 0.679
0.311, 0.284, 0.678
0.320, 0.304, 0.676
0.325, 0.308, 0.674
0.233, 0.334, 0.741
0.247, 0.323, 0.730
0.256, 0.313, 0.722
0.282, 0.299, 0.701
0.302, 0.286, 0.684
