NumRegions:7
RegionID:0
Center:-0.002,-0.235,2.130
Normal:0.020,-0.690,-0.723
NumPatches:570
0.045, 0.620, 1.332
0.035, 0.620, 1.332
0.024, 0.620, 1.332
0.013, 0.620, 1.331
0.003, 0.620, 1.331
-0.008, 0.620, 1.331
-0.019, 0.620, 1.331
-0.029, 0.620, 1.331
-0.040, 0.620, 1.330
-0.051, 0.620, 1.330
-0.061, 0.620, 1.330
-0.072, 0.620, 1.330
-0.082, 0.620, 1.330
-0.093, 0.619, 1.329
-0.104, 0.619, 1.329
-0.114, 0.619, 1.329
-0.125, 0.619, 1.329
-0.136, 0.619, 1.329
-0.146, 0.619, 1.328
-0.157, 0.619, 1.328
-0.167, 0.619, 1.328
-0.178, 0.619, 1.328
-0.189, 0.619, 1.328
-0.199, 0.618, 1.327
-0.210, 0.618, 1.327
-0.220, 0.618, 1.327
-0.231, 0.618, 1.327
-0.241, 0.618, 1.327
-0.252, 0.618, 1.326
-0.263, 0.618, 1.326
-0.273, 0.618, 1.326
-0.284, 0.618, 1.326
-0.294, 0.618, 1.326
-0.305, 0.618, 1.326
-0.315, 0.617, 1.325
-0.326, 0.617, 1.325
-0.336, 0.617, 1.325
-0.347, 0.617, 1.325
-0.358, 0.617, 1.325
-0.368, 0.617, 1.324
-0.379, 0.617, 1.324
-0.389, 0.617, 1.324
-0.400, 0.617, 1.324
-0.410, 0.617, 1.324
-0.421, 0.617, 1.323
-0.431, 0.616, 1.323
-0.442, 0.616, 1.323
-0.452, 0.616, 1.323
-0.463, 0.616, 1.323
-0.473, 0.616, 1.322
-0.484, 0.616, 1.322
-0.494, 0.616, 1.322
-0.505, 0.616, 1.322
-0.515, 0.616, 1.322
-0.526, 0.616, 1.321
-0.536, 0.615, 1.321
-0.547, 0.615, 1.321
-0.557, 0.615, 1.321
-0.568, 0.615, 1.321
-0.578, 0.615, 1.320
-0.589, 0.615, 1.320
-0.599, 0.615, 1.320
-0.610, 0.615, 1.320
-0.620, 0.615, 1.320
-0.631, 0.615, 1.319
-0.641, 0.615, 1.319
-0.651, 0.614, 1.319
-0.662, 0.614, 1.319
-0.672, 0.614, 1.319
-0.683, 0.614, 1.319
-0.693, 0.614, 1.318
-0.704, 0.614, 1.318
-0.714, 0.614, 1.318
-0.725, 0.614, 1.318
-0.735, 0.614, 1.318
-0.745, 0.614, 1.317
-0.756, 0.613, 1.317
-0.766, 0.613, 1.317
-0.777, 0.613, 1.317
-0.787, 0.613, 1.317
-0.798, 0.613, 1.316
-0.808, 0.613, 1.316
-0.822, 0.606, 1.322
-0.818, 0.613, 1.316
-0.826, 0.598, 1.329
-0.831, 0.590, 1.335
-0.835, 0.582, 1.342
-0.839, 0.574, 1.349
-0.843, 0.567, 1.356
-0.847, 0.559, 1.363
-0.852, 0.550, 1.369
-0.856, 0.542, 1.377
-0.861, 0.534, 1.384
-0.865, 0.526, 1.391
-0.870, 0.517, 1.398
-0.874, 0.509, 1.406
-0.879, 0.500, 1.413
-0.884, 0.491, 1.421
-0.888, 0.483, 1.428
-0.893, 0.474, 1.436
-0.898, 0.465, 1.444
-0.903, 0.456, 1.452
-0.908, 0.447, 1.460
-0.913, 0.437, 1.468
-0.918, 0.428, 1.476
-0.924, 0.419, 1.485
-0.929, 0.409, 1.493
-0.934, 0.400, 1.502
-0.940, 0.390, 1.511
-0.945, 0.380, 1.519
-0.951, 0.370, 1.528
-0.956, 0.360, 1.538
-0.962, 0.350, 1.547
-0.968, 0.339, 1.556
-0.974, 0.329, 1.565
-0.979, 0.318, 1.575
-0.986, 0.307, 1.585
-0.992, 0.297, 1.595
-0.998, 0.286, 1.605
-1.004, 0.274, 1.615
-1.010, 0.263, 1.625
-1.017, 0.252, 1.635
-1.024, 0.240, 1.646
-1.030, 0.229, 1.656
-1.037, 0.217, 1.667
-1.044, 0.205, 1.678
-1.051, 0.193, 1.689
-1.057, 0.180, 1.700
-1.065, 0.168, 1.712
-1.072, 0.155, 1.723
-1.079, 0.142, 1.735
-1.087, 0.129, 1.747
-1.094, 0.116, 1.759
-1.102, 0.103, 1.772
-1.110, 0.089, 1.784
-1.118, 0.075, 1.797
-1.126, 0.062, 1.810
-1.134, 0.047, 1.823
-1.142, 0.033, 1.836
-1.150, 0.018, 1.850
-1.159, 0.004, 1.864
-1.168, -0.011, 1.878
-1.177, -0.026, 1.892
-1.185, -0.042, 1.906
-1.195, -0.058, 1.921
-1.204, -0.074, 1.936
-1.213, -0.090, 1.951
-1.223, -0.106, 1.966
-1.233, -0.123, 1.982
-1.242, -0.140, 1.998
-1.253, -0.157, 2.014
-1.263, -0.175, 2.030
-1.273, -0.192, 2.047
-1.284, -0.211, 2.064
-1.295, -0.229, 2.082
-1.305, -0.248, 2.099
-1.317, -0.267, 2.117
-1.328, -0.286, 2.135
-1.340, -0.306, 2.154
-1.351, -0.326, 2.173
-1.363, -0.346, 2.192
-1.376, -0.367, 2.212
-1.388, -0.388, 2.232
-1.401, -0.410, 2.252
-1.414, -0.432, 2.273
-1.427, -0.454, 2.294
-1.441, -0.477, 2.316
-1.454, -0.500, 2.338
-1.468, -0.524, 2.361
-1.483, -0.548, 2.384
-1.497, -0.573, 2.407
-1.512, -0.598, 2.431
-1.527, -0.624, 2.455
-1.543, -0.650, 2.480
-1.558, -0.676, 2.506
-1.575, -0.704, 2.532
-1.591, -0.732, 2.558
-1.608, -0.760, 2.585
-1.625, -0.789, 2.613
-1.643, -0.819, 2.641
-1.661, -0.849, 2.670
-1.679, -0.880, 2.700
-1.698, -0.912, 2.730
-1.717, -0.944, 2.761
-1.737, -0.978, 2.793
-1.758, -1.012, 2.826
-1.778, -1.046, 2.859
-1.799, -1.082, 2.893
-1.821, -1.119, 2.928
-1.843, -1.156, 2.964
-1.866, -1.194, 3.001
-1.890, -1.233, 3.038
-1.914, -1.274, 3.077
-1.938, -1.315, 3.117
-1.964, -1.358, 3.157
-1.990, -1.401, 3.199
-2.016, -1.446, 3.242
-2.044, -1.492, 3.286
-2.046, -1.540, 3.332
-2.072, -1.539, 3.331
-2.020, -1.540, 3.334
-1.994, -1.541, 3.335
-1.969, -1.541, 3.336
-1.943, -1.542, 3.338
-1.917, -1.543, 3.339
-1.891, -1.543, 3.341
-1.865, -1.544, 3.342
-1.839, -1.544, 3.343
-1.813, -1.545, 3.344
-1.787, -1.546, 3.346
-1.761, -1.546, 3.347
-1.734, -1.547, 3.348
-1.708, -1.548, 3.350
-1.682, -1.548, 3.351
-1.656, -1.549, 3.352
-1.630, -1.549, 3.354
-1.604, -1.550, 3.355
-1.577, -1.551, 3.356
-1.551, -1.551, 3.358
-1.525, -1.552, 3.359
-1.499, -1.552, 3.360
-1.472, -1.553, 3.362
-1.446, -1.554, 3.363
-1.420, -1.554, 3.364
-1.393, -1.555, 3.366
-1.367, -1.555, 3.367
-1.341, -1.556, 3.368
-1.314, -1.557, 3.370
-1.288, -1.557, 3.371
-1.261, -1.558, 3.372
-1.235, -1.559, 3.374
-1.208, -1.559, 3.375
-1.182, -1.560, 3.376
-1.155, -1.560, 3.378
-1.129, -1.561, 3.379
-1.102, -1.562, 3.380
-1.075, -1.562, 3.382
-1.049, -1.563, 3.383
-1.022, -1.564, 3.385
-0.995, -1.564, 3.386
-0.969, -1.565, 3.387
-0.942, -1.566, 3.388
-0.915, -1.566, 3.390
-0.888, -1.567, 3.391
-0.862, -1.567, 3.393
-0.835, -1.568, 3.394
-0.808, -1.569, 3.395
-0.781, -1.569, 3.397
-0.754, -1.570, 3.398
-0.727, -1.571, 3.400
-0.701, -1.571, 3.401
-0.674, -1.572, 3.402
-0.647, -1.572, 3.404
-0.620, -1.573, 3.405
-0.593, -1.574, 3.406
-0.566, -1.574, 3.408
-0.539, -1.575, 3.409
-0.512, -1.575, 3.410
-0.484, -1.576, 3.411
-0.457, -1.577, 3.413
-0.430, -1.577, 3.414
-0.403, -1.578, 3.416
-0.376, -1.579, 3.417
-0.349, -1.579, 3.418
-0.321, -1.580, 3.420
-0.294, -1.581, 3.421
-0.267, -1.581, 3.423
-0.240, -1.582, 3.424
-0.212, -1.582, 3.425
-0.185, -1.583, 3.427
-0.158, -1.584, 3.428
-0.130, -1.584, 3.430
-0.103, -1.585, 3.431
-0.076, -1.586, 3.432
-0.048, -1.586, 3.434
-0.021, -1.587, 3.435
0.007, -1.588, 3.436
0.034, -1.588, 3.438
0.062, -1.589, 3.439
0.089, -1.590, 3.441
0.117, -1.590, 3.442
0.145, -1.591, 3.443
0.172, -1.591, 3.445
0.200, -1.592, 3.446
0.228, -1.593, 3.447
0.255, -1.593, 3.449
0.283, -1.594, 3.450
0.311, -1.595, 3.452
0.338, -1.595, 3.453
0.366, -1.596, 3.454
0.394, -1.597, 3.456
0.422, -1.597, 3.457
0.450, -1.598, 3.459
0.477, -1.599, 3.460
0.505, -1.599, 3.462
0.533, -1.600, 3.463
0.561, -1.601, 3.464
0.589, -1.601, 3.466
0.617, -1.602, 3.467
0.645, -1.602, 3.469
0.673, -1.603, 3.470
0.701, -1.604, 3.471
0.729, -1.605, 3.473
0.757, -1.605, 3.474
0.785, -1.606, 3.476
0.814, -1.606, 3.477
0.842, -1.607, 3.478
0.870, -1.608, 3.480
0.898, -1.608, 3.481
0.926, -1.609, 3.483
0.955, -1.610, 3.484
0.983, -1.610, 3.486
1.011, -1.611, 3.487
1.039, -1.612, 3.488
1.068, -1.612, 3.490
1.096, -1.613, 3.491
1.125, -1.614, 3.493
1.153, -1.614, 3.494
1.182, -1.615, 3.496
1.210, -1.616, 3.497
1.238, -1.616, 3.499
1.267, -1.617, 3.500
1.295, -1.618, 3.501
1.324, -1.618, 3.503
1.353, -1.619, 3.504
1.381, -1.620, 3.506
1.410, -1.620, 3.507
1.438, -1.621, 3.509
1.467, -1.622, 3.510
1.496, -1.622, 3.512
1.525, -1.623, 3.513
1.553, -1.624, 3.515
1.582, -1.624, 3.516
1.611, -1.625, 3.517
1.640, -1.626, 3.519
1.669, -1.626, 3.520
1.697, -1.627, 3.522
1.726, -1.628, 3.523
1.755, -1.628, 3.525
1.784, -1.629, 3.526
1.813, -1.630, 3.528
1.842, -1.630, 3.529
1.871, -1.631, 3.530
1.900, -1.632, 3.532
1.929, -1.633, 3.534
1.958, -1.633, 3.535
1.988, -1.634, 3.537
2.016, -1.634, 3.537
2.046, -1.635, 3.540
2.075, -1.636, 3.541
2.104, -1.637, 3.543
2.133, -1.637, 3.544
2.163, -1.638, 3.546
2.192, -1.639, 3.547
2.189, -1.588, 3.497
2.158, -1.537, 3.447
2.127, -1.489, 3.399
2.098, -1.441, 3.351
2.069, -1.395, 3.305
2.041, -1.350, 3.261
2.014, -1.306, 3.217
1.988, -1.264, 3.175
1.962, -1.222, 3.134
1.937, -1.182, 3.094
1.912, -1.143, 3.055
1.889, -1.104, 3.017
1.865, -1.067, 2.980
1.843, -1.030, 2.944
1.821, -0.995, 2.909
1.799, -0.960, 2.874
1.778, -0.926, 2.841
1.758, -0.893, 2.808
1.737, -0.860, 2.776
1.718, -0.829, 2.744
1.699, -0.798, 2.714
1.680, -0.768, 2.684
1.662, -0.738, 2.655
1.644, -0.709, 2.626
1.626, -0.681, 2.598
1.609, -0.653, 2.571
1.592, -0.626, 2.544
1.576, -0.599, 2.518
1.560, -0.573, 2.492
1.544, -0.548, 2.467
1.529, -0.523, 2.442
1.514, -0.498, 2.418
1.499, -0.474, 2.395
1.484, -0.451, 2.371
1.470, -0.427, 2.349
1.456, -0.405, 2.326
1.443, -0.383, 2.305
1.429, -0.361, 2.283
1.416, -0.339, 2.262
1.403, -0.318, 2.242
1.391, -0.298, 2.222
1.378, -0.277, 2.202
1.366, -0.258, 2.182
1.354, -0.238, 2.163
1.342, -0.219, 2.145
1.331, -0.200, 2.126
1.319, -0.181, 2.108
1.308, -0.163, 2.090
1.297, -0.145, 2.073
1.287, -0.127, 2.056
1.276, -0.110, 2.039
1.266, -0.093, 2.022
1.256, -0.076, 2.006
1.246, -0.060, 1.990
1.236, -0.043, 1.974
1.226, -0.027, 1.959
1.216, -0.012, 1.943
1.207, 0.004, 1.928
1.198, 0.019, 1.914
1.189, 0.034, 1.899
1.180, 0.049, 1.885
1.171, 0.064, 1.871
1.162, 0.078, 1.857
1.154, 0.092, 1.844
1.145, 0.106, 1.830
1.137, 0.120, 1.817
1.129, 0.133, 1.804
1.121, 0.147, 1.791
1.113, 0.160, 1.778
1.106, 0.173, 1.766
1.098, 0.186, 1.754
1.090, 0.199, 1.742
1.083, 0.211, 1.730
1.075, 0.223, 1.718
1.068, 0.236, 1.707
1.061, 0.248, 1.695
1.054, 0.259, 1.684
1.047, 0.271, 1.673
1.041, 0.283, 1.662
1.034, 0.294, 1.651
1.027, 0.305, 1.641
1.021, 0.316, 1.631
1.014, 0.327, 1.621
1.008, 0.338, 1.610
1.002, 0.349, 1.600
0.996, 0.359, 1.591
0.989, 0.370, 1.581
0.983, 0.380, 1.571
0.977, 0.390, 1.562
0.972, 0.400, 1.552
0.966, 0.410, 1.543
0.960, 0.420, 1.534
0.954, 0.430, 1.525
0.949, 0.440, 1.516
0.943, 0.449, 1.507
0.938, 0.459, 1.499
0.933, 0.468, 1.490
0.928, 0.477, 1.482
0.922, 0.486, 1.473
0.917, 0.495, 1.465
0.912, 0.504, 1.457
0.907, 0.513, 1.449
0.902, 0.522, 1.441
0.897, 0.530, 1.433
0.892, 0.539, 1.425
0.888, 0.547, 1.418
0.883, 0.556, 1.410
0.878, 0.564, 1.403
0.874, 0.572, 1.396
0.869, 0.580, 1.388
0.865, 0.588, 1.381
0.860, 0.596, 1.374
0.856, 0.604, 1.367
0.851, 0.612, 1.360
0.847, 0.620, 1.353
0.832, 0.627, 1.347
0.821, 0.627, 1.346
0.810, 0.627, 1.346
0.799, 0.627, 1.345
0.788, 0.627, 1.345
0.778, 0.627, 1.345
0.767, 0.627, 1.345
0.756, 0.627, 1.345
0.745, 0.627, 1.345
0.734, 0.627, 1.345
0.723, 0.627, 1.345
0.712, 0.626, 1.344
0.701, 0.626, 1.344
0.691, 0.626, 1.344
0.680, 0.626, 1.344
0.669, 0.626, 1.343
0.658, 0.626, 1.343
0.647, 0.626, 1.343
0.636, 0.626, 1.343
0.626, 0.626, 1.343
0.615, 0.625, 1.342
0.604, 0.625, 1.342
0.593, 0.625, 1.342
0.582, 0.625, 1.342
0.571, 0.625, 1.342
0.561, 0.625, 1.341
0.550, 0.625, 1.341
0.539, 0.625, 1.341
0.528, 0.625, 1.341
0.517, 0.625, 1.341
0.507, 0.625, 1.340
0.496, 0.624, 1.340
0.485, 0.624, 1.340
0.474, 0.624, 1.340
0.463, 0.624, 1.340
0.453, 0.624, 1.340
0.442, 0.624, 1.339
0.431, 0.624, 1.339
0.420, 0.624, 1.339
0.410, 0.624, 1.339
0.399, 0.624, 1.339
0.388, 0.624, 1.338
0.377, 0.623, 1.338
0.368, 0.616, 1.345
0.359, 0.608, 1.351
0.350, 0.600, 1.358
0.341, 0.592, 1.364
0.332, 0.584, 1.371
0.322, 0.576, 1.378
0.333, 0.576, 1.378
0.324, 0.568, 1.385
0.315, 0.560, 1.392
0.305, 0.551, 1.399
0.295, 0.543, 1.406
0.284, 0.543, 1.406
0.273, 0.543, 1.406
0.261, 0.543, 1.406
0.252, 0.534, 1.413
0.240, 0.534, 1.413
0.229, 0.534, 1.412
0.219, 0.525, 1.420
0.207, 0.525, 1.419
0.196, 0.525, 1.419
0.184, 0.525, 1.419
0.173, 0.525, 1.419
0.163, 0.516, 1.426
0.151, 0.516, 1.426
0.140, 0.516, 1.426
0.128, 0.516, 1.425
0.117, 0.516, 1.425
0.105, 0.516, 1.425
0.094, 0.516, 1.425
0.083, 0.516, 1.425
0.082, 0.524, 1.417
0.070, 0.533, 1.409
0.070, 0.541, 1.402
0.070, 0.549, 1.395
0.069, 0.558, 1.387
0.058, 0.566, 1.380
0.058, 0.574, 1.373
0.057, 0.582, 1.366
0.057, 0.590, 1.359
0.046, 0.597, 1.352
0.046, 0.605, 1.345
0.046, 0.613, 1.339
0.057, 0.598, 1.352
0.069, 0.566, 1.380
0.082, 0.533, 1.409
0.162, 0.525, 1.418
0.217, 0.534, 1.412
0.250, 0.542, 1.405
0.294, 0.551, 1.399
0.316, 0.551, 1.399
0.326, 0.560, 1.392
0.343, 0.584, 1.371
0.352, 0.592, 1.365
0.348, 0.608, 1.351
0.358, 0.616, 1.344
0.366, 0.623, 1.338
0.843, 0.627, 1.347
2.221, -1.639, 3.548
RegionID:1
Center:0.024,-0.243,1.560
Normal:-0.229,0.822,-0.521
NumPatches:40
0.055, -0.203, 1.610
0.042, -0.214, 1.598
0.029, -0.215, 1.603
0.016, -0.215, 1.607
0.003, -0.227, 1.596
-0.010, -0.227, 1.600
-0.022, -0.238, 1.588
-0.035, -0.249, 1.577
-0.047, -0.250, 1.581
-0.048, -0.240, 1.597
-0.035, -0.239, 1.593
-0.022, -0.228, 1.605
-0.034, -0.259, 1.561
-0.022, -0.268, 1.541
-0.034, -0.269, 1.545
-0.021, -0.278, 1.526
-0.009, -0.286, 1.507
-0.021, -0.287, 1.511
0.003, -0.276, 1.518
0.015, -0.275, 1.513
0.003, -0.285, 1.503
0.027, -0.265, 1.524
0.040, -0.264, 1.520
0.027, -0.275, 1.509
0.052, -0.254, 1.531
0.064, -0.253, 1.526
0.052, -0.264, 1.516
0.076, -0.253, 1.522
0.089, -0.242, 1.533
0.078, -0.233, 1.553
0.078, -0.223, 1.569
0.067, -0.213, 1.589
0.067, -0.202, 1.605
0.055, -0.192, 1.627
0.042, -0.203, 1.615
0.079, -0.212, 1.585
0.090, -0.232, 1.549
0.101, -0.242, 1.529
0.088, -0.252, 1.518
0.003, -0.216, 1.612
RegionID:2
Center:0.202,0.086,1.526
Normal:-0.245,-0.493,-0.835
NumPatches:77
0.200, 0.223, 1.447
0.189, 0.213, 1.456
0.179, 0.202, 1.465
0.190, 0.202, 1.462
0.179, 0.191, 1.470
0.180, 0.180, 1.477
0.169, 0.169, 1.487
0.181, 0.169, 1.483
0.170, 0.158, 1.493
0.159, 0.147, 1.502
0.171, 0.147, 1.499
0.160, 0.136, 1.509
0.161, 0.124, 1.516
0.149, 0.113, 1.526
0.161, 0.113, 1.522
0.150, 0.101, 1.532
0.151, 0.089, 1.539
0.139, 0.077, 1.549
0.151, 0.077, 1.546
0.140, 0.065, 1.556
0.128, 0.053, 1.567
0.141, 0.053, 1.563
0.129, 0.041, 1.574
0.130, 0.028, 1.581
0.118, 0.016, 1.592
0.130, 0.016, 1.589
0.118, 0.003, 1.600
0.119, -0.010, 1.607
0.132, -0.023, 1.611
0.120, -0.023, 1.615
0.145, -0.023, 1.607
0.157, -0.022, 1.604
0.170, -0.035, 1.607
0.158, -0.035, 1.611
0.183, -0.035, 1.604
0.196, -0.048, 1.607
0.184, -0.048, 1.611
0.209, -0.048, 1.604
0.221, -0.048, 1.600
0.232, -0.035, 1.589
0.231, -0.022, 1.582
0.242, -0.009, 1.571
0.241, 0.003, 1.564
0.240, 0.016, 1.557
0.250, 0.028, 1.546
0.249, 0.040, 1.539
0.260, 0.052, 1.529
0.259, 0.064, 1.522
0.258, 0.076, 1.516
0.257, 0.088, 1.509
0.255, 0.099, 1.503
0.254, 0.111, 1.496
0.253, 0.122, 1.490
0.252, 0.133, 1.483
0.251, 0.145, 1.477
0.261, 0.156, 1.468
0.260, 0.167, 1.462
0.259, 0.178, 1.456
0.258, 0.188, 1.449
0.257, 0.199, 1.444
0.245, 0.210, 1.441
0.234, 0.211, 1.444
0.222, 0.222, 1.441
0.211, 0.222, 1.444
0.199, 0.233, 1.441
0.188, 0.223, 1.449
0.188, 0.234, 1.444
0.233, 0.221, 1.438
0.256, 0.210, 1.438
0.262, 0.144, 1.474
0.269, 0.076, 1.512
0.270, 0.064, 1.519
0.261, 0.040, 1.536
0.252, 0.016, 1.553
0.243, -0.022, 1.578
0.233, -0.048, 1.596
0.222, -0.061, 1.608
RegionID:3
Center:-0.210,0.042,0.975
Normal:-0.054,-0.936,-0.348
NumPatches:51
-0.143, 0.026, 1.006
-0.151, 0.026, 1.007
-0.163, 0.019, 1.030
-0.171, 0.019, 1.031
-0.180, 0.019, 1.032
-0.188, 0.019, 1.033
-0.197, 0.019, 1.035
-0.205, 0.019, 1.036
-0.214, 0.019, 1.037
-0.222, 0.019, 1.039
-0.231, 0.019, 1.040
-0.239, 0.019, 1.041
-0.248, 0.019, 1.042
-0.257, 0.019, 1.044
-0.265, 0.019, 1.045
-0.268, 0.027, 1.024
-0.271, 0.034, 1.004
-0.274, 0.041, 0.985
-0.276, 0.048, 0.967
-0.279, 0.055, 0.949
-0.282, 0.062, 0.932
-0.274, 0.061, 0.931
-0.266, 0.061, 0.930
-0.258, 0.061, 0.929
-0.271, 0.055, 0.948
-0.268, 0.048, 0.966
-0.266, 0.041, 0.984
-0.263, 0.034, 1.003
-0.260, 0.027, 1.023
-0.251, 0.061, 0.928
-0.243, 0.061, 0.927
-0.235, 0.061, 0.926
-0.228, 0.061, 0.925
-0.220, 0.061, 0.924
-0.212, 0.061, 0.923
-0.205, 0.061, 0.922
-0.197, 0.061, 0.921
-0.190, 0.061, 0.920
-0.182, 0.061, 0.919
-0.174, 0.061, 0.918
-0.167, 0.061, 0.917
-0.159, 0.060, 0.916
-0.152, 0.060, 0.915
-0.147, 0.054, 0.932
-0.155, 0.054, 0.933
-0.150, 0.047, 0.950
-0.142, 0.047, 0.949
-0.145, 0.041, 0.967
-0.140, 0.033, 0.986
-0.148, 0.034, 0.987
-0.159, 0.026, 1.008
RegionID:4
Center:0.340,0.245,1.205
Normal:-0.651,-0.092,-0.753
NumPatches:111
0.367, 0.089, 1.200
0.360, 0.080, 1.208
0.353, 0.071, 1.216
0.345, 0.071, 1.222
0.337, 0.071, 1.229
0.329, 0.082, 1.235
0.320, 0.082, 1.242
0.312, 0.082, 1.250
0.304, 0.083, 1.257
0.295, 0.093, 1.263
0.287, 0.094, 1.270
0.279, 0.095, 1.278
0.270, 0.105, 1.284
0.261, 0.106, 1.292
0.261, 0.116, 1.291
0.269, 0.126, 1.282
0.269, 0.136, 1.281
0.269, 0.146, 1.280
0.268, 0.156, 1.279
0.268, 0.166, 1.277
0.268, 0.176, 1.276
0.276, 0.185, 1.268
0.276, 0.195, 1.267
0.276, 0.205, 1.266
0.276, 0.215, 1.265
0.284, 0.224, 1.256
0.284, 0.233, 1.255
0.283, 0.243, 1.254
0.283, 0.253, 1.253
0.283, 0.263, 1.252
0.291, 0.271, 1.244
0.291, 0.281, 1.243
0.291, 0.291, 1.242
0.290, 0.300, 1.241
0.290, 0.310, 1.240
0.290, 0.320, 1.239
0.298, 0.327, 1.231
0.298, 0.337, 1.230
0.297, 0.347, 1.229
0.297, 0.356, 1.228
0.297, 0.366, 1.227
0.305, 0.373, 1.220
0.305, 0.383, 1.219
0.304, 0.392, 1.218
0.304, 0.402, 1.217
0.304, 0.411, 1.216
0.312, 0.409, 1.209
0.320, 0.406, 1.203
0.328, 0.404, 1.196
0.336, 0.402, 1.190
0.343, 0.400, 1.184
0.351, 0.398, 1.178
0.358, 0.396, 1.171
0.366, 0.394, 1.165
0.373, 0.392, 1.159
0.380, 0.390, 1.153
0.388, 0.388, 1.147
0.395, 0.386, 1.141
0.402, 0.384, 1.136
0.409, 0.382, 1.130
0.416, 0.380, 1.124
0.409, 0.373, 1.131
0.410, 0.364, 1.132
0.410, 0.355, 1.132
0.410, 0.347, 1.133
0.403, 0.340, 1.140
0.410, 0.338, 1.134
0.404, 0.331, 1.140
0.404, 0.322, 1.141
0.404, 0.313, 1.141
0.404, 0.304, 1.143
0.398, 0.296, 1.149
0.405, 0.295, 1.144
0.398, 0.287, 1.150
0.391, 0.280, 1.157
0.398, 0.278, 1.151
0.391, 0.271, 1.158
0.392, 0.262, 1.159
0.392, 0.253, 1.159
0.392, 0.244, 1.160
0.385, 0.236, 1.167
0.392, 0.235, 1.161
0.385, 0.227, 1.168
0.386, 0.217, 1.169
0.386, 0.208, 1.170
0.386, 0.199, 1.171
0.379, 0.191, 1.178
0.387, 0.190, 1.171
0.379, 0.181, 1.179
0.380, 0.172, 1.179
0.380, 0.163, 1.180
0.380, 0.154, 1.181
0.373, 0.145, 1.188
0.381, 0.144, 1.182
0.373, 0.136, 1.189
0.374, 0.126, 1.190
0.374, 0.117, 1.191
0.367, 0.108, 1.199
0.374, 0.107, 1.192
0.367, 0.098, 1.200
0.360, 0.089, 1.207
0.305, 0.364, 1.220
0.298, 0.318, 1.232
0.291, 0.261, 1.245
0.284, 0.214, 1.257
0.277, 0.175, 1.269
0.269, 0.115, 1.283
0.278, 0.105, 1.277
0.304, 0.093, 1.256
0.337, 0.081, 1.228
0.360, 0.070, 1.209
RegionID:5
Center:-0.218,0.233,0.969
Normal:-0.144,0.421,-0.896
NumPatches:126
-0.259, 0.081, 0.905
-0.267, 0.089, 0.909
-0.274, 0.082, 0.907
-0.283, 0.089, 0.912
-0.290, 0.089, 0.913
-0.298, 0.090, 0.914
-0.299, 0.097, 0.918
-0.293, 0.105, 0.921
-0.294, 0.113, 0.925
-0.295, 0.121, 0.929
-0.289, 0.129, 0.932
-0.290, 0.137, 0.936
-0.291, 0.145, 0.940
-0.292, 0.153, 0.943
-0.294, 0.161, 0.948
-0.295, 0.169, 0.952
-0.288, 0.178, 0.955
-0.289, 0.186, 0.959
-0.291, 0.195, 0.963
-0.292, 0.203, 0.968
-0.285, 0.212, 0.970
-0.287, 0.220, 0.975
-0.288, 0.229, 0.979
-0.289, 0.238, 0.983
-0.290, 0.247, 0.988
-0.292, 0.256, 0.992
-0.284, 0.265, 0.995
-0.286, 0.274, 1.000
-0.287, 0.283, 1.004
-0.288, 0.292, 1.009
-0.290, 0.302, 1.013
-0.283, 0.311, 1.016
-0.284, 0.321, 1.021
-0.285, 0.330, 1.026
-0.286, 0.340, 1.030
-0.288, 0.350, 1.035
-0.280, 0.359, 1.038
-0.282, 0.369, 1.043
-0.283, 0.379, 1.048
-0.284, 0.390, 1.053
-0.286, 0.400, 1.058
-0.277, 0.399, 1.056
-0.268, 0.399, 1.054
-0.259, 0.398, 1.053
-0.250, 0.397, 1.051
-0.241, 0.397, 1.049
-0.233, 0.396, 1.048
-0.224, 0.395, 1.046
-0.215, 0.395, 1.044
-0.206, 0.394, 1.043
-0.199, 0.404, 1.046
-0.190, 0.403, 1.044
-0.198, 0.393, 1.041
-0.181, 0.402, 1.042
-0.173, 0.402, 1.041
-0.164, 0.401, 1.039
-0.156, 0.400, 1.037
-0.147, 0.400, 1.036
-0.139, 0.399, 1.034
-0.146, 0.390, 1.031
-0.146, 0.380, 1.026
-0.145, 0.370, 1.022
-0.144, 0.360, 1.017
-0.144, 0.350, 1.013
-0.143, 0.341, 1.008
-0.142, 0.331, 1.003
-0.142, 0.322, 0.999
-0.149, 0.313, 0.996
-0.141, 0.312, 0.994
-0.149, 0.303, 0.992
-0.148, 0.294, 0.987
-0.147, 0.285, 0.983
-0.147, 0.276, 0.978
-0.146, 0.267, 0.974
-0.153, 0.258, 0.971
-0.145, 0.258, 0.970
-0.153, 0.249, 0.967
-0.152, 0.241, 0.963
-0.151, 0.232, 0.959
-0.151, 0.223, 0.954
-0.150, 0.215, 0.950
-0.149, 0.206, 0.946
-0.149, 0.198, 0.942
-0.148, 0.189, 0.938
-0.147, 0.181, 0.934
-0.147, 0.173, 0.930
-0.154, 0.165, 0.927
-0.146, 0.165, 0.926
-0.153, 0.157, 0.923
-0.153, 0.149, 0.919
-0.152, 0.141, 0.915
-0.151, 0.133, 0.912
-0.158, 0.125, 0.909
-0.151, 0.125, 0.908
-0.157, 0.118, 0.905
-0.157, 0.110, 0.901
-0.156, 0.102, 0.897
-0.163, 0.095, 0.895
-0.170, 0.095, 0.896
-0.178, 0.095, 0.897
-0.185, 0.095, 0.899
-0.192, 0.095, 0.900
-0.199, 0.088, 0.897
-0.207, 0.088, 0.899
-0.214, 0.088, 0.900
-0.222, 0.088, 0.901
-0.229, 0.088, 0.903
-0.236, 0.081, 0.900
-0.244, 0.089, 0.905
-0.252, 0.089, 0.907
-0.260, 0.089, 0.908
-0.268, 0.097, 0.913
-0.276, 0.097, 0.914
-0.284, 0.097, 0.916
-0.291, 0.097, 0.917
-0.237, 0.089, 0.904
-0.200, 0.096, 0.901
-0.198, 0.080, 0.894
-0.191, 0.080, 0.893
-0.155, 0.095, 0.894
-0.279, 0.349, 1.034
-0.281, 0.301, 1.012
-0.283, 0.256, 0.991
-0.284, 0.203, 0.966
-0.287, 0.169, 0.951
-0.288, 0.121, 0.928
RegionID:6
Center:0.180,0.490,1.125
Normal:-0.261,0.964,-0.042
NumPatches:50
0.129, 0.481, 1.221
0.119, 0.478, 1.213
0.116, 0.476, 1.183
0.123, 0.477, 1.163
0.120, 0.475, 1.136
0.127, 0.476, 1.117
0.124, 0.474, 1.092
0.131, 0.475, 1.074
0.128, 0.473, 1.052
0.126, 0.472, 1.030
0.132, 0.473, 1.015
0.141, 0.475, 1.020
0.135, 0.474, 1.036
0.150, 0.478, 1.026
0.159, 0.481, 1.032
0.168, 0.483, 1.038
0.177, 0.486, 1.043
0.187, 0.489, 1.050
0.196, 0.492, 1.056
0.206, 0.495, 1.062
0.216, 0.498, 1.068
0.226, 0.501, 1.074
0.236, 0.504, 1.081
0.246, 0.507, 1.087
0.241, 0.506, 1.105
0.236, 0.505, 1.123
0.246, 0.509, 1.131
0.241, 0.508, 1.150
0.236, 0.508, 1.170
0.231, 0.507, 1.191
0.225, 0.506, 1.212
0.214, 0.503, 1.204
0.208, 0.503, 1.226
0.197, 0.499, 1.218
0.186, 0.496, 1.210
0.175, 0.493, 1.202
0.169, 0.492, 1.224
0.158, 0.489, 1.215
0.147, 0.485, 1.207
0.137, 0.482, 1.199
0.126, 0.479, 1.191
0.165, 0.489, 1.194
0.203, 0.500, 1.196
0.237, 0.510, 1.221
0.242, 0.511, 1.199
0.247, 0.511, 1.177
0.251, 0.509, 1.112
0.256, 0.510, 1.094
0.134, 0.477, 1.099
0.130, 0.478, 1.143
