NumRegions:10
RegionID:-1
Center:2.035,-1.151,-0.461
Normal:0.312,0.002,-0.950
NumPatches:16
1.962, -2.988, -0.489
3.014, -2.046, -0.142
3.715, -1.012, 0.090
3.729, -0.918, 0.095
3.740, -0.824, 0.099
3.735, -0.444, 0.098
3.717, -0.028, 0.092
3.710, 0.041, 0.090
2.322, 0.503, -0.364
2.085, 0.528, -0.442
1.743, 0.378, -0.554
1.517, 0.119, -0.629
0.916, -1.442, -0.829
0.786, -1.898, -0.872
1.174, -2.922, -0.747
1.458, -3.171, -0.654
RegionID:-1
Center:1.405,2.192,-0.674
Normal:0.314,-0.001,-0.949
NumPatches:13
1.655, 1.602, -0.591
1.835, 1.769, -0.531
2.071, 2.581, -0.454
2.045, 2.683, -0.463
1.940, 3.065, -0.498
1.872, 3.311, -0.521
1.848, 3.362, -0.529
1.045, 3.166, -0.795
0.748, 2.274, -0.892
0.817, 1.848, -0.869
0.833, 1.820, -0.863
1.240, 1.535, -0.728
1.462, 1.485, -0.655
RegionID:-1
Center:-3.686,1.281,-0.519
Normal:-0.913,-0.284,-0.292
NumPatches:13
-3.408, 0.720, -0.843
-3.942, 2.781, -1.181
-3.981, 2.931, -1.203
-4.129, 3.199, -1.002
-4.227, 3.257, -0.752
-4.176, 2.796, -0.463
-3.695, 0.925, -0.146
-3.547, 0.438, -0.135
-3.477, 0.211, -0.133
-3.462, 0.165, -0.133
-3.447, 0.117, -0.136
-3.340, 0.111, -0.462
-3.305, 0.165, -0.623
RegionID:-1
Center:-2.027,3.938,-0.700
Normal:-0.897,0.334,-0.290
NumPatches:7
-2.132, 3.740, -0.603
-1.993, 3.737, -1.037
-1.937, 3.866, -1.060
-1.821, 4.137, -1.107
-2.104, 4.171, -0.192
-2.128, 4.111, -0.186
-2.196, 3.752, -0.390
RegionID:-1
Center:-0.296,2.600,-0.356
Normal:-0.213,0.972,-0.097
NumPatches:8
-0.486, 2.552, -0.417
-0.324, 2.587, -0.426
-0.095, 2.636, -0.436
-0.121, 2.645, -0.287
-0.252, 2.617, -0.280
-0.287, 2.609, -0.279
-0.323, 2.602, -0.279
-0.487, 2.565, -0.283
RegionID:-1
Center:-3.281,-0.688,-0.118
Normal:-0.923,-0.280,-0.264
NumPatches:11
-3.235, -0.662, -0.302
-3.248, -0.621, -0.302
-3.273, -0.539, -0.300
-3.321, -0.542, -0.132
-3.379, -0.550, 0.079
-3.367, -0.591, 0.081
-3.354, -0.633, 0.081
-3.316, -0.759, 0.081
-3.302, -0.801, 0.079
-3.232, -0.837, -0.130
-3.187, -0.824, -0.299
RegionID:-1
Center:0.129,5.005,1.050
Normal:-0.247,0.966,-0.070
NumPatches:6
-0.671, 4.805, 1.111
0.440, 4.992, -0.225
0.892, 5.107, -0.233
0.707, 5.184, 1.481
0.655, 5.191, 1.765
-1.010, 4.756, 1.638
RegionID:-1
Center:2.400,-4.387,1.659
Normal:-0.248,0.966,-0.077
NumPatches:10
1.073, -4.708, 1.894
1.076, -4.729, 1.628
1.215, -4.734, 1.117
1.337, -4.723, 0.871
1.826, -4.636, 0.385
1.947, -4.605, 0.386
2.068, -4.574, 0.387
3.523, -4.110, 1.519
4.711, -3.711, 2.699
1.819, -4.493, 2.191
RegionID:-1
Center:-1.823,4.490,1.060
Normal:-0.253,0.964,-0.084
NumPatches:8
-2.531, 4.311, 1.146
-2.768, 4.228, 0.898
-2.694, 4.224, 0.639
-2.266, 4.335, 0.622
-1.104, 4.660, 0.852
-0.880, 4.741, 1.104
-1.115, 4.702, 1.366
-1.875, 4.504, 1.385
RegionID:-1
Center:6.911,-3.163,2.967
Normal:-0.296,0.949,-0.107
NumPatches:10
6.989, -3.033, 3.901
6.573, -3.181, 3.733
6.054, -3.412, 3.118
6.131, -3.431, 2.743
6.485, -3.400, 2.042
7.067, -3.206, 2.156
7.205, -3.159, 2.186
7.367, -3.105, 2.223
7.900, -2.874, 2.801
7.272, -2.932, 4.016
