NumRegions:12
RegionID:-1
Center:-0.653,2.752,-1.347
Normal:0.322,0.003,-0.947
NumPatches:9
-0.399, 2.712, -1.261
-0.653, 3.276, -1.346
-0.802, 3.364, -1.396
-0.962, 3.456, -1.450
-0.951, 2.968, -1.448
-0.855, 2.559, -1.417
-0.693, 2.491, -1.362
-0.408, 2.378, -1.266
-0.376, 2.367, -1.255
RegionID:-1
Center:1.859,-1.493,-0.515
Normal:0.316,0.005,-0.949
NumPatches:15
2.346, -3.388, -0.362
2.980, -2.242, -0.145
2.996, -2.141, -0.139
3.038, -1.505, -0.122
3.051, -0.740, -0.114
2.549, -0.070, -0.277
2.299, 0.151, -0.359
1.760, 0.118, -0.539
1.744, 0.095, -0.545
0.759, -1.407, -0.880
0.802, -1.867, -0.869
0.876, -2.119, -0.845
1.181, -2.944, -0.748
1.419, -3.297, -0.670
2.316, -3.428, -0.372
RegionID:-1
Center:-2.705,2.044,-0.406
Normal:-0.942,0.124,-0.311
NumPatches:11
-2.933, 1.042, -0.117
-2.886, 1.027, -0.264
-2.688, 1.069, -0.847
-2.480, 1.433, -1.333
-2.413, 1.778, -1.398
-2.319, 4.284, -0.681
-2.379, 4.402, -0.451
-2.552, 4.481, 0.106
-2.566, 4.380, 0.105
-2.923, 1.616, 0.082
-2.992, 1.072, 0.076
RegionID:-1
Center:2.023,1.689,-0.449
Normal:0.318,0.001,-0.948
NumPatches:13
1.996, 0.929, -0.458
2.526, 1.264, -0.280
2.977, 1.582, -0.128
2.947, 2.070, -0.138
2.426, 2.682, -0.312
1.988, 2.691, -0.459
1.458, 1.925, -0.638
1.323, 1.704, -0.684
1.229, 1.500, -0.715
1.238, 1.472, -0.712
1.248, 1.446, -0.709
1.615, 0.961, -0.586
1.838, 0.856, -0.512
RegionID:-1
Center:-3.128,-0.496,-0.212
Normal:-0.933,0.163,-0.320
NumPatches:16
-3.174, -0.913, -0.289
-3.116, -0.893, -0.449
-3.059, -0.869, -0.603
-3.045, -0.780, -0.598
-3.038, -0.738, -0.595
-3.011, -0.233, -0.419
-3.038, -0.083, -0.265
-3.153, -0.079, 0.073
-3.175, -0.199, 0.076
-3.213, -0.406, 0.081
-3.243, -0.578, 0.081
-3.250, -0.622, 0.081
-3.258, -0.665, 0.080
-3.265, -0.709, 0.080
-3.272, -0.752, 0.078
-3.223, -0.876, -0.129
RegionID:-1
Center:-3.088,0.488,-0.130
Normal:-0.948,0.129,-0.291
NumPatches:10
-3.132, 0.185, -0.119
-3.079, 0.221, -0.277
-2.982, 0.597, -0.426
-2.956, 0.786, -0.426
-3.001, 0.803, -0.275
-3.114, 0.756, 0.075
-3.120, 0.717, 0.077
-3.126, 0.678, 0.079
-3.181, 0.275, 0.078
-3.191, 0.196, 0.076
RegionID:-1
Center:-0.181,4.215,-0.020
Normal:-0.701,0.678,-0.223
NumPatches:8
-0.415, 4.091, 0.339
-0.203, 4.074, -0.380
-0.059, 4.153, -0.594
0.005, 4.216, -0.601
0.012, 4.290, -0.398
0.003, 4.349, -0.190
-0.125, 4.396, 0.356
-0.373, 4.206, 0.556
RegionID:-1
Center:-1.618,4.683,1.127
Normal:-0.132,-0.991,-0.039
NumPatches:8
-2.058, 4.749, 0.919
-2.047, 4.737, 1.183
-1.686, 4.680, 1.411
-1.616, 4.672, 1.403
-1.547, 4.663, 1.395
-1.094, 4.605, 1.341
-1.157, 4.623, 1.095
-1.764, 4.721, 0.637
RegionID:-1
Center:2.052,4.148,1.883
Normal:-0.141,-0.988,-0.058
NumPatches:7
2.814, 4.112, 0.631
2.755, 4.121, 0.628
0.738, 4.315, 2.244
2.500, 4.051, 2.442
2.773, 4.026, 2.203
2.874, 4.089, 0.883
2.883, 4.102, 0.635
RegionID:-1
Center:0.129,4.428,1.667
Normal:-0.140,-0.989,-0.041
NumPatches:6
-0.794, 4.564, 1.554
-0.618, 4.529, 1.791
-0.058, 4.441, 2.012
0.655, 4.341, 1.986
1.253, 4.266, 1.746
0.158, 4.460, 0.791
RegionID:-1
Center:5.283,-6.230,2.144
Normal:-0.047,-0.998,-0.031
NumPatches:6
4.907, -6.228, 2.656
5.329, -6.266, 3.216
5.501, -6.275, 3.270
5.937, -6.255, 1.957
5.576, -6.223, 1.458
4.898, -6.188, 1.381
RegionID:-1
Center:2.135,-5.695,1.845
Normal:-0.179,-0.983,-0.044
NumPatches:9
1.656, -5.571, 1.024
1.505, -5.543, 1.015
1.431, -5.542, 1.307
1.346, -5.555, 1.923
2.249, -5.742, 2.417
2.618, -5.812, 2.496
3.324, -5.931, 2.279
3.479, -5.944, 1.942
1.812, -5.599, 1.034
