NumRegions:8
RegionID:-1
Center:-2.363,2.362,-0.284
Normal:-0.921,0.247,-0.301
NumPatches:9
-2.702, 1.311, -0.112
-2.230, 1.484, -1.413
-2.218, 1.519, -1.420
-2.165, 1.683, -1.448
-1.678, 4.449, -0.664
-1.720, 4.566, -0.439
-1.900, 4.555, 0.102
-2.020, 4.479, 0.406
-2.823, 1.322, 0.267
RegionID:-1
Center:1.771,-1.725,-0.545
Normal:0.316,0.004,-0.949
NumPatches:13
2.982, -2.241, -0.144
2.986, -2.020, -0.142
2.980, -1.963, -0.144
2.532, -0.642, -0.287
2.064, -0.497, -0.443
1.901, -0.483, -0.497
1.731, -0.480, -0.553
1.583, -0.552, -0.602
0.770, -1.436, -0.876
0.854, -2.138, -0.851
1.173, -2.918, -0.748
1.409, -3.270, -0.671
2.302, -3.600, -0.375
RegionID:-1
Center:2.121,0.419,-0.418
Normal:0.308,-0.001,-0.951
NumPatches:9
2.562, 0.247, -0.275
2.552, 0.441, -0.279
2.550, 0.473, -0.280
2.541, 0.571, -0.282
2.264, 0.695, -0.372
1.720, 0.527, -0.549
1.564, 0.431, -0.599
1.608, 0.234, -0.585
2.107, 0.191, -0.423
RegionID:-1
Center:2.142,1.528,-0.408
Normal:0.314,0.001,-0.949
NumPatches:9
2.567, 1.171, -0.267
2.986, 1.541, -0.128
2.984, 1.588, -0.129
2.980, 1.633, -0.130
2.479, 2.425, -0.296
1.451, 1.423, -0.637
1.550, 1.118, -0.604
1.566, 1.071, -0.599
1.985, 0.986, -0.460
RegionID:-1
Center:-3.142,-0.326,-0.181
Normal:-0.902,0.289,-0.319
NumPatches:14
-3.246, -0.589, -0.127
-3.186, -0.581, -0.288
-3.129, -0.572, -0.442
-3.089, -0.442, -0.437
-3.064, -0.359, -0.433
-3.040, -0.278, -0.427
-3.028, -0.239, -0.424
-3.035, -0.085, -0.266
-3.087, -0.083, -0.115
-3.156, -0.083, 0.078
-3.251, -0.377, 0.082
-3.265, -0.420, 0.081
-3.278, -0.462, 0.080
-3.291, -0.504, 0.079
RegionID:-1
Center:0.395,4.267,1.149
Normal:0.043,0.992,-0.122
NumPatches:15
-0.229, 4.373, 1.788
0.050, 4.199, 0.475
0.098, 4.173, 0.282
0.401, 4.079, -0.382
0.453, 4.077, -0.382
0.563, 4.072, -0.381
0.629, 4.095, -0.170
0.705, 4.125, 0.100
0.799, 4.180, 0.579
0.802, 4.316, 1.689
0.744, 4.348, 1.925
0.693, 4.351, 1.936
0.641, 4.354, 1.942
0.269, 4.375, 1.980
-0.114, 4.396, 2.015
RegionID:-1
Center:-0.987,4.720,1.361
Normal:-0.240,-0.968,-0.075
NumPatches:7
-1.421, 4.844, 1.152
-1.485, 4.839, 1.425
-1.055, 4.716, 1.633
-0.989, 4.701, 1.624
-0.494, 4.583, 1.555
-0.569, 4.620, 1.313
-1.156, 4.819, 0.627
RegionID:-1
Center:2.817,3.681,1.944
Normal:-0.260,-0.961,-0.096
NumPatches:6
3.374, 3.637, 0.876
3.311, 3.654, 0.871
1.959, 3.910, 1.972
1.998, 3.873, 2.236
3.265, 3.508, 2.459
3.503, 3.600, 0.887
