NumRegions:13
RegionID:-1
Center:-1.916,2.766,0.001
Normal:-0.879,0.380,-0.288
NumPatches:9
-2.455, 1.713, 0.255
-2.361, 1.657, -0.106
-1.909, 1.849, -1.235
-1.765, 2.138, -1.291
-1.050, 4.624, -0.190
-1.118, 4.688, 0.101
-1.282, 4.718, 0.643
-1.316, 4.634, 0.636
-2.478, 1.776, 0.409
RegionID:-1
Center:1.694,-1.682,-0.568
Normal:0.317,0.005,-0.948
NumPatches:13
2.441, -2.731, -0.324
3.009, -1.307, -0.127
3.010, -1.221, -0.126
2.257, -0.688, -0.375
2.074, -0.635, -0.436
1.708, -0.543, -0.557
1.389, -0.725, -0.665
0.920, -1.412, -0.826
0.892, -1.483, -0.835
0.870, -1.780, -0.844
0.855, -2.143, -0.851
1.099, -3.050, -0.774
1.634, -4.029, -0.600
RegionID:-1
Center:1.442,1.572,-0.642
Normal:0.327,0.003,-0.945
NumPatches:10
1.515, 1.295, -0.618
1.648, 1.478, -0.571
1.624, 1.572, -0.580
1.613, 1.603, -0.583
1.602, 1.633, -0.587
1.576, 1.692, -0.596
1.562, 1.720, -0.601
1.263, 1.855, -0.704
1.292, 1.384, -0.695
1.341, 1.263, -0.679
RegionID:-1
Center:2.207,1.261,-0.382
Normal:0.314,0.003,-0.949
NumPatches:10
2.210, 0.970, -0.382
2.543, 1.162, -0.271
2.965, 1.580, -0.130
2.965, 1.676, -0.129
2.964, 1.774, -0.129
2.476, 1.664, -0.291
2.106, 1.496, -0.414
1.898, 1.304, -0.484
1.489, 0.815, -0.621
1.622, 0.812, -0.577
RegionID:-1
Center:2.141,-0.093,-0.409
Normal:0.309,0.013,-0.951
NumPatches:10
2.557, -0.079, -0.274
2.557, 0.033, -0.272
2.556, 0.065, -0.272
2.093, 0.059, -0.422
1.901, 0.051, -0.485
1.596, 0.038, -0.584
1.593, -0.173, -0.588
1.739, -0.211, -0.541
2.095, -0.258, -0.426
2.548, -0.302, -0.280
RegionID:-1
Center:2.147,0.380,-0.404
Normal:0.310,0.030,-0.950
NumPatches:10
2.578, 0.186, -0.270
2.515, 0.600, -0.277
2.008, 0.614, -0.442
1.855, 0.517, -0.495
1.717, 0.430, -0.543
1.717, 0.387, -0.544
1.877, 0.201, -0.498
2.088, 0.142, -0.431
2.288, 0.132, -0.366
2.559, 0.119, -0.278
RegionID:-1
Center:-3.066,-0.781,-0.240
Normal:-0.855,0.425,-0.298
NumPatches:9
-3.150, -0.987, -0.291
-2.992, -0.881, -0.594
-2.971, -0.834, -0.588
-2.931, -0.746, -0.575
-3.024, -0.609, -0.113
-3.096, -0.620, 0.077
-3.120, -0.667, 0.078
-3.168, -0.763, 0.080
-3.193, -0.813, 0.081
RegionID:-1
Center:-2.986,0.350,-0.001
Normal:-0.870,0.388,-0.305
NumPatches:8
-3.052, 0.106, -0.120
-2.794, 0.555, -0.285
-2.845, 0.577, -0.113
-2.900, 0.596, 0.068
-2.917, 0.561, 0.070
-2.982, 0.419, 0.076
-3.036, 0.299, 0.078
-3.118, 0.112, 0.074
RegionID:-1
Center:1.006,3.955,0.352
Normal:-0.482,0.864,-0.149
NumPatches:9
0.764, 3.884, 0.722
0.805, 3.872, 0.521
0.854, 3.864, 0.319
1.015, 3.868, -0.176
1.206, 3.974, -0.182
1.312, 4.077, 0.074
1.233, 4.079, 0.340
1.005, 4.024, 0.757
0.887, 3.992, 0.953
RegionID:-1
Center:-2.810,1.048,0.184
Normal:-0.886,0.375,-0.272
NumPatches:11
-2.865, 0.830, 0.063
-2.849, 0.864, 0.061
-2.790, 1.004, 0.058
-2.774, 1.040, 0.058
-2.759, 1.076, 0.058
-2.730, 1.147, 0.060
-2.698, 1.364, 0.255
-2.772, 1.193, 0.260
-2.834, 1.048, 0.262
-2.924, 0.832, 0.260
-2.937, 0.798, 0.256
RegionID:-1
Center:1.337,4.020,1.519
Normal:-0.372,-0.921,-0.119
NumPatches:7
1.502, 4.050, 0.765
1.077, 4.105, 1.672
1.120, 4.057, 1.906
1.168, 4.037, 1.906
1.316, 3.978, 1.903
1.414, 3.939, 1.900
1.551, 4.030, 0.765
RegionID:-1
Center:3.754,2.983,1.791
Normal:-0.375,-0.917,-0.134
NumPatches:6
4.035, 3.000, 0.887
3.971, 3.027, 0.881
3.397, 3.087, 2.076
3.425, 3.035, 2.355
3.784, 2.875, 2.445
4.100, 2.972, 0.893
RegionID:-1
Center:-0.251,4.654,1.628
Normal:-0.362,-0.923,-0.133
NumPatches:10
-0.482, 4.785, 1.347
-0.546, 4.809, 1.356
-0.610, 4.832, 1.366
-0.676, 4.857, 1.376
-0.721, 4.836, 1.641
-0.403, 4.682, 1.849
-0.345, 4.660, 1.841
-0.282, 4.636, 1.832
0.233, 4.446, 1.750
0.124, 4.522, 1.521
