NumRegions:10
RegionID:-1
Center:1.185,2.080,-0.723
Normal:0.317,0.003,-0.949
NumPatches:8
1.224, 1.513, -0.712
1.623, 2.227, -0.577
1.664, 2.539, -0.562
1.569, 2.752, -0.593
0.690, 2.287, -0.888
1.073, 1.435, -0.763
1.087, 1.417, -0.758
1.110, 1.406, -0.751
RegionID:-1
Center:1.669,-1.778,-0.577
Normal:0.320,0.004,-0.947
NumPatches:12
2.424, -2.851, -0.327
2.456, -2.682, -0.315
2.549, -1.210, -0.277
2.236, -0.997, -0.382
1.671, -0.743, -0.572
1.516, -0.793, -0.624
1.331, -0.946, -0.688
0.946, -1.661, -0.821
1.066, -2.244, -0.783
1.478, -3.108, -0.648
1.821, -3.363, -0.533
2.265, -3.634, -0.384
RegionID:-1
Center:2.269,0.879,-0.358
Normal:0.312,0.006,-0.950
NumPatches:10
2.286, 0.589, -0.354
3.003, 1.029, -0.116
2.977, 1.408, -0.122
2.531, 1.206, -0.270
2.182, 1.044, -0.385
1.984, 0.941, -0.451
1.819, 0.836, -0.506
1.657, 0.657, -0.560
1.668, 0.618, -0.557
2.021, 0.521, -0.441
RegionID:-1
Center:2.371,-0.174,-0.330
Normal:0.320,0.004,-0.947
NumPatches:16
3.587, 0.124, 0.082
3.592, 0.169, 0.084
3.597, 0.258, 0.086
3.594, 0.302, 0.085
3.588, 0.346, 0.083
3.577, 0.390, 0.080
2.290, 0.346, -0.355
1.875, 0.283, -0.495
1.748, 0.221, -0.538
1.735, -0.096, -0.544
1.735, -0.140, -0.544
1.751, -0.207, -0.539
1.867, -0.567, -0.502
2.245, -0.705, -0.375
2.513, -0.790, -0.285
2.891, -0.899, -0.158
RegionID:-1
Center:-3.210,-0.719,-0.329
Normal:-0.806,0.522,-0.280
NumPatches:9
-3.441, -1.072, -0.320
-3.289, -1.016, -0.656
-3.048, -0.699, -0.757
-3.021, -0.653, -0.748
-3.000, -0.615, -0.740
-3.034, -0.499, -0.425
-3.114, -0.353, 0.078
-3.200, -0.485, 0.080
-3.444, -0.978, -0.138
RegionID:-1
Center:-1.489,3.039,0.318
Normal:-0.830,0.494,-0.260
NumPatches:8
-1.497, 2.635, -0.424
-1.430, 2.742, -0.435
-0.458, 4.656, 0.098
-0.537, 4.678, 0.391
-0.601, 4.694, 0.626
-0.871, 4.325, 0.788
-2.022, 2.271, 0.561
-2.218, 1.849, 0.386
RegionID:-1
Center:1.512,3.731,0.573
Normal:-0.377,0.920,-0.104
NumPatches:7
1.241, 3.657, 0.899
1.337, 3.651, 0.502
1.538, 3.684, 0.067
1.737, 3.765, 0.070
1.745, 3.822, 0.541
1.686, 3.822, 0.755
1.510, 3.797, 1.166
RegionID:-1
Center:1.969,3.730,1.275
Normal:-0.464,-0.872,-0.153
NumPatches:5
2.242, 3.749, 0.339
2.036, 3.821, 0.550
1.718, 3.757, 1.877
1.946, 3.637, 1.872
2.290, 3.723, 0.339
RegionID:-1
Center:2.593,-8.045,1.654
Normal:-0.473,-0.870,-0.141
NumPatches:6
2.444, -7.796, 0.618
1.980, -7.536, 0.572
1.761, -7.681, 2.200
2.009, -7.826, 2.261
3.135, -8.484, 2.540
3.594, -8.507, 1.150
RegionID:-1
Center:0.337,4.533,1.837
Normal:-0.474,-0.863,-0.176
NumPatches:8
0.229, 4.649, 1.555
0.115, 4.708, 1.574
0.001, 4.767, 1.594
-0.063, 4.800, 1.607
-0.120, 4.777, 1.871
0.160, 4.581, 2.076
0.801, 4.253, 1.957
0.715, 4.347, 1.726
