NumRegions:9
RegionID:-1
Center:1.693,-1.706,-0.566
Normal:0.319,0.007,-0.948
NumPatches:11
2.260, -3.729, -0.390
2.901, -1.007, -0.155
2.536, -0.545, -0.274
2.092, -0.454, -0.423
1.911, -0.437, -0.484
1.258, -0.730, -0.706
0.818, -1.569, -0.860
0.785, -1.895, -0.874
1.102, -3.060, -0.775
1.387, -3.327, -0.681
2.239, -3.797, -0.397
RegionID:-1
Center:1.244,2.111,-0.703
Normal:0.317,0.001,-0.948
NumPatches:7
1.346, 1.670, -0.669
1.496, 1.849, -0.619
1.661, 2.106, -0.563
1.625, 2.619, -0.575
1.047, 3.038, -0.768
0.817, 2.131, -0.846
1.058, 1.453, -0.766
RegionID:-1
Center:2.384,0.704,-0.322
Normal:0.310,0.011,-0.951
NumPatches:12
2.909, 0.538, -0.153
2.999, 0.948, -0.119
2.997, 1.072, -0.118
2.996, 1.113, -0.118
2.994, 1.155, -0.118
2.987, 1.238, -0.119
2.978, 1.321, -0.121
2.437, 1.124, -0.300
2.200, 0.955, -0.379
1.550, 0.444, -0.598
2.054, 0.319, -0.434
2.287, 0.331, -0.358
RegionID:-1
Center:-3.295,-0.758,-0.328
Normal:-0.788,0.547,-0.282
NumPatches:8
-3.529, -1.097, -0.330
-3.370, -1.043, -0.673
-3.263, -0.876, -0.646
-3.229, -0.823, -0.637
-3.052, -0.459, -0.427
-3.082, -0.423, -0.273
-3.223, -0.445, 0.079
-3.525, -0.995, -0.144
RegionID:-1
Center:-1.374,3.086,0.351
Normal:-0.815,0.517,-0.261
NumPatches:8
-1.718, 2.311, -0.112
-1.365, 2.709, -0.424
-1.343, 2.741, -0.428
-1.321, 2.775, -0.432
-0.293, 4.662, 0.094
-0.447, 4.816, 0.879
-2.063, 2.097, 0.543
-2.148, 1.883, 0.385
RegionID:-1
Center:-2.984,0.400,-0.058
Normal:-0.806,0.529,-0.267
NumPatches:8
-3.130, 0.146, -0.121
-3.080, 0.145, -0.275
-2.803, 0.559, -0.289
-2.719, 0.762, -0.141
-2.900, 0.594, 0.072
-3.021, 0.415, 0.080
-3.044, 0.378, 0.079
-3.186, 0.159, 0.072
RegionID:-1
Center:2.503,-8.238,1.696
Normal:-0.468,-0.871,-0.152
NumPatches:9
2.258, -7.919, 0.621
2.158, -7.936, 1.029
2.065, -7.959, 1.449
2.053, -8.028, 1.878
2.067, -8.115, 2.335
2.503, -8.369, 2.452
2.799, -8.541, 2.525
3.057, -8.602, 2.080
3.090, -8.452, 1.118
RegionID:-1
Center:2.050,3.662,1.371
Normal:-0.505,-0.847,-0.166
NumPatches:8
2.160, 3.716, 0.761
1.884, 3.752, 1.417
1.824, 3.744, 1.643
1.852, 3.683, 1.871
1.985, 3.604, 1.869
2.074, 3.551, 1.867
2.298, 3.633, 0.762
2.270, 3.691, 0.551
RegionID:-1
Center:0.456,4.517,1.840
Normal:-0.505,-0.845,-0.174
NumPatches:6
0.280, 4.728, 1.326
0.114, 4.772, 1.597
0.052, 4.754, 1.863
0.220, 4.608, 2.085
0.805, 4.281, 1.971
0.867, 4.296, 1.719
