NumRegions:7
RegionID:-1
Center:1.885,-1.365,-0.502
Normal:0.319,0.005,-0.948
NumPatches:10
3.625, -0.566, 0.089
3.613, 0.085, 0.089
2.947, 0.155, -0.135
2.530, 0.164, -0.276
2.103, 0.059, -0.420
1.615, -0.185, -0.586
0.805, -1.881, -0.868
1.100, -3.053, -0.776
1.392, -3.344, -0.679
2.218, -3.870, -0.404
RegionID:-1
Center:1.421,2.002,-0.644
Normal:0.315,-0.000,-0.949
NumPatches:11
1.850, 1.537, -0.501
2.066, 1.774, -0.429
2.076, 2.026, -0.426
2.085, 2.294, -0.423
2.080, 2.348, -0.425
1.358, 3.267, -0.665
1.074, 3.007, -0.759
0.816, 2.128, -0.845
1.214, 1.505, -0.713
1.249, 1.475, -0.701
1.437, 1.462, -0.638
RegionID:-1
Center:2.024,1.016,-0.449
Normal:0.286,0.015,-0.958
NumPatches:6
2.272, 0.869, -0.377
2.253, 0.961, -0.381
2.243, 0.990, -0.384
1.897, 1.307, -0.482
1.829, 0.750, -0.511
2.039, 0.768, -0.448
RegionID:-1
Center:-0.955,2.940,0.413
Normal:-0.722,0.653,-0.227
NumPatches:8
-1.721, 2.077, 0.362
-1.430, 2.127, -0.415
-1.365, 2.154, -0.544
-1.342, 2.178, -0.546
0.539, 4.580, 0.378
0.437, 4.631, 0.849
0.373, 4.643, 1.087
-1.786, 2.106, 0.657
RegionID:-1
Center:-3.304,-0.345,-0.383
Normal:-0.675,0.682,-0.281
NumPatches:9
-3.558, -0.646, -0.503
-3.312, -0.388, -0.469
-3.266, -0.340, -0.462
-3.070, -0.130, -0.422
-3.095, -0.090, -0.267
-3.298, -0.298, -0.283
-3.343, -0.345, -0.288
-3.551, -0.561, -0.315
-3.643, -0.658, -0.329
RegionID:-1
Center:-2.116,1.723,0.225
Normal:-0.720,0.658,-0.220
NumPatches:8
-2.150, 1.511, -0.298
-1.887, 1.898, -0.004
-1.973, 1.979, 0.522
-2.092, 1.850, 0.526
-2.116, 1.824, 0.525
-2.163, 1.771, 0.523
-2.187, 1.745, 0.521
-2.401, 1.464, 0.381
RegionID:-1
Center:1.177,4.310,2.019
Normal:-0.629,-0.746,-0.219
NumPatches:7
0.978, 4.609, 1.574
0.927, 4.649, 1.584
0.857, 4.632, 1.842
0.894, 4.531, 2.081
0.933, 4.426, 2.323
1.171, 4.242, 2.268
1.646, 3.941, 1.926
