NumRegions:6
RegionID:-1
Center:1.593,-1.613,-0.602
Normal:0.318,0.007,-0.948
NumPatches:14
2.509, -1.687, -0.295
2.580, -1.113, -0.267
2.034, -0.852, -0.449
1.865, -0.777, -0.505
1.687, -0.702, -0.564
1.530, -0.682, -0.617
1.400, -0.729, -0.661
0.826, -1.327, -0.858
0.741, -1.659, -0.889
0.806, -1.883, -0.869
0.878, -2.124, -0.846
1.173, -2.909, -0.753
1.388, -3.328, -0.683
1.702, -3.782, -0.581
RegionID:-1
Center:1.598,1.851,-0.590
Normal:0.319,-0.000,-0.948
NumPatches:12
1.927, 1.270, -0.479
2.147, 1.425, -0.405
2.532, 1.918, -0.276
2.517, 2.058, -0.281
1.975, 2.735, -0.464
1.539, 2.871, -0.610
1.080, 2.166, -0.765
1.004, 1.886, -0.790
1.025, 1.542, -0.783
1.035, 1.513, -0.779
1.130, 1.338, -0.748
1.733, 1.174, -0.545
RegionID:-1
Center:2.537,-0.372,-0.279
Normal:0.314,0.001,-0.949
NumPatches:10
3.652, -1.000, 0.090
3.650, -0.346, 0.090
3.645, 0.218, 0.089
3.643, 0.263, 0.088
2.938, 0.263, -0.145
1.717, 0.173, -0.550
1.496, 0.151, -0.623
1.490, 0.057, -0.625
1.864, -0.614, -0.502
2.531, -1.039, -0.282
RegionID:-1
Center:-2.311,1.286,-0.098
Normal:-0.644,0.737,-0.206
NumPatches:9
-2.572, 1.096, 0.038
-2.496, 1.067, -0.306
-2.305, 1.164, -0.553
-2.106, 1.344, -0.534
-2.060, 1.420, -0.406
-2.226, 1.490, 0.366
-2.308, 1.420, 0.373
-2.562, 1.202, 0.387
-2.591, 1.177, 0.389
RegionID:-1
Center:-0.566,3.001,0.503
Normal:-0.658,0.726,-0.201
NumPatches:8
-1.461, 2.226, 0.632
-1.109, 2.257, -0.407
-0.936, 2.410, -0.421
1.039, 4.483, 0.604
0.991, 4.505, 0.840
0.805, 4.463, 1.297
0.752, 4.412, 1.286
-1.429, 2.297, 0.783
RegionID:-1
Center:2.539,2.981,1.017
Normal:-0.151,0.988,-0.043
NumPatches:10
2.677, 3.018, 1.367
2.606, 3.006, 1.351
2.456, 2.982, 1.315
2.314, 2.958, 1.278
2.245, 2.947, 1.260
2.280, 2.944, 1.059
2.325, 2.942, 0.860
2.621, 2.972, 0.505
2.774, 2.996, 0.520
2.740, 3.028, 1.380
