NumRegions:11
RegionID:-1
Center:1.694,-1.727,-0.571
Normal:0.316,0.006,-0.949
NumPatches:10
2.300, -3.493, -0.380
2.347, -3.386, -0.363
3.035, -0.936, -0.120
2.540, -0.611, -0.283
1.723, -0.410, -0.553
0.810, -1.550, -0.864
0.740, -1.658, -0.888
0.873, -2.108, -0.846
1.174, -2.917, -0.751
1.664, -3.960, -0.594
RegionID:-1
Center:1.223,2.132,-0.717
Normal:0.317,-0.004,-0.948
NumPatches:12
1.483, 1.930, -0.629
1.650, 2.206, -0.574
1.674, 2.554, -0.568
1.658, 2.599, -0.573
1.641, 2.644, -0.579
1.619, 2.682, -0.586
0.719, 2.290, -0.886
0.821, 2.137, -0.851
0.840, 2.108, -0.845
1.037, 1.818, -0.778
1.071, 1.774, -0.766
1.333, 1.692, -0.678
RegionID:-1
Center:2.637,0.069,-0.247
Normal:0.317,0.000,-0.948
NumPatches:12
3.627, 0.124, 0.084
3.634, 0.169, 0.087
3.651, 0.397, 0.093
3.638, 0.578, 0.088
3.633, 0.624, 0.086
2.926, 0.554, -0.150
2.520, 0.446, -0.286
1.749, 0.086, -0.544
1.614, -0.015, -0.589
2.278, -0.360, -0.367
2.545, -0.437, -0.278
2.922, -0.494, -0.152
RegionID:-1
Center:2.390,0.820,-0.328
Normal:0.317,-0.002,-0.949
NumPatches:12
2.266, 0.501, -0.368
2.938, 0.619, -0.144
3.011, 0.868, -0.120
3.021, 0.995, -0.117
3.022, 1.079, -0.117
3.015, 1.162, -0.120
2.999, 1.329, -0.125
2.543, 1.175, -0.277
2.224, 1.030, -0.383
1.678, 0.697, -0.565
1.686, 0.651, -0.562
1.873, 0.488, -0.499
RegionID:-1
Center:-3.157,-0.730,-0.258
Normal:-0.817,0.503,-0.283
NumPatches:8
-3.293, -0.979, -0.306
-3.150, -0.927, -0.627
-3.069, -0.783, -0.604
-3.026, -0.615, -0.431
-3.045, -0.465, -0.111
-3.085, -0.425, 0.077
-3.196, -0.603, 0.080
-3.331, -0.943, -0.134
RegionID:-1
Center:-1.411,3.059,0.352
Normal:-0.826,0.501,-0.258
NumPatches:7
-1.812, 2.144, -0.140
-1.374, 2.720, -0.427
-1.349, 2.760, -0.430
-0.355, 4.669, 0.093
-0.552, 4.745, 0.871
-2.075, 2.062, 0.543
-2.157, 1.845, 0.383
RegionID:-1
Center:-2.920,0.506,0.046
Normal:-0.806,0.534,-0.256
NumPatches:7
-3.029, 0.260, -0.123
-2.778, 0.628, -0.147
-2.737, 0.691, -0.144
-2.848, 0.715, 0.254
-2.914, 0.618, 0.258
-2.934, 0.586, 0.257
-3.088, 0.264, 0.070
RegionID:-1
Center:1.540,3.668,0.500
Normal:-0.405,0.906,-0.123
NumPatches:9
1.307, 3.563, 0.495
1.536, 3.576, -0.169
1.781, 3.718, 0.071
1.837, 3.778, 0.331
1.770, 3.776, 0.537
1.604, 3.758, 0.951
1.472, 3.696, 0.929
1.408, 3.666, 0.918
1.279, 3.605, 0.893
RegionID:-1
Center:2.032,3.687,1.208
Normal:-0.477,-0.865,-0.157
NumPatches:8
2.280, 3.709, 0.338
2.075, 3.783, 0.548
1.774, 3.751, 1.636
1.756, 3.719, 1.868
1.801, 3.694, 1.868
1.981, 3.596, 1.863
2.046, 3.601, 1.637
2.327, 3.682, 0.339
RegionID:-1
Center:2.748,-8.016,1.499
Normal:-0.464,-0.874,-0.144
NumPatches:9
2.550, -7.767, 0.622
2.096, -7.518, 0.579
1.990, -7.525, 0.961
2.087, -7.717, 1.819
2.221, -7.865, 2.285
2.629, -8.098, 2.386
2.916, -8.262, 2.456
3.334, -8.419, 2.060
3.699, -8.464, 1.151
RegionID:-1
Center:0.409,4.496,1.827
Normal:-0.497,-0.852,-0.165
NumPatches:7
0.058, 4.747, 1.589
-0.006, 4.733, 1.855
0.164, 4.591, 2.076
0.492, 4.411, 2.013
0.802, 4.243, 1.951
0.810, 4.284, 1.711
0.277, 4.673, 1.310
