NumRegions:12
RegionID:-1
Center:1.806,-1.447,-0.532
Normal:0.317,0.006,-0.948
NumPatches:10
2.403, -3.050, -0.342
3.020, -1.496, -0.127
2.547, -0.164, -0.277
2.336, -0.119, -0.347
1.909, -0.100, -0.489
1.764, -0.110, -0.538
0.787, -1.378, -0.872
0.759, -1.454, -0.882
1.464, -3.183, -0.656
1.834, -3.391, -0.534
RegionID:-1
Center:2.206,0.258,-0.386
Normal:0.317,0.018,-0.948
NumPatches:5
2.533, 0.410, -0.274
2.047, 0.384, -0.437
1.463, 0.253, -0.634
2.545, 0.088, -0.276
2.963, 0.072, -0.137
RegionID:-1
Center:1.457,1.546,-0.632
Normal:0.331,0.013,-0.944
NumPatches:7
1.663, 1.419, -0.562
1.607, 1.599, -0.579
1.584, 1.661, -0.586
1.299, 1.767, -0.685
1.193, 1.577, -0.724
1.210, 1.514, -0.719
1.515, 1.296, -0.615
RegionID:-1
Center:2.129,1.180,-0.409
Normal:0.319,0.002,-0.948
NumPatches:6
2.013, 0.792, -0.449
2.978, 1.184, -0.124
2.453, 1.830, -0.299
1.877, 1.397, -0.494
1.578, 1.087, -0.595
1.681, 0.667, -0.561
RegionID:-1
Center:2.695,0.828,-0.221
Normal:0.313,0.006,-0.950
NumPatches:7
3.628, 1.041, 0.088
3.626, 1.089, 0.088
3.617, 1.234, 0.086
2.989, 1.112, -0.122
2.477, 0.927, -0.293
1.715, 0.517, -0.547
2.511, 0.523, -0.284
RegionID:-1
Center:-2.080,2.688,0.090
Normal:-0.902,0.319,-0.290
NumPatches:9
-2.359, 1.562, -0.280
-2.084, 2.086, -0.559
-1.963, 2.398, -0.591
-1.417, 4.114, -0.401
-1.369, 4.444, -0.189
-1.495, 4.625, 0.401
-1.993, 3.309, 0.503
-2.513, 1.756, 0.414
-2.498, 1.656, 0.257
RegionID:-1
Center:-3.128,-0.377,-0.132
Normal:-0.913,0.286,-0.292
NumPatches:13
-3.167, -0.661, -0.287
-3.098, -0.599, -0.442
-3.072, -0.512, -0.438
-3.060, -0.472, -0.435
-3.039, -0.397, -0.428
-3.037, -0.231, -0.274
-3.040, -0.081, -0.116
-3.099, -0.077, 0.072
-3.112, -0.117, 0.074
-3.177, -0.320, 0.078
-3.205, -0.408, 0.080
-3.233, -0.497, 0.080
-3.261, -0.587, 0.080
RegionID:-1
Center:-2.807,0.898,0.066
Normal:-0.903,0.339,-0.265
NumPatches:9
-2.927, 0.580, 0.067
-2.839, 0.670, -0.118
-2.668, 0.991, -0.289
-2.659, 1.152, -0.114
-2.755, 1.185, 0.255
-2.782, 1.116, 0.258
-2.796, 1.081, 0.259
-2.850, 0.938, 0.262
-2.958, 0.650, 0.263
RegionID:-1
Center:0.685,3.894,0.282
Normal:-0.565,0.806,-0.176
NumPatches:9
0.507, 3.818, 0.510
0.621, 3.801, 0.067
0.751, 3.800, -0.359
0.901, 3.945, -0.174
0.968, 4.046, 0.071
0.686, 3.994, 0.738
0.631, 3.954, 0.731
0.519, 3.872, 0.715
0.464, 3.831, 0.705
RegionID:-1
Center:2.597,-6.743,1.785
Normal:-0.333,-0.941,-0.060
NumPatches:7
2.876, -6.786, 0.922
1.720, -6.414, 1.505
1.651, -6.412, 1.859
2.034, -6.577, 2.314
3.139, -6.985, 2.562
3.275, -7.007, 2.163
3.225, -6.912, 0.952
RegionID:-1
Center:3.308,3.223,1.998
Normal:-0.311,-0.943,-0.115
NumPatches:4
3.729, 3.222, 0.870
2.706, 3.394, 2.231
3.522, 3.102, 2.415
3.799, 3.198, 0.877
RegionID:-1
Center:-0.539,4.570,1.471
Normal:-0.324,-0.941,-0.101
NumPatches:14
-0.163, 4.463, 1.257
-0.331, 4.520, 1.272
-0.452, 4.560, 1.284
-0.516, 4.581, 1.292
-0.578, 4.602, 1.299
-0.639, 4.622, 1.307
-0.700, 4.642, 1.316
-0.825, 4.683, 1.334
-0.888, 4.704, 1.344
-0.958, 4.727, 1.356
-1.063, 4.733, 1.630
-0.557, 4.540, 1.805
-0.094, 4.389, 1.728
-0.108, 4.445, 1.252
