NumRegions:12
RegionID:-1
Center:1.721,-1.934,-0.563
Normal:0.315,0.003,-0.949
NumPatches:13
2.991, -2.247, -0.142
2.973, -2.118, -0.147
2.225, -1.091, -0.393
1.823, -0.953, -0.526
1.501, -0.911, -0.633
1.279, -1.059, -0.707
0.931, -1.417, -0.824
0.821, -1.850, -0.862
0.857, -2.151, -0.851
1.127, -3.017, -0.764
1.416, -3.290, -0.669
1.836, -3.396, -0.530
2.310, -3.514, -0.373
RegionID:-1
Center:1.277,1.634,-0.699
Normal:0.302,0.028,-0.953
NumPatches:8
1.448, 1.506, -0.648
1.374, 1.666, -0.667
1.360, 1.696, -0.670
1.343, 1.721, -0.675
1.276, 1.821, -0.693
1.110, 1.717, -0.749
1.062, 1.471, -0.772
1.088, 1.427, -0.765
RegionID:-1
Center:2.054,-0.758,-0.443
Normal:0.321,0.024,-0.947
NumPatches:11
2.597, -0.980, -0.264
2.559, -0.896, -0.275
2.524, -0.851, -0.286
2.273, -0.763, -0.369
2.060, -0.692, -0.439
1.694, -0.570, -0.560
1.460, -0.497, -0.638
1.440, -0.528, -0.645
1.834, -0.752, -0.517
2.044, -0.850, -0.448
2.595, -1.053, -0.267
RegionID:-1
Center:2.168,0.287,-0.401
Normal:0.311,0.001,-0.950
NumPatches:10
2.575, 0.378, -0.268
2.516, 0.667, -0.287
1.887, 0.530, -0.493
1.728, 0.458, -0.545
1.584, 0.334, -0.592
1.584, 0.272, -0.592
1.602, 0.072, -0.587
2.082, -0.078, -0.430
2.301, -0.108, -0.358
2.556, -0.117, -0.275
RegionID:-1
Center:2.295,1.215,-0.360
Normal:0.319,0.001,-0.948
NumPatches:10
2.261, 0.708, -0.372
2.516, 0.786, -0.286
3.008, 0.944, -0.121
3.639, 1.188, 0.091
3.632, 1.236, 0.089
2.534, 2.087, -0.280
1.855, 1.527, -0.508
1.561, 1.195, -0.607
1.669, 0.686, -0.571
1.861, 0.681, -0.507
RegionID:-1
Center:-3.109,-0.475,-0.178
Normal:-0.919,0.248,-0.307
NumPatches:10
-3.155, -0.780, -0.287
-3.052, -0.783, -0.599
-2.980, -0.689, -0.739
-2.961, -0.608, -0.730
-3.023, -0.078, -0.116
-3.087, -0.079, 0.074
-3.199, -0.488, 0.081
-3.224, -0.578, 0.082
-3.248, -0.667, 0.082
-3.260, -0.712, 0.081
RegionID:-1
Center:-2.209,2.534,0.022
Normal:-0.912,0.284,-0.297
NumPatches:9
-2.550, 1.272, -0.140
-2.480, 1.351, -0.279
-2.203, 1.950, -0.557
-2.190, 1.985, -0.561
-2.081, 2.302, -0.592
-1.532, 4.264, -0.402
-1.544, 4.447, -0.188
-1.714, 4.517, 0.398
-2.672, 1.289, 0.252
RegionID:-1
Center:0.587,3.957,0.230
Normal:-0.555,0.814,-0.169
NumPatches:9
0.312, 3.826, 0.505
0.511, 3.822, -0.169
0.625, 3.860, -0.362
0.676, 3.893, -0.366
0.802, 3.977, -0.375
0.891, 4.132, 0.076
0.920, 4.207, 0.340
0.547, 4.081, 0.959
0.438, 4.003, 0.940
RegionID:-1
Center:-2.890,0.799,0.154
Normal:-0.915,0.311,-0.258
NumPatches:9
-2.949, 0.548, 0.063
-2.874, 0.763, 0.057
-2.862, 0.801, 0.058
-2.778, 1.051, 0.063
-2.819, 1.093, 0.257
-2.906, 0.841, 0.264
-2.969, 0.653, 0.260
-2.992, 0.582, 0.257
-2.974, 0.477, 0.065
RegionID:-1
Center:-0.710,4.562,1.414
Normal:-0.291,-0.953,-0.081
NumPatches:9
-1.137, 4.739, 0.862
-1.203, 4.738, 1.116
-1.197, 4.714, 1.368
-1.171, 4.685, 1.623
-0.662, 4.514, 1.799
-0.484, 4.462, 1.769
-0.255, 4.416, 1.490
-0.272, 4.442, 1.255
-0.327, 4.478, 1.025
RegionID:-1
Center:3.182,3.351,1.968
Normal:-0.282,-0.954,-0.100
NumPatches:4
3.596, 3.344, 0.867
2.532, 3.515, 2.228
3.407, 3.237, 2.415
3.661, 3.325, 0.873
RegionID:-1
Center:5.442,2.145,2.349
Normal:-0.048,0.995,-0.082
NumPatches:6
6.017, 2.253, 3.325
4.771, 2.114, 2.371
5.071, 2.061, 1.553
5.277, 2.074, 1.592
5.510, 2.089, 1.639
6.516, 2.294, 3.520
