NumRegions:11
RegionID:-1
Center:1.911,-1.495,-0.505
Normal:0.312,0.005,-0.950
NumPatches:15
3.014, -2.210, -0.146
3.051, -1.962, -0.133
3.090, -0.872, -0.114
3.092, -0.631, -0.112
2.574, -0.325, -0.281
2.318, -0.290, -0.365
1.934, -0.244, -0.491
1.765, -0.308, -0.546
1.602, -0.386, -0.600
0.799, -1.372, -0.869
0.805, -1.876, -0.870
0.876, -2.115, -0.848
1.181, -2.942, -0.752
1.424, -3.310, -0.674
1.865, -3.350, -0.529
RegionID:-1
Center:1.587,1.869,-0.603
Normal:0.314,-0.002,-0.950
NumPatches:11
2.211, 1.208, -0.395
2.449, 2.699, -0.320
2.429, 2.814, -0.326
1.534, 2.950, -0.622
1.162, 2.909, -0.745
0.918, 2.483, -0.824
0.841, 2.109, -0.849
0.791, 1.857, -0.866
0.880, 1.764, -0.836
1.356, 1.281, -0.678
1.781, 1.083, -0.537
RegionID:-1
Center:-1.507,3.506,-0.607
Normal:-0.870,0.405,-0.281
NumPatches:7
-1.542, 3.245, -0.875
-1.400, 3.399, -1.091
-1.342, 3.506, -1.115
-1.334, 3.642, -0.944
-1.403, 3.760, -0.562
-1.636, 3.710, 0.087
-1.736, 3.335, -0.145
RegionID:-1
Center:0.096,2.061,-0.314
Normal:-0.165,0.985,-0.052
NumPatches:14
-0.160, 2.018, -0.314
-0.227, 1.996, -0.523
-0.227, 1.990, -0.634
-0.178, 1.998, -0.634
0.132, 2.055, -0.543
0.376, 2.101, -0.444
0.401, 2.111, -0.336
0.349, 2.108, -0.224
0.298, 2.106, -0.115
0.211, 2.098, 0.019
0.157, 2.089, 0.019
0.129, 2.084, 0.019
0.077, 2.076, 0.019
-0.003, 2.062, 0.019
RegionID:-1
Center:2.199,0.231,-0.405
Normal:0.303,0.023,-0.953
NumPatches:9
2.321, 0.137, -0.368
2.586, 0.254, -0.281
2.589, 0.320, -0.278
2.586, 0.352, -0.279
2.317, 0.350, -0.364
2.116, 0.347, -0.428
1.895, 0.306, -0.500
1.764, 0.128, -0.546
2.127, 0.094, -0.431
RegionID:-1
Center:-3.434,1.470,-0.469
Normal:-0.931,-0.216,-0.296
NumPatches:6
-3.159, 0.709, -0.780
-3.588, 3.067, -1.147
-3.819, 3.098, -0.444
-3.611, 1.816, -0.164
-3.346, 0.335, 0.081
-3.199, 0.192, -0.278
RegionID:-1
Center:-3.147,-0.801,-0.165
Normal:-0.925,-0.219,-0.311
NumPatches:10
-3.057, -0.786, -0.444
-3.075, -0.708, -0.444
-3.085, -0.669, -0.442
-3.136, -0.675, -0.288
-3.189, -0.683, -0.123
-3.254, -0.696, 0.078
-3.235, -0.778, 0.082
-3.195, -0.943, 0.079
-3.185, -0.984, 0.078
-3.068, -0.958, -0.289
RegionID:-1
Center:-0.328,4.209,1.379
Normal:-0.186,0.981,-0.054
NumPatches:12
-1.184, 4.062, 1.664
-1.807, 3.933, 1.458
-2.370, 3.816, 1.266
-2.363, 3.804, 1.028
-1.591, 3.936, 0.759
1.254, 4.438, 0.078
1.315, 4.449, 0.078
1.511, 4.487, 0.080
1.333, 4.535, 1.590
1.267, 4.537, 1.846
0.901, 4.479, 2.062
-0.258, 4.252, 1.931
RegionID:-1
Center:2.712,-5.030,1.733
Normal:-0.180,0.981,-0.067
NumPatches:10
1.208, -5.300, 1.828
1.436, -5.316, 0.975
1.856, -5.277, 0.430
1.925, -5.264, 0.430
1.992, -5.252, 0.431
2.131, -5.226, 0.433
5.736, -4.480, 1.658
5.687, -4.410, 2.801
5.537, -4.439, 2.783
2.069, -5.119, 2.166
RegionID:-1
Center:3.725,4.673,1.981
Normal:-0.476,0.832,-0.286
NumPatches:9
3.066, 4.217, 1.755
3.243, 4.139, 1.233
3.355, 4.118, 0.984
3.445, 4.172, 0.990
3.754, 4.357, 1.013
5.579, 6.023, 2.820
4.339, 5.387, 3.037
3.639, 4.917, 2.835
3.540, 4.849, 2.803
RegionID:-1
Center:6.769,-4.220,2.701
Normal:-0.251,0.965,-0.075
NumPatches:9
6.111, -4.373, 2.938
5.945, -4.453, 2.461
6.442, -4.346, 2.166
7.060, -4.177, 2.279
7.200, -4.138, 2.309
7.354, -4.095, 2.343
7.513, -4.051, 2.378
7.404, -4.009, 3.287
6.618, -4.230, 3.080
