NumRegions:8
RegionID:-1
Center:-3.042,1.994,-0.954
Normal:-0.950,-0.069,-0.305
NumPatches:10
-2.830, 1.883, -1.591
-2.888, 2.088, -1.456
-3.132, 2.167, -0.714
-3.191, 2.176, -0.533
-3.188, 2.075, -0.519
-3.184, 1.967, -0.509
-3.180, 1.905, -0.505
-3.122, 1.878, -0.681
-3.003, 1.840, -1.042
-2.889, 1.818, -1.393
RegionID:-1
Center:2.067,-1.233,-0.444
Normal:0.314,0.002,-0.949
NumPatches:16
1.891, -3.121, -0.506
2.458, -2.689, -0.317
3.687, -1.618, 0.092
3.692, -1.153, 0.094
3.686, -0.345, 0.094
3.680, 0.041, 0.093
3.672, 0.086, 0.090
2.981, 0.267, -0.139
2.561, 0.229, -0.278
1.923, 0.126, -0.489
1.511, 0.026, -0.626
1.056, -1.188, -0.779
0.902, -1.740, -0.831
0.869, -2.096, -0.842
1.094, -3.039, -0.770
1.385, -3.332, -0.674
RegionID:-1
Center:-1.018,1.484,-0.568
Normal:-0.546,0.813,-0.203
NumPatches:15
-1.376, 1.267, -0.476
-1.363, 1.252, -0.572
-1.329, 1.226, -0.767
-0.659, 1.677, -0.764
-0.683, 1.685, -0.665
-0.713, 1.690, -0.566
-0.818, 1.691, -0.281
-0.877, 1.651, -0.278
-0.916, 1.625, -0.277
-0.955, 1.599, -0.276
-0.994, 1.573, -0.275
-1.033, 1.547, -0.275
-1.053, 1.534, -0.275
-1.072, 1.521, -0.275
-1.347, 1.310, -0.378
RegionID:-1
Center:1.032,2.065,-0.788
Normal:0.327,-0.005,-0.945
NumPatches:8
1.233, 1.927, -0.718
1.208, 1.998, -0.727
1.159, 2.091, -0.744
1.140, 2.122, -0.751
1.102, 2.188, -0.765
0.997, 2.335, -0.802
0.768, 2.246, -0.880
1.126, 1.708, -0.754
RegionID:-1
Center:1.636,1.488,-0.589
Normal:0.294,0.019,-0.956
NumPatches:7
1.723, 1.328, -0.566
1.878, 1.611, -0.512
1.820, 1.773, -0.527
1.795, 1.838, -0.533
1.439, 1.483, -0.650
1.330, 1.293, -0.687
1.537, 1.288, -0.624
RegionID:-1
Center:-1.933,3.711,0.537
Normal:-0.576,0.798,-0.175
NumPatches:8
-3.888, 2.311, 0.585
-1.135, 3.948, -1.004
-0.683, 4.309, -0.841
-1.017, 4.543, 1.321
-1.409, 4.308, 1.535
-2.549, 3.414, 1.210
-3.209, 2.891, 0.992
-3.732, 2.472, 0.805
RegionID:-1
Center:3.704,-3.979,2.154
Normal:-0.573,0.792,-0.209
NumPatches:14
1.498, -5.629, 1.950
1.338, -5.818, 1.674
1.421, -5.839, 1.369
1.822, -5.633, 1.045
1.883, -5.590, 1.042
2.005, -5.504, 1.034
2.127, -5.417, 1.028
2.247, -5.332, 1.022
3.617, -4.347, 0.996
3.731, -4.264, 0.997
3.787, -4.223, 0.999
6.713, -1.855, 1.948
6.614, -1.527, 3.466
1.940, -5.168, 2.487
RegionID:-1
Center:7.639,-0.959,2.973
Normal:-0.628,0.751,-0.204
NumPatches:9
7.145, -1.408, 2.839
7.463, -1.340, 2.112
7.560, -1.253, 2.133
7.656, -1.166, 2.156
7.754, -1.078, 2.178
7.946, -0.905, 2.225
8.283, -0.350, 3.231
8.275, -0.224, 3.718
7.064, -1.368, 3.235
