NumRegions:10
RegionID:-1
Center:-0.561,2.583,-1.325
Normal:0.337,-0.005,-0.941
NumPatches:7
-0.409, 2.752, -1.271
-0.446, 2.770, -1.285
-0.649, 2.864, -1.358
-0.826, 2.577, -1.420
-0.441, 2.397, -1.281
-0.377, 2.376, -1.258
-0.346, 2.366, -1.247
RegionID:-1
Center:-1.097,1.290,-0.579
Normal:-0.643,0.742,-0.189
NumPatches:8
-1.191, 1.246, -0.429
-1.138, 1.221, -0.710
-1.110, 1.221, -0.805
-1.013, 1.304, -0.807
-1.013, 1.353, -0.615
-1.038, 1.378, -0.430
-1.100, 1.348, -0.342
-1.167, 1.290, -0.342
RegionID:-1
Center:-1.422,1.018,-0.589
Normal:-0.609,0.767,-0.205
NumPatches:11
-1.585, 0.869, -0.660
-1.547, 0.875, -0.753
-1.479, 0.931, -0.745
-1.443, 0.961, -0.741
-1.371, 1.021, -0.730
-1.336, 1.050, -0.725
-1.302, 1.078, -0.720
-1.251, 1.121, -0.712
-1.263, 1.136, -0.617
-1.310, 1.172, -0.348
-1.627, 0.888, -0.468
RegionID:-1
Center:2.126,-1.120,-0.425
Normal:0.314,0.003,-0.949
NumPatches:14
2.435, -2.871, -0.328
2.998, -2.204, -0.140
3.694, -1.055, 0.094
3.687, -0.484, 0.093
3.674, 0.634, 0.092
2.974, 0.640, -0.139
2.309, 0.525, -0.359
1.885, 0.431, -0.500
1.742, 0.378, -0.547
1.612, 0.286, -0.590
0.816, -1.838, -0.860
0.869, -2.096, -0.843
1.120, -2.995, -0.763
1.841, -3.307, -0.526
RegionID:-1
Center:1.477,1.587,-0.637
Normal:0.342,-0.026,-0.939
NumPatches:7
1.474, 1.393, -0.633
1.659, 1.571, -0.571
1.749, 1.920, -0.548
1.538, 1.830, -0.622
1.354, 1.704, -0.686
1.292, 1.383, -0.699
1.332, 1.289, -0.682
RegionID:-1
Center:-2.241,3.420,0.359
Normal:-0.651,0.732,-0.202
NumPatches:11
-3.664, 2.078, 0.079
-1.696, 3.487, -1.152
-1.541, 3.620, -1.170
-1.191, 3.974, -1.013
-1.163, 4.054, -0.812
-1.474, 4.291, 1.049
-1.842, 4.022, 1.258
-2.608, 3.327, 1.206
-3.276, 2.670, 0.977
-3.767, 2.180, 0.780
-4.216, 1.728, 0.590
RegionID:-1
Center:1.935,1.045,-0.489
Normal:0.318,0.007,-0.948
NumPatches:9
2.240, 1.022, -0.387
2.210, 1.181, -0.396
1.946, 1.305, -0.483
1.787, 1.045, -0.538
1.795, 0.986, -0.536
1.812, 0.904, -0.531
1.830, 0.856, -0.525
1.842, 0.834, -0.522
1.868, 0.815, -0.513
RegionID:-1
Center:0.511,5.510,0.893
Normal:-0.736,0.487,-0.469
NumPatches:8
0.518, 4.790, 0.135
0.733, 4.846, -0.145
0.800, 4.938, -0.155
0.935, 5.400, 0.113
0.846, 6.591, 1.489
0.635, 6.563, 1.792
0.168, 5.790, 1.723
0.118, 4.856, 0.832
RegionID:-1
Center:3.683,-4.052,2.128
Normal:-0.654,0.726,-0.215
NumPatches:6
1.562, -6.073, 1.756
2.228, -5.675, 1.075
2.554, -5.473, 0.764
4.138, -3.973, 1.009
6.047, -1.602, 3.205
2.287, -5.093, 2.857
RegionID:-1
Center:7.199,-0.760,2.873
Normal:-0.576,0.791,-0.205
NumPatches:9
6.696, -1.078, 3.059
7.009, -1.032, 2.359
7.471, -0.766, 2.090
7.572, -0.685, 2.116
7.667, -0.609, 2.141
7.629, -0.532, 2.545
7.398, -0.496, 3.334
6.948, -0.761, 3.574
6.630, -1.028, 3.437
