NumRegions:8
RegionID:-1
Center:-1.303,0.907,-0.586
Normal:-0.670,0.706,-0.228
NumPatches:13
-1.404, 0.811, -0.585
-1.369, 0.816, -0.672
-1.308, 0.847, -0.757
-1.193, 0.960, -0.744
-1.205, 0.978, -0.653
-1.219, 0.994, -0.565
-1.253, 0.988, -0.479
-1.316, 0.954, -0.400
-1.347, 0.924, -0.403
-1.363, 0.909, -0.404
-1.392, 0.880, -0.407
-1.407, 0.865, -0.408
-1.423, 0.850, -0.410
RegionID:-1
Center:1.924,-1.583,-0.490
Normal:0.317,0.004,-0.948
NumPatches:12
2.392, -3.117, -0.340
2.990, -2.251, -0.136
3.043, -0.899, -0.113
2.931, -0.781, -0.150
2.281, -0.606, -0.367
2.069, -0.554, -0.437
1.722, -0.526, -0.553
1.312, -0.601, -0.690
0.961, -1.646, -0.812
1.080, -2.201, -0.775
1.494, -3.047, -0.640
1.818, -3.359, -0.533
RegionID:-1
Center:-2.369,3.136,0.306
Normal:-0.675,0.706,-0.213
NumPatches:11
-3.655, 1.839, 0.079
-1.842, 3.159, -1.284
-1.424, 3.599, -1.150
-1.293, 3.778, -0.973
-1.663, 4.021, 1.008
-2.007, 3.756, 1.214
-2.719, 3.061, 1.167
-2.755, 3.025, 1.165
-3.343, 2.400, 0.952
-3.849, 1.862, 0.770
-4.319, 1.357, 0.582
RegionID:-1
Center:2.472,0.057,-0.307
Normal:0.314,0.001,-0.950
NumPatches:14
3.662, -0.673, 0.086
3.681, -0.630, 0.092
3.680, 0.538, 0.093
3.667, 0.629, 0.088
2.059, 0.798, -0.443
1.834, 0.713, -0.517
1.700, 0.660, -0.561
1.685, 0.633, -0.566
1.600, 0.361, -0.595
1.635, -0.160, -0.583
1.736, -0.340, -0.550
2.071, -0.520, -0.440
2.534, -0.629, -0.287
2.942, -0.722, -0.152
RegionID:-1
Center:0.270,5.238,0.773
Normal:-0.821,0.385,-0.422
NumPatches:11
0.416, 4.551, -0.138
0.455, 4.617, -0.153
0.539, 4.764, -0.183
0.585, 4.844, -0.199
0.637, 4.940, -0.213
0.635, 5.244, 0.068
0.406, 6.215, 1.399
0.320, 6.371, 1.709
0.233, 6.179, 1.703
-0.016, 5.613, 1.673
-0.034, 4.638, 0.818
RegionID:-1
Center:3.810,-4.105,2.168
Normal:-0.673,0.704,-0.226
NumPatches:7
1.626, -6.305, 1.822
2.700, -5.612, 0.785
4.233, -4.066, 1.033
5.317, -2.718, 1.997
5.877, -1.813, 3.144
4.030, -3.690, 2.803
1.948, -5.814, 2.395
RegionID:-1
Center:7.557,-0.339,2.986
Normal:-0.688,0.682,-0.249
NumPatches:9
7.197, -0.910, 2.417
7.526, -0.693, 2.105
7.608, -0.603, 2.125
7.695, -0.507, 2.146
7.868, -0.317, 2.190
8.113, 0.287, 3.163
8.149, 0.506, 3.664
6.933, -0.757, 3.565
6.858, -0.847, 3.529
RegionID:-1
Center:6.653,-1.364,2.593
Normal:-0.679,0.694,-0.240
NumPatches:9
6.279, -1.616, 2.922
6.706, -1.545, 1.918
6.773, -1.475, 1.931
6.844, -1.400, 1.946
6.913, -1.327, 1.961
7.070, -1.163, 1.996
6.738, -1.114, 3.076
6.607, -1.121, 3.427
6.413, -1.336, 3.351
