NumRegions:6
RegionID:-1
Center:-1.309,0.860,-0.549
Normal:-0.674,0.704,-0.222
NumPatches:14
-1.540, 0.651, -0.510
-1.534, 0.629, -0.600
-1.425, 0.710, -0.671
-1.291, 0.816, -0.741
-1.278, 0.830, -0.740
-1.264, 0.844, -0.738
-1.250, 0.858, -0.736
-1.126, 0.981, -0.720
-1.085, 1.049, -0.632
-1.099, 1.087, -0.467
-1.167, 1.072, -0.310
-1.254, 0.988, -0.311
-1.268, 0.974, -0.311
-1.513, 0.707, -0.417
RegionID:-1
Center:2.110,-1.166,-0.427
Normal:0.315,0.002,-0.949
NumPatches:15
2.367, -3.083, -0.345
2.961, -2.288, -0.146
3.675, -1.299, 0.093
3.699, -1.207, 0.101
3.658, 0.585, 0.091
2.313, 0.496, -0.356
2.053, 0.413, -0.442
1.912, 0.317, -0.489
1.753, 0.160, -0.542
1.647, 0.048, -0.578
0.759, -1.659, -0.876
0.782, -1.886, -0.869
0.963, -2.395, -0.810
1.188, -2.853, -0.736
1.834, -3.295, -0.523
RegionID:-1
Center:-2.380,3.063,0.254
Normal:-0.678,0.703,-0.214
NumPatches:11
-3.730, 1.708, 0.079
-1.825, 3.133, -1.273
-1.448, 3.538, -1.136
-1.396, 3.645, -0.950
-1.408, 3.693, -0.758
-1.436, 3.725, -0.565
-1.692, 3.953, 0.996
-2.030, 3.689, 1.200
-2.767, 2.965, 1.159
-3.888, 1.765, 0.768
-4.314, 1.296, 0.580
RegionID:-1
Center:1.959,0.625,-0.479
Normal:0.320,-0.006,-0.947
NumPatches:9
2.070, 0.477, -0.441
2.267, 0.847, -0.376
2.244, 0.967, -0.385
2.051, 0.880, -0.450
1.844, 0.744, -0.519
1.723, 0.473, -0.558
1.727, 0.427, -0.556
1.736, 0.407, -0.553
1.745, 0.386, -0.550
RegionID:-1
Center:0.285,5.266,0.789
Normal:-0.756,0.458,-0.468
NumPatches:9
-0.022, 4.540, 0.576
0.500, 4.476, -0.330
0.799, 5.124, -0.180
0.694, 6.607, 1.441
0.367, 6.354, 1.722
0.255, 6.153, 1.706
-0.101, 5.506, 1.649
-0.149, 5.418, 1.640
-0.123, 4.585, 0.782
RegionID:-1
Center:4.141,-3.821,2.246
Normal:-0.666,0.705,-0.241
NumPatches:11
2.630, -5.642, 1.098
2.687, -5.589, 1.094
4.113, -4.260, 1.042
4.219, -4.159, 1.043
4.272, -4.109, 1.043
6.841, -1.372, 1.951
6.799, -1.287, 2.312
6.605, -1.227, 3.024
6.477, -1.230, 3.370
2.500, -5.245, 2.617
1.626, -6.340, 1.832
