NumRegions:7
RegionID:-1
Center:-1.184,0.667,-0.443
Normal:-0.702,0.670,-0.240
NumPatches:9
-1.294, 0.531, -0.501
-1.058, 0.709, -0.693
-1.036, 0.732, -0.691
-1.025, 0.744, -0.690
-1.125, 0.743, -0.401
-1.153, 0.739, -0.330
-1.183, 0.732, -0.263
-1.208, 0.704, -0.265
-1.332, 0.544, -0.353
RegionID:-1
Center:2.074,-1.206,-0.432
Normal:0.319,0.003,-0.948
NumPatches:14
2.338, -3.206, -0.351
3.643, -1.390, 0.094
3.645, -1.339, 0.095
3.604, 0.307, 0.087
2.534, 0.227, -0.273
2.099, 0.184, -0.419
1.898, 0.124, -0.487
1.618, -0.063, -0.582
1.303, -0.646, -0.689
0.899, -1.734, -0.829
0.888, -1.770, -0.833
1.041, -2.261, -0.783
1.485, -3.030, -0.636
1.811, -3.349, -0.528
RegionID:-1
Center:-2.460,2.635,0.112
Normal:-0.699,0.677,-0.228
NumPatches:10
-4.377, 0.739, 0.358
-1.998, 2.623, -1.343
-1.969, 2.652, -1.346
-1.558, 3.118, -1.224
-1.415, 3.318, -1.066
-1.829, 3.639, 1.162
-2.979, 2.431, 1.100
-3.520, 1.812, 0.918
-3.928, 1.334, 0.751
-4.334, 0.854, 0.569
RegionID:-1
Center:0.206,4.740,0.340
Normal:-0.849,0.406,-0.339
NumPatches:9
0.123, 4.155, -0.153
0.189, 4.127, -0.352
0.340, 4.396, -0.407
0.390, 4.489, -0.421
0.438, 6.112, 1.401
0.280, 6.026, 1.696
0.200, 5.850, 1.684
0.153, 5.736, 1.667
-0.042, 4.227, 0.350
RegionID:-1
Center:4.285,-3.966,2.310
Normal:-0.689,0.680,-0.251
NumPatches:9
2.765, -5.934, 1.154
4.223, -4.481, 1.083
4.276, -4.427, 1.083
4.383, -4.319, 1.083
6.948, -1.387, 1.980
6.628, -1.321, 3.041
6.508, -1.312, 3.396
2.238, -5.975, 2.493
1.858, -6.574, 1.911
RegionID:-1
Center:-1.347,4.231,1.411
Normal:-0.697,0.679,-0.233
NumPatches:4
-1.770, 3.710, 1.161
-1.269, 4.167, 0.994
-0.723, 4.965, 1.685
-1.752, 3.816, 1.416
RegionID:-1
Center:7.402,-0.584,2.948
Normal:-0.706,0.662,-0.253
NumPatches:13
6.755, -1.220, 3.087
6.860, -1.249, 2.720
6.973, -1.264, 2.363
7.097, -1.267, 2.010
7.529, -0.770, 2.106
7.608, -0.679, 2.125
7.680, -0.595, 2.143
7.974, -0.085, 2.656
8.078, 0.397, 3.629
7.016, -0.741, 3.612
6.957, -0.814, 3.587
6.887, -0.901, 3.555
6.809, -0.999, 3.516
