NumRegions:4
RegionID:-1
Center:-1.940,2.479,0.263
Normal:-0.623,0.728,-0.285
NumPatches:16
-4.501, 0.308, 0.312
-1.866, 1.938, -1.278
-1.813, 1.983, -1.280
-1.786, 2.006, -1.280
-1.282, 2.486, -1.155
0.208, 3.970, -0.620
0.412, 4.210, -0.452
0.551, 4.518, 0.028
0.849, 5.412, 1.661
0.541, 5.232, 1.873
-0.251, 4.553, 1.868
-2.236, 2.662, 1.377
-2.843, 2.063, 1.171
-3.287, 1.619, 1.007
-3.693, 1.211, 0.852
-4.466, 0.420, 0.523
RegionID:-1
Center:2.024,-1.585,-0.457
Normal:0.316,0.004,-0.949
NumPatches:12
2.287, -3.577, -0.377
3.686, -1.895, 0.095
3.698, -1.788, 0.100
3.664, -0.617, 0.093
3.648, -0.568, 0.088
2.083, -0.239, -0.432
1.926, -0.221, -0.484
1.281, -1.041, -0.702
0.849, -1.790, -0.849
0.870, -2.100, -0.843
1.122, -3.006, -0.762
1.615, -3.979, -0.602
RegionID:-1
Center:3.882,-4.978,2.190
Normal:-0.673,0.704,-0.226
NumPatches:14
2.125, -6.838, 1.626
2.299, -6.789, 1.262
2.365, -6.728, 1.255
2.433, -6.665, 1.248
2.571, -6.537, 1.236
2.773, -6.349, 1.219
4.010, -5.189, 1.150
4.069, -5.133, 1.148
4.128, -5.077, 1.148
4.246, -4.965, 1.146
6.005, -2.703, 2.956
4.214, -4.474, 2.769
2.558, -6.115, 2.590
1.838, -6.872, 2.375
RegionID:-1
Center:6.566,-2.374,2.624
Normal:-0.717,0.653,-0.243
NumPatches:11
6.279, -2.675, 2.663
6.430, -2.639, 2.315
6.592, -2.588, 1.972
6.657, -2.513, 1.982
6.722, -2.438, 1.991
6.786, -2.364, 2.001
6.847, -2.293, 2.011
6.882, -1.964, 2.791
6.782, -1.935, 3.167
6.557, -2.200, 3.118
6.201, -2.623, 3.032
