NumRegions:5
RegionID:-1
Center:-2.086,2.177,0.395
Normal:-0.669,0.683,-0.294
NumPatches:12
-2.725, 1.093, -0.671
-1.551, 2.012, -1.208
-1.498, 2.060, -1.216
-1.399, 2.154, -1.224
-1.086, 2.506, -1.117
-1.002, 2.645, -0.987
-0.569, 4.151, 1.529
-0.719, 4.097, 1.745
-2.505, 2.162, 1.312
-3.228, 1.337, 1.040
-3.902, 0.566, 0.784
-4.236, 0.171, 0.626
RegionID:-1
Center:1.936,-1.665,-0.492
Normal:0.314,0.001,-0.950
NumPatches:14
2.363, -3.239, -0.353
3.712, -1.850, 0.094
3.717, -1.312, 0.097
3.718, -1.210, 0.097
3.705, -1.105, 0.093
2.298, -0.550, -0.370
1.902, -0.457, -0.501
1.721, -0.455, -0.561
1.462, -0.467, -0.646
1.271, -0.679, -0.710
0.883, -1.749, -0.839
0.889, -2.074, -0.838
1.121, -3.000, -0.763
1.617, -3.985, -0.600
RegionID:-1
Center:0.596,3.686,0.088
Normal:-0.856,0.421,-0.299
NumPatches:7
0.475, 3.305, -0.102
0.603, 3.323, -0.444
0.634, 3.374, -0.459
0.698, 3.483, -0.489
0.828, 3.821, -0.385
1.850, 7.166, 1.398
0.280, 3.320, 0.479
RegionID:-1
Center:4.050,-5.027,2.207
Normal:-0.619,0.753,-0.224
NumPatches:8
1.735, -7.096, 1.659
1.936, -7.147, 0.931
4.349, -5.088, 1.175
6.705, -2.891, 2.042
6.786, -2.590, 2.829
6.505, -2.721, 3.170
5.236, -3.731, 3.284
1.589, -6.997, 2.397
RegionID:-1
Center:7.533,-1.901,3.066
Normal:-0.677,0.703,-0.219
NumPatches:8
7.338, -2.375, 2.148
7.418, -2.294, 2.162
7.499, -2.211, 2.176
7.577, -2.131, 2.191
7.837, -1.732, 2.667
8.210, -1.045, 3.717
7.591, -1.565, 3.961
6.900, -2.442, 3.285
