NumRegions:6
RegionID:-1
Center:1.760,-1.941,-0.541
Normal:0.314,-0.002,-0.949
NumPatches:14
2.247, -3.507, -0.376
2.927, -2.431, -0.154
2.988, -1.915, -0.135
3.006, -1.724, -0.129
3.010, -1.677, -0.128
2.559, -1.374, -0.278
2.209, -1.186, -0.395
1.795, -0.965, -0.532
1.504, -0.811, -0.629
1.390, -0.771, -0.667
1.002, -1.577, -0.793
0.865, -2.090, -0.837
1.366, -3.282, -0.668
1.625, -3.869, -0.581
RegionID:-1
Center:1.401,2.377,-0.677
Normal:0.309,0.001,-0.951
NumPatches:10
1.709, 2.607, -0.577
1.929, 3.131, -0.504
1.913, 3.193, -0.510
1.892, 3.249, -0.516
1.863, 3.289, -0.525
1.101, 2.201, -0.775
1.054, 1.852, -0.791
1.070, 1.826, -0.786
1.086, 1.802, -0.780
1.135, 1.734, -0.765
RegionID:-1
Center:-1.926,1.908,0.417
Normal:-0.550,0.734,-0.400
NumPatches:13
-2.512, 0.906, -0.615
-2.351, 0.975, -0.711
-2.109, 1.116, -0.785
-2.011, 1.197, -0.771
-1.925, 1.268, -0.759
-0.934, 2.243, -0.333
-0.717, 2.457, -0.237
-0.490, 3.392, 1.164
-0.557, 3.440, 1.344
-2.342, 2.100, 1.339
-3.289, 1.225, 1.036
-3.888, 0.649, 0.803
-4.200, 0.340, 0.664
RegionID:-1
Center:1.177,3.480,0.786
Normal:-0.695,0.636,-0.337
NumPatches:9
0.586, 2.963, 1.029
0.910, 2.829, 0.107
1.164, 2.846, -0.385
1.357, 3.108, -0.289
1.580, 3.420, -0.160
2.640, 5.261, 1.132
1.684, 4.804, 2.241
0.941, 3.837, 1.946
0.893, 3.772, 1.923
RegionID:-1
Center:3.665,-5.737,2.126
Normal:-0.498,0.848,-0.182
NumPatches:9
1.705, -6.993, 1.635
2.986, -6.402, 0.885
3.061, -6.358, 0.884
6.074, -4.413, 1.705
6.098, -4.317, 2.090
6.109, -4.225, 2.485
5.964, -4.230, 2.861
2.540, -6.284, 2.652
1.571, -6.913, 2.372
RegionID:-1
Center:6.847,-3.617,3.219
Normal:-0.521,0.821,-0.233
NumPatches:6
6.549, -3.878, 2.965
6.820, -3.926, 2.190
7.271, -3.499, 2.683
7.339, -3.328, 3.134
7.055, -3.268, 3.980
6.272, -3.829, 3.756
