NumRegions:8
RegionID:-1
Center:1.426,1.980,-0.669
Normal:0.312,-0.006,-0.950
NumPatches:9
1.275, 1.465, -0.716
2.115, 2.510, -0.446
2.089, 2.609, -0.455
2.036, 2.818, -0.474
2.018, 2.867, -0.480
1.185, 2.050, -0.749
1.050, 1.856, -0.792
0.904, 1.473, -0.838
0.932, 1.438, -0.828
RegionID:-1
Center:1.688,-2.071,-0.568
Normal:0.315,-0.002,-0.949
NumPatches:14
2.233, -3.684, -0.383
2.948, -2.576, -0.148
2.977, -2.122, -0.139
2.971, -2.062, -0.141
2.505, -1.679, -0.297
1.600, -1.045, -0.599
1.438, -1.021, -0.653
1.290, -1.041, -0.702
0.871, -1.474, -0.840
0.885, -1.753, -0.835
0.934, -2.408, -0.817
1.110, -2.968, -0.758
1.319, -3.402, -0.687
1.624, -3.861, -0.585
RegionID:-1
Center:1.796,-0.967,-0.532
Normal:0.303,0.003,-0.953
NumPatches:8
1.980, -1.214, -0.475
2.047, -0.924, -0.453
1.685, -0.729, -0.567
1.386, -0.755, -0.662
1.471, -0.875, -0.635
1.617, -1.018, -0.589
1.790, -1.130, -0.535
1.972, -1.244, -0.477
RegionID:-1
Center:-2.000,1.681,0.368
Normal:-0.464,0.757,-0.459
NumPatches:13
-2.293, 0.871, -0.673
-1.785, 1.109, -0.795
-1.740, 1.141, -0.787
-1.718, 1.157, -0.783
-1.677, 1.186, -0.776
-1.150, 1.771, -0.344
-0.782, 2.578, 0.616
-0.782, 2.658, 0.747
-0.838, 2.786, 1.016
-2.698, 1.756, 1.198
-3.314, 1.266, 1.011
-3.632, 1.007, 0.907
-4.224, 0.488, 0.648
RegionID:-1
Center:-1.122,2.221,-0.413
Normal:-0.520,0.840,-0.157
NumPatches:16
-1.312, 2.108, -0.393
-1.295, 2.094, -0.519
-1.269, 2.110, -0.521
-1.242, 2.126, -0.523
-1.134, 2.192, -0.527
-1.106, 2.210, -0.528
-1.078, 2.227, -0.528
-0.916, 2.327, -0.529
-0.928, 2.344, -0.400
-0.963, 2.346, -0.271
-1.101, 2.262, -0.265
-1.129, 2.245, -0.264
-1.157, 2.227, -0.264
-1.185, 2.210, -0.264
-1.212, 2.193, -0.265
-1.266, 2.159, -0.266
RegionID:-1
Center:-0.617,2.463,-0.420
Normal:-0.473,0.864,-0.170
NumPatches:13
-0.739, 2.401, -0.398
-0.725, 2.383, -0.529
-0.667, 2.414, -0.535
-0.636, 2.430, -0.537
-0.607, 2.446, -0.539
-0.457, 2.527, -0.545
-0.496, 2.532, -0.410
-0.559, 2.524, -0.274
-0.591, 2.507, -0.272
-0.623, 2.489, -0.271
-0.654, 2.473, -0.270
-0.713, 2.440, -0.270
-0.741, 2.425, -0.270
RegionID:-1
Center:1.402,3.204,0.827
Normal:-0.651,0.685,-0.328
NumPatches:13
1.062, 2.680, 0.409
1.372, 2.670, -0.226
1.454, 2.739, -0.247
1.501, 2.778, -0.257
1.737, 3.054, -0.149
1.884, 3.298, 0.068
2.887, 5.040, 1.716
2.510, 4.834, 2.034
1.679, 4.181, 2.319
1.621, 4.114, 2.293
1.500, 3.969, 2.231
1.230, 3.535, 1.860
0.784, 2.763, 1.134
RegionID:-1
Center:2.973,-6.327,1.847
Normal:-0.452,0.880,-0.149
NumPatches:8
1.874, -6.927, 1.630
2.130, -6.858, 1.262
2.466, -6.747, 0.899
2.546, -6.706, 0.898
2.625, -6.666, 0.896
4.420, -5.560, 1.988
4.290, -5.566, 2.351
2.061, -6.710, 2.351
