NumRegions:5
RegionID:-1
Center:2.010,-1.594,-0.462
Normal:139.755,-0.133,-404.537
NumPatches:307
1.738, -0.109, -0.537
1.918, -0.144, -0.485
2.116, -0.140, -0.428
2.094, -0.162, -0.433
2.281, -0.200, -0.359
2.552, -0.258, -0.278
2.949, -0.335, -0.141
3.667, -0.433, 0.083
3.661, -0.478, 0.083
3.654, -0.523, 0.084
2.934, -0.370, -0.141
2.935, -0.406, -0.141
2.538, -0.320, -0.277
2.274, -0.256, -0.358
2.082, -0.212, -0.432
1.896, -0.168, -0.488
1.900, -0.192, -0.490
2.278, -0.228, -0.359
2.301, -0.287, -0.354
2.277, -0.313, -0.360
2.540, -0.384, -0.279
2.942, -0.444, -0.141
3.668, -0.617, 0.084
2.930, -0.516, -0.140
2.928, -0.479, -0.140
2.538, -0.448, -0.280
2.936, -0.555, -0.142
3.659, -0.709, 0.084
2.935, -0.592, -0.142
2.542, -0.480, -0.281
2.277, -0.399, -0.363
2.543, -0.513, -0.282
2.942, -0.631, -0.143
3.634, -0.844, 0.084
2.934, -0.705, -0.144
2.536, -0.577, -0.283
2.534, -0.544, -0.282
2.287, -0.459, -0.366
2.937, -0.668, -0.143
2.295, -0.519, -0.370
2.282, -0.546, -0.369
2.280, -0.575, -0.370
2.271, -0.602, -0.370
2.272, -0.632, -0.371
2.516, -0.737, -0.285
2.931, -0.820, -0.144
2.935, -0.782, -0.144
2.942, -0.746, -0.144
3.647, -0.942, 0.085
3.640, -1.037, 0.085
3.647, -1.087, 0.085
3.663, -1.141, 0.086
2.973, -0.874, -0.131
2.512, -0.770, -0.286
2.279, -0.665, -0.374
2.038, -0.572, -0.437
1.893, -0.555, -0.508
2.043, -0.628, -0.442
2.284, -0.697, -0.376
2.511, -0.803, -0.287
3.031, -0.976, -0.119
3.669, -1.193, 0.086
3.676, -1.246, 0.087
3.670, -1.294, 0.087
3.019, -1.013, -0.119
2.508, -0.837, -0.288
2.276, -0.725, -0.376
2.276, -0.756, -0.378
2.266, -0.784, -0.378
2.036, -0.681, -0.444
2.038, -0.712, -0.437
2.033, -0.734, -0.438
1.879, -0.655, -0.504
1.850, -0.668, -0.507
1.855, -0.699, -0.502
2.019, -0.788, -0.449
2.249, -0.840, -0.378
2.511, -0.907, -0.291
3.023, -1.098, -0.120
3.666, -1.344, 0.087
3.672, -1.398, 0.087
3.678, -1.452, 0.088
3.005, -1.176, -0.121
2.572, -0.997, -0.263
2.243, -0.902, -0.381
2.576, -1.072, -0.267
3.012, -1.309, -0.124
3.665, -1.552, 0.088
3.697, -1.674, 0.089
3.010, -1.398, -0.125
3.009, -1.353, -0.124
2.578, -1.110, -0.269
2.216, -0.987, -0.382
2.013, -0.873, -0.455
2.016, -0.845, -0.453
1.833, -0.740, -0.510
1.691, -0.657, -0.563
1.687, -0.704, -0.568
1.834, -0.793, -0.516
2.223, -0.957, -0.381
2.219, -1.021, -0.385
2.566, -1.220, -0.273
3.010, -1.443, -0.126
3.025, -1.497, -0.128
3.018, -1.540, -0.128
3.002, -1.579, -0.129
2.545, -1.287, -0.273
2.219, -1.088, -0.390
2.010, -0.961, -0.463
1.829, -0.846, -0.521
1.825, -0.871, -0.523
1.816, -0.895, -0.524
1.665, -0.794, -0.574
1.995, -1.015, -0.466
2.216, -1.120, -0.393
1.810, -0.948, -0.529
1.650, -0.837, -0.576
1.802, -0.916, -0.523
1.811, -0.977, -0.534
1.801, -1.001, -0.535
1.637, -0.883, -0.579
1.633, -0.907, -0.582
1.507, -0.816, -0.626
1.802, -1.031, -0.539
1.794, -1.056, -0.541
1.623, -0.982, -0.592
1.627, -0.957, -0.589
1.620, -1.008, -0.596
1.616, -1.034, -0.599
1.630, -1.071, -0.601
1.608, -1.086, -0.607
1.596, -1.107, -0.608
1.578, -1.124, -0.606
1.566, -1.146, -0.607
1.436, -1.085, -0.652
1.428, -1.049, -0.650
1.549, -1.194, -0.613
1.540, -1.218, -0.615
1.415, -1.095, -0.657
1.291, -0.997, -0.690
1.539, -1.249, -0.621
1.530, -1.274, -0.624
1.410, -1.149, -0.669
1.274, -1.036, -0.695
1.666, -1.426, -0.574
1.855, -1.553, -0.510
1.863, -1.519, -0.506
2.114, -1.714, -0.432
2.552, -2.019, -0.282
2.955, -2.280, -0.146
2.951, -2.219, -0.144
2.980, -2.184, -0.144
2.964, -2.117, -0.141
2.494, -1.724, -0.292
2.503, -1.685, -0.290
2.505, -1.641, -0.288
2.968, -1.906, -0.135
2.979, -1.861, -0.134
2.973, -1.806, -0.133
2.978, -1.759, -0.132
2.987, -1.715, -0.131
2.997, -1.672, -0.131
3.001, -1.626, -0.130
2.973, -1.961, -0.137
2.971, -2.067, -0.140
2.947, -2.332, -0.147
2.542, -2.063, -0.284
2.935, -2.444, -0.150
2.521, -2.151, -0.288
2.532, -2.107, -0.286
2.084, -1.780, -0.436
2.524, -2.208, -0.292
2.936, -2.569, -0.155
2.509, -2.251, -0.294
2.496, -2.296, -0.296
2.495, -2.352, -0.300
2.496, -2.411, -0.304
2.503, -2.478, -0.309
2.104, -2.025, -0.428
1.796, -1.795, -0.535
1.618, -1.572, -0.591
1.488, -1.405, -0.633
1.374, -1.273, -0.680
1.375, -1.239, -0.681
1.522, -1.338, -0.627
1.517, -1.295, -0.626
1.658, -1.493, -0.584
1.838, -1.622, -0.517
1.841, -1.583, -0.512
1.831, -1.657, -0.521
1.492, -1.340, -0.629
1.357, -1.286, -0.688
1.348, -1.310, -0.692
1.465, -1.455, -0.649
1.607, -1.601, -0.594
1.803, -1.759, -0.531
1.633, -1.547, -0.589
1.785, -1.829, -0.538
2.083, -2.106, -0.435
2.499, -2.536, -0.313
2.489, -2.589, -0.316
2.469, -2.632, -0.318
2.446, -2.673, -0.320
2.450, -2.745, -0.325
2.447, -2.809, -0.330
2.432, -2.863, -0.333
2.426, -2.928, -0.338
2.412, -2.984, -0.341
2.397, -3.042, -0.345
2.385, -3.104, -0.349
2.367, -3.161, -0.353
2.361, -3.234, -0.358
2.354, -3.309, -0.364
2.336, -3.370, -0.368
1.970, -2.919, -0.485
1.981, -2.859, -0.479
1.950, -2.968, -0.490
1.938, -3.029, -0.496
1.920, -3.084, -0.502
1.904, -3.144, -0.508
1.888, -3.205, -0.515
1.865, -3.255, -0.519
1.853, -3.330, -0.528
1.830, -3.385, -0.534
1.548, -2.973, -0.630
1.281, -2.387, -0.713
1.152, -2.084, -0.751
1.053, -1.860, -0.790
1.066, -1.831, -0.783
0.976, -1.626, -0.807
0.901, -1.455, -0.830
1.006, -1.585, -0.799
1.017, -1.560, -0.793
1.131, -1.693, -0.752
1.273, -1.848, -0.707
1.159, -1.646, -0.743
1.300, -1.792, -0.697
1.316, -1.768, -0.694
1.331, -1.743, -0.690
1.341, -1.711, -0.684
1.221, -1.524, -0.720
1.357, -1.646, -0.671
1.370, -1.621, -0.668
1.540, -1.781, -0.617
1.400, -1.575, -0.663
1.278, -1.407, -0.700
1.291, -1.386, -0.698
1.440, -1.503, -0.654
1.319, -1.348, -0.695
1.334, -1.330, -0.694
1.598, -1.632, -0.599
1.587, -1.662, -0.602
1.427, -1.527, -0.657
1.413, -1.551, -0.660
1.551, -1.750, -0.613
1.529, -1.814, -0.622
1.348, -1.678, -0.677
1.284, -1.817, -0.701
1.257, -1.874, -0.711
1.242, -1.902, -0.716
1.230, -1.936, -0.723
1.215, -1.965, -0.728
1.104, -1.745, -0.763
0.999, -1.618, -0.800
1.079, -1.802, -0.776
1.203, -1.999, -0.736
0.822, -1.364, -0.862
0.947, -1.670, -0.818
1.037, -1.886, -0.796
1.135, -2.113, -0.757
1.118, -2.144, -0.763
1.257, -2.482, -0.721
1.528, -3.025, -0.637
1.790, -3.513, -0.548
1.506, -3.073, -0.644
1.749, -3.651, -0.564
1.463, -3.180, -0.659
1.268, -2.679, -0.718
1.081, -2.204, -0.775
0.979, -1.948, -0.807
1.099, -2.172, -0.769
1.064, -2.238, -0.783
1.048, -2.274, -0.792
0.943, -1.997, -0.817
0.838, -1.828, -0.858
0.820, -1.847, -0.862
0.887, -2.070, -0.834
1.029, -2.307, -0.799
1.240, -2.785, -0.727
1.446, -3.246, -0.670
1.702, -3.789, -0.580
1.414, -3.282, -0.674
1.659, -3.948, -0.598
1.388, -3.335, -0.682
1.176, -2.925, -0.753
0.994, -2.384, -0.818
1.013, -2.350, -0.810
1.200, -2.882, -0.745
0.848, -2.121, -0.846
0.782, -1.885, -0.871
1.148, -2.961, -0.759
1.122, -3.002, -0.766
1.486, -3.129, -0.652
1.562, -2.913, -0.620
2.223, -1.056, -0.389
2.296, -0.344, -0.355
2.088, -0.315, -0.427
RegionID:-1
Center:-2.282,2.288,0.202
Normal:-447.180,435.730,-178.671
NumPatches:416
-4.389, 0.255, 0.352
-4.337, 0.306, 0.349
-4.344, 0.360, 0.565
-4.299, 0.410, 0.560
-4.287, 0.355, 0.345
-4.231, 0.402, 0.341
-4.247, 0.457, 0.554
-4.193, 0.504, 0.548
-4.178, 0.449, 0.338
-4.135, 0.496, 0.335
-4.149, 0.550, 0.544
-4.105, 0.595, 0.539
-4.096, 0.542, 0.333
-4.063, 0.588, 0.331
-4.053, 0.638, 0.533
-4.016, 0.683, 0.530
-4.003, 0.630, 0.327
-3.971, 0.675, 0.325
-3.966, 0.725, 0.525
-3.926, 0.767, 0.521
-3.945, 0.822, 0.727
-3.901, 0.863, 0.721
-3.850, 0.901, 0.714
-3.819, 0.943, 0.710
-3.775, 0.981, 0.705
-3.732, 1.019, 0.699
-3.694, 1.058, 0.695
-3.658, 1.096, 0.691
-3.624, 1.134, 0.687
-3.631, 1.186, 0.886
-3.592, 1.222, 0.880
-3.585, 1.170, 0.683
-3.540, 1.204, 0.677
-3.547, 1.255, 0.873
-3.515, 1.293, 0.870
-3.503, 1.239, 0.673
-3.470, 1.276, 0.670
-3.483, 1.330, 0.866
-3.449, 1.365, 0.862
-3.437, 1.312, 0.667
-3.413, 1.351, 0.666
-3.407, 1.397, 0.856
-3.379, 1.434, 0.853
-3.369, 1.381, 0.661
-3.339, 1.417, 0.658
-3.340, 1.466, 0.848
-3.305, 1.500, 0.845
-3.303, 1.450, 0.655
-3.256, 1.477, 0.650
-3.267, 1.531, 0.840
-3.240, 1.567, 0.838
-3.246, 1.620, 1.034
-3.217, 1.655, 1.032
-3.205, 1.599, 0.834
-3.132, 1.611, 0.641
-3.125, 1.557, 0.460
-3.156, 1.574, 0.642
-3.056, 1.569, 0.283
-2.396, 1.196, 0.000
-3.091, 1.540, 0.284
-2.339, 1.206, -0.163
-2.338, 1.168, -0.291
-2.366, 1.183, -0.164
-2.280, 1.173, -0.414
-2.277, 1.143, -0.542
-2.299, 1.119, -0.543
-2.319, 1.094, -0.545
-2.344, 1.070, -0.548
-2.363, 1.044, -0.549
-2.347, 1.100, -0.419
-2.395, 1.088, -0.293
-2.407, 1.130, -0.165
-2.459, 1.116, 0.000
-3.159, 1.478, 0.287
-3.222, 1.461, 0.466
-3.187, 1.492, 0.463
-2.436, 1.142, 0.000
-2.377, 1.115, -0.293
-2.301, 1.148, -0.415
-2.253, 1.166, -0.539
-2.233, 1.191, -0.538
-3.102, 1.643, 0.639
-3.072, 1.676, 0.637
-3.042, 1.709, 0.636
-3.009, 1.739, 0.634
-2.977, 1.769, 0.632
-2.948, 1.802, 0.630
-2.915, 1.831, 0.628
-2.842, 1.833, 0.448
-2.868, 1.800, 0.448
-2.821, 1.818, 0.278
-2.787, 1.845, 0.277
-2.761, 1.876, 0.276
-2.709, 1.858, 0.068
-2.659, 1.817, -0.130
-2.606, 1.828, -0.286
-2.635, 1.801, -0.286
-2.576, 1.806, -0.439
-2.548, 1.834, -0.438
-2.486, 1.847, -0.589
-2.511, 1.818, -0.589
-2.463, 1.829, -0.741
-2.434, 1.854, -0.739
-2.381, 1.858, -0.890
-2.408, 1.831, -0.892
-2.352, 1.832, -1.042
-2.326, 1.858, -1.041
-2.303, 1.887, -1.041
-2.280, 1.916, -1.041
-2.256, 1.944, -1.041
-2.224, 1.965, -1.037
-2.226, 2.021, -0.887
-2.251, 2.046, -0.736
-2.301, 2.042, -0.586
-2.327, 2.014, -0.586
-2.357, 2.029, -0.435
-2.390, 2.058, -0.285
-2.354, 2.079, -0.284
-2.330, 2.110, -0.285
-2.307, 2.142, -0.286
-2.293, 2.075, -0.433
-2.240, 2.089, -0.583
-2.268, 2.064, -0.584
-2.246, 2.136, -0.434
-2.279, 2.170, -0.286
-2.298, 2.189, -0.132
-2.362, 2.197, 0.062
-2.412, 2.223, 0.276
-2.436, 2.251, 0.445
-2.407, 2.281, 0.446
-2.373, 2.306, 0.445
-2.342, 2.335, 0.445
-2.342, 2.271, 0.277
-2.329, 2.223, 0.061
-2.301, 2.253, 0.060
-2.311, 2.302, 0.279
-2.310, 2.363, 0.445
-2.279, 2.391, 0.444
-2.251, 2.368, 0.277
-2.241, 2.314, 0.060
-2.271, 2.284, 0.059
-2.217, 2.278, -0.133
-2.217, 2.219, -0.285
-2.252, 2.199, -0.286
-2.192, 2.192, -0.434
-2.190, 2.147, -0.584
-2.189, 2.091, -0.732
-2.200, 2.047, -0.886
-2.197, 1.989, -1.036
-2.173, 2.017, -1.036
-2.168, 2.067, -0.883
-2.117, 2.065, -1.034
-2.148, 2.044, -1.036
-2.087, 2.087, -1.032
-2.065, 2.117, -1.034
-2.043, 2.146, -1.036
-2.017, 2.173, -1.036
-2.011, 2.226, -0.885
-2.055, 2.223, -0.732
-2.086, 2.201, -0.734
-2.117, 2.178, -0.735
-2.162, 2.173, -0.584
-2.162, 2.217, -0.434
-2.189, 2.247, -0.285
-2.188, 2.305, -0.133
-2.211, 2.343, 0.061
-2.183, 2.372, 0.062
-2.195, 2.427, 0.274
-2.219, 2.450, 0.444
-2.190, 2.479, 0.443
-2.163, 2.511, 0.443
-2.131, 2.537, 0.443
-2.110, 2.515, 0.274
-2.113, 2.476, 0.065
-2.105, 2.393, -0.132
-2.118, 2.344, -0.286
-2.122, 2.287, -0.437
-2.108, 2.227, -0.584
-2.169, 2.283, -0.286
-2.145, 2.315, -0.286
-2.094, 2.314, -0.437
-2.088, 2.370, -0.286
-2.042, 2.372, -0.438
-2.068, 2.343, -0.438
-2.068, 2.297, -0.589
-2.017, 2.293, -0.739
-2.037, 2.259, -0.736
-2.017, 2.354, -0.591
-2.011, 2.396, -0.438
-1.982, 2.422, -0.438
-1.955, 2.401, -0.589
-1.964, 2.348, -0.740
-1.992, 2.322, -0.740
-1.946, 2.322, -0.893
-1.941, 2.253, -1.039
-1.963, 2.222, -1.037
-1.966, 2.167, -1.190
-1.969, 2.112, -1.346
-1.991, 2.084, -1.343
-1.949, 2.143, -1.350
-1.924, 2.169, -1.352
-1.899, 2.195, -1.353
-1.890, 2.245, -1.193
-1.923, 2.289, -1.045
-1.899, 2.318, -1.048
-1.888, 2.369, -0.893
-1.937, 2.374, -0.741
-1.912, 2.404, -0.743
-1.904, 2.460, -0.592
-1.927, 2.478, -0.439
-1.947, 2.508, -0.286
-1.919, 2.537, -0.287
-1.915, 2.601, -0.131
-1.940, 2.647, 0.067
-1.907, 2.670, 0.068
-1.906, 2.714, 0.275
-1.879, 2.747, 0.276
-1.876, 2.695, 0.068
-1.846, 2.641, -0.130
-1.835, 2.621, -0.288
-1.785, 2.614, -0.442
-1.793, 2.570, -0.596
-1.821, 2.543, -0.595
-1.851, 2.518, -0.594
-1.876, 2.487, -0.593
-1.862, 2.521, -0.438
-1.892, 2.566, -0.287
-1.813, 2.586, -0.441
-1.766, 2.661, -0.286
-1.790, 2.700, -0.131
-1.817, 2.752, 0.068
-1.851, 2.778, 0.276
-1.834, 2.827, 0.446
-1.808, 2.864, 0.448
-1.810, 2.790, 0.275
-1.757, 2.809, 0.069
-1.761, 2.729, -0.131
-1.787, 2.781, 0.069
-1.733, 2.758, -0.131
-1.728, 2.840, 0.069
-1.764, 2.872, 0.278
-1.780, 2.898, 0.450
-1.777, 2.973, 0.632
-1.796, 3.002, 0.817
-1.821, 3.041, 1.013
-1.877, 3.067, 1.221
-1.908, 3.033, 1.217
-1.940, 3.001, 1.214
-1.974, 2.973, 1.213
-2.004, 2.939, 1.209
-2.036, 2.907, 1.207
-2.068, 2.877, 1.205
-2.093, 2.837, 1.200
-2.123, 2.804, 1.197
-2.157, 2.777, 1.197
-2.186, 2.744, 1.194
-2.218, 2.715, 1.194
-2.251, 2.687, 1.193
-2.279, 2.653, 1.191
-2.303, 2.615, 1.187
-2.334, 2.585, 1.186
-2.368, 2.558, 1.187
-2.398, 2.526, 1.186
-2.434, 2.502, 1.189
-2.468, 2.475, 1.191
-2.497, 2.443, 1.190
-2.525, 2.410, 1.189
-2.548, 2.372, 1.186
-2.579, 2.342, 1.187
-2.606, 2.308, 1.186
-2.642, 2.283, 1.189
-2.676, 2.255, 1.192
-2.700, 2.218, 1.190
-2.736, 2.192, 1.193
-2.734, 2.122, 0.992
-2.770, 2.095, 0.995
-2.798, 2.062, 0.995
-2.832, 2.034, 0.998
-2.865, 2.005, 1.001
-2.893, 1.972, 1.001
-2.924, 1.941, 1.004
-2.949, 1.905, 1.004
-2.983, 1.875, 1.007
-3.021, 1.848, 1.012
-3.053, 1.816, 1.015
-3.084, 1.784, 1.017
-3.117, 1.752, 1.021
-3.143, 1.716, 1.022
-3.177, 1.685, 1.026
-2.771, 2.164, 1.196
-1.843, 3.095, 1.224
-1.810, 3.128, 1.227
-1.779, 3.162, 1.231
-1.787, 3.070, 1.015
-1.748, 3.199, 1.237
-1.715, 3.233, 1.242
-1.731, 3.148, 1.025
-1.709, 3.315, 1.474
-1.674, 3.346, 1.478
-1.684, 3.271, 1.248
-1.649, 3.301, 1.251
-1.641, 3.384, 1.486
-1.607, 3.421, 1.493
-1.617, 3.340, 1.258
-1.584, 3.376, 1.264
-1.572, 3.455, 1.499
-1.536, 3.490, 1.505
-1.553, 3.418, 1.272
-1.517, 3.451, 1.277
-1.504, 3.535, 1.516
-1.469, 3.573, 1.524
-1.479, 3.481, 1.281
-1.442, 3.513, 1.286
-1.434, 3.614, 1.534
-1.396, 3.648, 1.541
-1.409, 3.556, 1.295
-1.375, 3.597, 1.304
-1.361, 3.691, 1.551
-1.325, 3.733, 1.562
-1.339, 3.636, 1.311
-1.301, 3.671, 1.317
-1.287, 3.772, 1.571
-1.248, 3.812, 1.581
-1.265, 3.713, 1.327
-1.225, 3.748, 1.333
-1.209, 3.851, 1.590
-1.171, 3.896, 1.602
-1.190, 3.796, 1.345
-1.151, 3.836, 1.353
-1.131, 3.939, 1.614
-1.091, 3.983, 1.626
-1.112, 3.878, 1.363
-1.071, 3.916, 1.371
-1.050, 4.024, 1.637
-1.008, 4.068, 1.650
-1.033, 3.967, 1.384
-0.992, 4.012, 1.395
-0.968, 4.121, 1.666
-0.924, 4.163, 1.678
-0.950, 4.053, 1.405
-0.907, 4.096, 1.416
-0.881, 4.213, 1.693
-0.835, 4.252, 1.704
-0.865, 4.143, 1.428
-0.790, 4.301, 1.719
-0.744, 4.351, 1.735
-1.742, 2.997, 0.632
-1.748, 2.925, 0.451
-1.700, 2.926, 0.279
-1.703, 2.877, 0.069
-1.704, 2.788, -0.131
-1.715, 2.726, -0.289
-1.720, 2.657, -0.441
-1.756, 2.641, -0.442
-1.698, 2.637, -0.596
-1.667, 2.660, -0.596
-1.665, 2.716, -0.444
-1.691, 2.764, -0.290
-1.660, 2.789, -0.291
-1.638, 2.835, -0.131
-1.594, 2.836, -0.291
-1.624, 2.806, -0.290
-1.575, 2.797, -0.447
-1.584, 2.749, -0.602
-1.593, 2.681, -0.753
-1.622, 2.655, -0.751
-1.650, 2.622, -0.913
-1.661, 2.562, -1.067
-1.671, 2.503, -1.223
-1.689, 2.465, -1.215
-1.714, 2.435, -1.211
-1.744, 2.414, -1.210
-1.774, 2.393, -1.211
-1.802, 2.369, -1.210
-1.827, 2.342, -1.208
-1.850, 2.311, -1.204
-1.873, 2.344, -1.049
-1.792, 2.422, -1.053
-1.811, 2.455, -0.899
-1.786, 2.484, -0.902
-1.754, 2.505, -0.901
-1.743, 2.482, -1.060
-1.644, 2.529, -1.226
-1.612, 2.549, -1.226
-1.586, 2.577, -1.230
-1.560, 2.607, -1.235
-1.676, 2.592, -0.910
-1.656, 2.638, -0.752
-1.641, 2.692, -0.599
-1.612, 2.719, -0.600
-1.554, 2.775, -0.604
-1.510, 2.770, -0.762
-1.538, 2.741, -0.759
-1.497, 2.740, -0.919
-1.478, 2.792, -0.762
-1.495, 2.831, -0.607
-1.521, 2.864, -0.451
-1.473, 2.873, -0.613
-1.426, 2.862, -0.772
-1.448, 2.820, -0.765
-1.468, 2.767, -0.922
-1.479, 2.699, -1.075
-1.454, 2.733, -1.081
-1.425, 2.760, -1.085
-1.403, 2.811, -0.925
-1.363, 2.807, -1.090
-1.392, 2.780, -1.086
-1.338, 2.843, -1.098
-1.734, 2.901, 0.279
-1.869, 2.215, -1.351
-1.992, 2.200, -1.037
-2.162, 2.410, 0.064
-2.137, 2.443, 0.064
-2.086, 2.507, 0.066
-2.217, 2.120, -0.585
-3.885, 0.758, 0.320
RegionID:-1
Center:0.130,4.215,0.583
Normal:-63.414,59.551,-23.877
NumPatches:69
0.045, 3.557, -0.325
0.092, 3.651, -0.155
0.054, 3.682, 0.068
-0.008, 3.679, 0.296
-0.053, 3.640, 0.293
-0.099, 3.654, 0.478
-0.142, 3.613, 0.473
-0.188, 3.630, 0.660
-0.233, 3.629, 0.848
-0.353, 4.624, 1.315
-0.400, 4.674, 1.584
-0.347, 4.741, 1.604
-0.291, 4.790, 1.619
-0.235, 4.859, 1.641
-0.299, 4.693, 1.333
-0.190, 3.661, 0.855
-0.145, 3.675, 0.668
-0.177, 4.922, 1.660
-0.118, 4.981, 1.679
-0.057, 5.065, 1.706
0.006, 5.130, 1.727
0.070, 5.195, 1.749
0.118, 5.149, 1.455
0.041, 3.930, 0.917
0.054, 5.075, 1.435
0.090, 3.914, 0.711
0.039, 3.784, 0.493
0.040, 3.851, 0.699
0.087, 3.793, 0.303
0.039, 3.732, 0.299
0.101, 3.722, 0.068
0.136, 3.839, 0.306
0.187, 3.903, 0.310
0.239, 3.944, 0.313
0.295, 4.018, 0.318
0.358, 4.149, 0.328
0.432, 4.388, 0.347
0.494, 4.453, 0.353
0.425, 4.144, 0.072
0.456, 4.043, -0.177
0.389, 3.904, -0.363
0.335, 3.837, -0.355
0.275, 3.705, -0.526
0.226, 3.667, -0.520
0.178, 3.620, -0.513
0.136, 3.643, -0.335
0.140, 3.702, -0.158
0.184, 3.690, -0.340
0.283, 3.792, -0.351
0.399, 3.981, -0.173
0.444, 3.960, -0.369
0.502, 4.022, -0.376
0.561, 4.084, -0.382
0.668, 4.444, -0.197
0.567, 4.449, 0.076
0.644, 5.248, 0.679
0.142, 3.975, 0.723
0.197, 4.051, 0.738
0.264, 4.296, 0.780
0.325, 4.410, 0.798
0.386, 4.486, 0.811
0.185, 5.226, 1.476
0.252, 5.293, 1.496
0.322, 5.361, 1.515
0.395, 5.455, 1.542
0.470, 5.543, 1.568
0.546, 5.622, 1.591
0.627, 5.721, 1.620
-0.054, 3.692, 0.482
RegionID:-1
Center:3.827,-4.977,2.182
Normal:102.090,-103.288,22.655
NumPatches:131
5.584, -3.021, 2.854
5.526, -3.078, 2.843
5.462, -3.130, 2.830
5.415, -3.192, 2.826
5.353, -3.245, 2.814
5.300, -3.302, 2.808
5.249, -3.360, 2.802
5.191, -3.414, 2.794
5.135, -3.468, 2.787
5.086, -3.526, 2.783
5.036, -3.584, 2.780
5.150, -3.575, 2.450
5.096, -3.631, 2.446
5.211, -3.620, 2.121
5.163, -3.681, 2.120
5.040, -3.685, 2.440
4.984, -3.640, 2.776
4.933, -3.696, 2.773
4.878, -3.749, 2.768
4.983, -3.738, 2.435
4.930, -3.793, 2.431
4.829, -3.807, 2.766
4.771, -3.858, 2.761
4.873, -3.846, 2.427
4.823, -3.903, 2.426
4.715, -3.909, 2.756
4.661, -3.961, 2.753
4.772, -3.960, 2.424
4.726, -4.021, 2.426
4.616, -4.022, 2.756
4.565, -4.078, 2.755
4.667, -4.070, 2.421
4.779, -4.069, 2.099
4.615, -4.126, 2.421
4.505, -4.124, 2.750
4.450, -4.176, 2.748
4.565, -4.183, 2.421
4.505, -4.231, 2.417
4.401, -4.233, 2.749
4.344, -4.282, 2.747
4.458, -4.291, 2.420
4.400, -4.340, 2.418
4.296, -4.340, 2.751
4.240, -4.391, 2.750
4.349, -4.396, 2.419
4.346, -4.506, 2.093
4.398, -4.449, 2.092
4.286, -4.554, 2.091
4.182, -4.552, 2.420
4.184, -4.441, 2.749
4.126, -4.378, 3.084
4.124, -4.487, 2.747
4.132, -4.610, 2.424
4.229, -4.605, 2.090
4.179, -4.665, 2.094
4.071, -4.656, 2.422
4.015, -4.709, 2.425
4.122, -4.717, 2.094
4.188, -4.770, 1.773
4.165, -4.868, 1.452
4.228, -4.819, 1.453
4.218, -4.932, 1.139
4.164, -4.993, 1.140
4.052, -4.981, 1.454
3.959, -4.989, 1.776
3.898, -5.041, 1.776
3.998, -5.042, 1.457
4.104, -5.046, 1.141
3.838, -5.095, 1.778
3.778, -5.148, 1.781
3.884, -5.156, 1.461
3.723, -5.208, 1.786
3.610, -5.224, 2.122
3.627, -5.104, 2.454
3.681, -5.045, 2.449
3.740, -4.992, 2.447
3.794, -4.932, 2.442
3.850, -4.876, 2.438
3.906, -4.819, 2.433
3.965, -4.769, 2.431
3.565, -5.151, 2.454
3.502, -5.196, 2.454
3.453, -5.263, 2.464
3.551, -5.276, 2.125
3.670, -5.272, 1.793
3.489, -5.323, 2.127
3.392, -5.311, 2.466
3.336, -5.368, 2.473
3.434, -5.382, 2.134
3.373, -5.433, 2.138
3.314, -5.487, 2.143
3.260, -5.550, 2.152
3.203, -5.610, 2.159
3.138, -5.656, 2.162
3.079, -5.714, 2.170
3.024, -5.780, 2.180
2.962, -5.834, 2.187
2.902, -5.893, 2.195
2.837, -5.944, 2.201
2.953, -5.953, 1.859
2.892, -6.015, 1.867
2.779, -6.011, 2.213
2.681, -5.985, 2.562
2.707, -5.842, 2.896
2.617, -6.040, 2.572
2.719, -6.075, 2.224
2.825, -6.064, 1.871
2.764, -6.128, 1.880
2.702, -6.192, 1.890
2.634, -6.245, 1.896
2.729, -6.255, 1.550
2.833, -6.281, 1.212
2.763, -6.331, 1.215
2.699, -6.398, 1.221
2.634, -6.466, 1.228
2.729, -6.467, 0.882
2.568, -6.533, 1.234
2.504, -6.606, 1.242
2.399, -6.570, 1.589
2.435, -6.424, 1.922
2.503, -6.366, 1.914
2.570, -6.308, 1.905
2.370, -6.492, 1.933
2.305, -6.563, 1.946
2.235, -6.620, 1.954
2.162, -6.673, 1.962
2.094, -6.746, 1.975
1.986, -6.757, 2.352
2.433, -6.663, 1.247
2.554, -6.098, 2.583
2.495, -6.170, 2.600
RegionID:-1
Center:6.444,-2.288,2.748
Normal:21.043,-21.512,5.442
NumPatches:24
6.426, -2.357, 2.664
6.352, -2.321, 3.047
6.234, -2.186, 3.386
6.477, -2.183, 3.078
6.540, -2.113, 3.094
6.705, -2.076, 2.737
6.598, -2.042, 3.108
6.794, -2.110, 2.368
6.809, -2.188, 1.992
6.882, -2.118, 2.006
6.752, -2.263, 1.983
6.696, -2.337, 1.975
6.511, -2.385, 2.307
6.369, -2.427, 2.656
6.226, -2.455, 3.014
6.115, -2.317, 3.352
6.179, -2.253, 3.371
6.002, -2.446, 3.322
5.938, -2.507, 3.303
5.892, -2.574, 3.294
5.837, -2.636, 3.281
6.444, -2.453, 2.295
6.612, -2.400, 1.959
6.292, -2.119, 3.403
