NumRegions:5
RegionID:-1
Center:1.962,-1.755,-0.482
Normal:105.685,-3.449,-330.601
NumPatches:225
1.312, -0.986, -0.694
1.316, -0.963, -0.690
1.412, -1.063, -0.648
1.591, -1.161, -0.616
1.609, -1.143, -0.608
1.603, -1.110, -0.609
1.743, -1.274, -0.563
1.931, -1.375, -0.496
1.942, -1.346, -0.494
1.944, -1.312, -0.490
1.955, -1.285, -0.489
1.958, -1.253, -0.485
2.197, -1.360, -0.410
1.962, -1.188, -0.478
2.201, -1.289, -0.404
1.968, -1.126, -0.472
1.976, -1.099, -0.470
1.824, -0.983, -0.537
1.677, -0.875, -0.580
1.506, -0.767, -0.616
1.515, -0.748, -0.616
1.665, -0.844, -0.580
1.827, -0.928, -0.530
2.013, -0.993, -0.467
2.040, -0.978, -0.461
1.845, -0.852, -0.526
2.034, -0.911, -0.463
1.873, -0.813, -0.518
2.045, -0.857, -0.460
2.257, -0.907, -0.384
2.043, -0.797, -0.455
1.865, -0.699, -0.513
1.692, -0.609, -0.557
1.708, -0.594, -0.552
1.696, -0.564, -0.553
1.703, -0.543, -0.553
1.731, -0.531, -0.552
1.898, -0.584, -0.503
2.076, -0.638, -0.450
2.290, -0.699, -0.377
2.556, -0.783, -0.292
3.072, -0.989, -0.121
3.058, -1.026, -0.121
2.549, -0.815, -0.292
3.066, -1.071, -0.122
3.053, -1.108, -0.122
2.587, -0.896, -0.280
2.629, -0.945, -0.268
2.304, -0.797, -0.374
2.037, -0.738, -0.448
1.869, -0.649, -0.510
2.053, -0.715, -0.450
2.272, -0.849, -0.383
2.614, -1.013, -0.269
3.042, -1.147, -0.122
3.714, -1.413, 0.087
3.051, -1.194, -0.123
3.715, -1.519, 0.088
3.042, -1.277, -0.124
2.606, -1.047, -0.269
3.045, -1.235, -0.124
2.606, -1.084, -0.271
3.045, -1.323, -0.125
3.731, -1.634, 0.089
3.716, -1.682, 0.089
3.718, -1.739, 0.089
3.721, -1.796, 0.090
3.054, -1.510, -0.130
3.041, -1.457, -0.128
2.589, -1.191, -0.274
2.594, -1.155, -0.272
2.246, -0.967, -0.386
2.601, -1.120, -0.271
2.236, -1.029, -0.389
2.029, -0.939, -0.464
3.722, -1.911, 0.090
3.041, -1.599, -0.131
3.061, -1.561, -0.131
3.035, -1.643, -0.132
3.031, -1.690, -0.133
3.035, -1.741, -0.134
3.014, -1.779, -0.134
3.029, -1.839, -0.137
2.543, -1.489, -0.283
2.201, -1.252, -0.401
2.537, -1.528, -0.285
3.015, -1.882, -0.137
3.014, -1.934, -0.138
2.539, -1.573, -0.288
2.186, -1.390, -0.411
2.515, -1.645, -0.290
3.002, -1.978, -0.139
2.510, -1.687, -0.292
2.973, -2.067, -0.140
2.991, -2.134, -0.143
2.552, -1.766, -0.283
2.994, -2.193, -0.145
2.985, -2.244, -0.146
2.980, -2.298, -0.147
2.970, -2.349, -0.149
2.969, -2.409, -0.150
2.553, -2.121, -0.288
2.557, -2.072, -0.285
2.546, -2.170, -0.291
2.544, -2.223, -0.294
2.529, -2.266, -0.296
2.517, -2.312, -0.298
2.519, -2.372, -0.302
2.496, -2.409, -0.303
2.492, -2.466, -0.307
2.480, -2.515, -0.310
2.461, -2.559, -0.312
2.449, -2.610, -0.315
2.441, -2.666, -0.318
2.435, -2.726, -0.323
2.418, -2.775, -0.325
2.408, -2.834, -0.329
2.396, -2.891, -0.333
2.388, -2.955, -0.337
2.367, -3.003, -0.340
2.363, -3.075, -0.345
2.006, -2.679, -0.459
2.027, -2.639, -0.455
2.353, -3.223, -0.356
1.973, -2.775, -0.468
1.990, -2.726, -0.463
2.328, -3.358, -0.366
1.946, -2.884, -0.479
1.961, -2.831, -0.473
1.939, -2.951, -0.486
1.917, -2.996, -0.490
1.894, -3.042, -0.494
1.885, -3.112, -0.503
1.873, -3.180, -0.510
1.853, -3.235, -0.516
1.825, -3.279, -0.519
1.809, -3.345, -0.527
1.530, -2.939, -0.622
1.264, -2.357, -0.704
1.150, -2.079, -0.750
1.040, -1.837, -0.781
1.178, -2.013, -0.736
1.071, -1.788, -0.770
1.208, -1.952, -0.724
1.227, -1.929, -0.721
1.242, -1.902, -0.716
1.261, -1.879, -0.714
1.277, -1.853, -0.709
1.157, -1.641, -0.742
1.305, -1.797, -0.700
1.187, -1.599, -0.735
1.197, -1.571, -0.729
1.204, -1.539, -0.721
1.217, -1.516, -0.717
1.228, -1.493, -0.713
1.390, -1.641, -0.677
1.407, -1.620, -0.676
1.416, -1.590, -0.670
1.425, -1.561, -0.665
1.429, -1.526, -0.657
1.437, -1.497, -0.652
1.447, -1.470, -0.648
1.458, -1.445, -0.645
1.468, -1.418, -0.641
1.343, -1.270, -0.680
1.477, -1.392, -0.637
1.649, -1.518, -0.587
1.499, -1.343, -0.631
1.371, -1.202, -0.670
1.527, -1.301, -0.629
1.540, -1.279, -0.628
1.552, -1.256, -0.626
1.561, -1.232, -0.623
1.570, -1.207, -0.620
1.582, -1.185, -0.619
1.506, -1.316, -0.627
1.660, -1.490, -0.584
1.639, -1.548, -0.590
1.373, -1.663, -0.679
1.318, -1.769, -0.695
1.291, -1.825, -0.705
1.191, -1.979, -0.728
0.966, -1.609, -0.799
1.165, -2.048, -0.743
0.940, -1.656, -0.811
0.859, -1.508, -0.843
1.135, -2.114, -0.758
1.116, -2.141, -0.763
1.010, -1.890, -0.793
1.096, -2.167, -0.767
1.080, -2.202, -0.775
1.058, -2.224, -0.779
1.040, -2.258, -0.786
1.019, -2.285, -0.792
1.209, -2.808, -0.729
1.420, -3.191, -0.658
1.447, -3.145, -0.652
1.471, -3.099, -0.645
1.488, -3.037, -0.636
1.511, -2.991, -0.630
1.660, -3.819, -0.581
1.638, -3.898, -0.590
1.396, -3.242, -0.665
1.185, -2.848, -0.736
0.998, -2.315, -0.798
0.978, -2.347, -0.805
0.881, -2.056, -0.829
0.862, -2.082, -0.835
0.799, -1.861, -0.865
1.607, -3.960, -0.597
1.576, -4.023, -0.605
1.545, -4.092, -0.612
1.549, -2.888, -0.615
1.698, -0.782, -0.572
2.004, -1.019, -0.468
1.505, -0.791, -0.621
1.654, -0.891, -0.585
1.657, -0.919, -0.590
1.809, -1.034, -0.540
1.621, -0.948, -0.594
1.656, -0.949, -0.586
1.787, -1.081, -0.542
1.619, -0.978, -0.589
1.986, -1.073, -0.470
1.923, -1.405, -0.499
RegionID:-1
Center:2.067,-0.306,-0.451
Normal:7.266,-1.070,-21.292
NumPatches:23
1.774, -0.206, -0.557
1.916, -0.223, -0.500
2.111, -0.243, -0.436
2.317, -0.238, -0.362
2.109, -0.190, -0.435
2.324, -0.210, -0.363
1.918, -0.174, -0.498
1.787, -0.161, -0.551
2.306, -0.267, -0.360
2.303, -0.296, -0.360
2.328, -0.329, -0.356
2.118, -0.304, -0.437
1.943, -0.307, -0.502
1.946, -0.277, -0.502
2.104, -0.364, -0.438
2.105, -0.391, -0.440
1.921, -0.327, -0.506
1.912, -0.351, -0.504
2.105, -0.419, -0.442
2.103, -0.446, -0.443
1.906, -0.375, -0.503
2.095, -0.471, -0.443
2.086, -0.496, -0.442
RegionID:-1
Center:-2.125,2.118,0.638
Normal:-327.898,396.621,-169.552
NumPatches:351
-4.292, 0.410, 0.557
-4.228, 0.456, 0.550
-4.177, 0.502, 0.545
-4.105, 0.544, 0.536
-4.053, 0.588, 0.531
-4.006, 0.631, 0.526
-4.015, 0.684, 0.732
-3.967, 0.726, 0.725
-3.958, 0.674, 0.521
-3.907, 0.714, 0.516
-3.904, 0.764, 0.716
-3.858, 0.804, 0.709
-3.809, 0.842, 0.702
-3.764, 0.881, 0.696
-3.711, 0.916, 0.689
-3.677, 0.956, 0.685
-3.669, 1.002, 0.880
-3.625, 1.038, 0.872
-3.632, 0.992, 0.679
-3.580, 1.025, 0.672
-3.584, 0.978, 0.484
-3.587, 1.074, 0.867
-3.546, 1.110, 0.860
-3.539, 1.060, 0.667
-3.498, 1.095, 0.662
-3.502, 1.143, 0.853
-3.461, 1.177, 0.847
-3.455, 1.128, 0.656
-3.414, 1.114, 0.469
-3.371, 1.099, 0.288
-2.542, 0.830, -0.003
-2.512, 0.823, -0.166
-2.479, 0.811, -0.292
-2.450, 0.800, -0.417
-2.447, 0.773, -0.546
-2.421, 0.797, -0.542
-2.389, 0.819, -0.537
-2.357, 0.841, -0.532
-2.331, 0.864, -0.528
-2.304, 0.886, -0.524
-2.273, 0.907, -0.520
-2.289, 0.939, -0.400
-2.329, 0.924, -0.280
-2.372, 0.941, -0.159
-2.405, 0.952, -0.002
-3.181, 1.257, 0.278
-3.212, 1.270, 0.452
-3.255, 1.288, 0.633
-3.333, 1.272, 0.827
-3.375, 1.240, 0.833
-3.411, 1.207, 0.838
-3.305, 1.307, 0.824
-3.302, 1.353, 1.014
-3.264, 1.385, 1.008
-3.265, 1.338, 0.818
-3.219, 1.366, 0.811
-3.226, 1.416, 1.002
-3.190, 1.447, 0.997
-3.177, 1.394, 0.805
-3.142, 1.425, 0.801
-3.150, 1.475, 0.990
-3.114, 1.505, 0.985
-3.098, 1.451, 0.795
-3.065, 1.481, 0.791
-3.077, 1.534, 0.979
-3.036, 1.561, 0.973
-3.031, 1.511, 0.787
-2.996, 1.540, 0.783
-3.005, 1.591, 0.969
-2.966, 1.618, 0.963
-2.959, 1.567, 0.778
-2.925, 1.595, 0.775
-2.934, 1.647, 0.959
-2.922, 1.700, 1.147
-2.887, 1.727, 1.142
-2.894, 1.672, 0.953
-2.893, 1.624, 0.772
-2.859, 1.651, 0.768
-2.826, 1.679, 0.765
-2.791, 1.704, 0.761
-2.726, 1.711, 0.584
-2.759, 1.685, 0.587
-2.688, 1.733, 0.581
-2.655, 1.758, 0.578
-2.657, 1.807, 0.749
-2.722, 1.804, 0.933
-2.756, 1.778, 0.936
-2.821, 1.783, 1.134
-2.853, 1.755, 1.137
-2.786, 1.810, 1.129
-2.714, 1.859, 1.118
-2.682, 1.886, 1.115
-2.697, 1.835, 0.932
-2.662, 1.859, 0.928
-2.652, 1.915, 1.113
-2.615, 1.937, 1.108
-2.627, 1.884, 0.924
-2.598, 1.862, 0.745
-2.595, 1.811, 0.575
-2.596, 1.765, 0.411
-2.627, 1.786, 0.577
-2.565, 1.791, 0.410
-2.562, 1.836, 0.572
-2.518, 1.805, 0.252
-2.545, 1.777, 0.252
-2.476, 1.792, 0.060
-2.404, 1.780, -0.122
-2.431, 1.754, -0.122
-2.413, 1.839, 0.059
-2.448, 1.848, 0.249
-2.475, 1.868, 0.406
-2.443, 1.891, 0.404
-2.413, 1.916, 0.402
-2.392, 1.901, 0.247
-2.386, 1.866, 0.059
-2.381, 1.810, -0.122
-2.351, 1.886, 0.059
-2.320, 1.909, 0.058
-2.313, 1.850, -0.121
-2.293, 1.934, 0.058
-2.261, 1.956, 0.058
-2.254, 1.896, -0.121
-2.229, 1.923, -0.121
-2.230, 1.978, 0.057
-2.194, 1.996, 0.057
-2.164, 2.019, 0.057
-2.138, 2.045, 0.057
-2.110, 2.069, 0.057
-2.082, 2.093, 0.057
-2.083, 2.130, 0.240
-2.053, 2.152, 0.239
-2.051, 2.114, 0.057
-2.026, 2.179, 0.240
-2.000, 2.205, 0.240
-1.975, 2.234, 0.241
-1.945, 2.255, 0.241
-1.897, 2.273, 0.058
-1.925, 2.249, 0.058
-1.870, 2.298, 0.058
-1.839, 2.318, 0.058
-1.809, 2.340, 0.059
-1.783, 2.366, 0.059
-1.756, 2.392, 0.059
-1.726, 2.412, 0.059
-1.698, 2.437, 0.060
-1.695, 2.477, 0.245
-1.695, 2.480, 0.395
-1.721, 2.519, 0.555
-1.691, 2.542, 0.556
-1.661, 2.565, 0.556
-1.653, 2.621, 0.723
-1.704, 2.627, 0.896
-1.735, 2.605, 0.896
-1.764, 2.579, 0.894
-1.778, 2.612, 1.076
-1.835, 2.622, 1.269
-1.866, 2.598, 1.269
-1.927, 2.609, 1.476
-1.955, 2.580, 1.474
-1.956, 2.520, 1.266
-1.987, 2.495, 1.266
-2.018, 2.471, 1.267
-2.047, 2.444, 1.266
-2.081, 2.423, 1.268
-2.109, 2.395, 1.268
-2.138, 2.368, 1.267
-2.171, 2.345, 1.269
-2.203, 2.321, 1.271
-2.234, 2.295, 1.272
-2.266, 2.271, 1.275
-2.301, 2.249, 1.278
-2.328, 2.220, 1.278
-2.358, 2.193, 1.279
-2.393, 2.171, 1.283
-2.424, 2.144, 1.285
-2.454, 2.117, 1.286
-2.483, 2.089, 1.288
-2.493, 2.046, 1.099
-2.524, 2.019, 1.101
-2.557, 1.994, 1.104
-2.589, 1.968, 1.107
-2.519, 2.066, 1.293
-1.989, 2.558, 1.475
-1.895, 2.633, 1.476
-1.803, 2.646, 1.270
-1.773, 2.671, 1.271
-1.740, 2.694, 1.271
-1.709, 2.718, 1.272
-1.721, 2.668, 1.080
-1.674, 2.652, 0.897
-1.644, 2.676, 0.898
-1.633, 2.750, 1.087
-1.677, 2.741, 1.273
-1.645, 2.765, 1.275
-1.602, 2.774, 1.089
-1.612, 2.699, 0.899
-1.585, 2.729, 0.902
-1.591, 2.666, 0.724
-1.604, 2.615, 0.558
-1.612, 2.556, 0.398
-1.628, 2.509, 0.245
-1.639, 2.480, 0.060
-1.668, 2.458, 0.060
-1.667, 2.502, 0.246
-1.643, 2.535, 0.397
-1.631, 2.587, 0.556
-1.597, 2.529, 0.245
-1.614, 2.510, 0.060
-1.566, 2.490, -0.118
-1.594, 2.467, -0.118
-1.540, 2.529, 0.061
-1.568, 2.553, 0.246
-1.535, 2.509, -0.118
-1.573, 2.636, 0.559
-1.545, 2.662, 0.560
-1.533, 2.718, 0.728
-1.556, 2.757, 0.904
-1.570, 2.798, 1.090
-1.540, 2.825, 1.093
-1.508, 2.849, 1.095
-1.523, 2.777, 0.905
-1.492, 2.802, 0.907
-1.476, 2.873, 1.097
-1.446, 2.902, 1.101
-1.433, 2.962, 1.302
-1.401, 2.989, 1.306
-1.415, 2.929, 1.105
-1.434, 2.860, 0.913
-1.381, 2.842, 0.736
-1.410, 2.814, 0.734
-1.361, 2.802, 0.567
-1.381, 2.755, 0.406
-1.352, 2.782, 0.407
-1.373, 2.738, 0.252
-1.314, 2.729, 0.063
-1.321, 2.647, -0.118
-1.352, 2.628, -0.118
-1.384, 2.611, -0.118
-1.412, 2.587, -0.118
-1.441, 2.563, -0.118
-1.468, 2.538, -0.117
-1.490, 2.589, 0.061
-1.511, 2.602, 0.247
-1.493, 2.647, 0.400
-1.516, 2.689, 0.562
-1.487, 2.714, 0.563
-1.470, 2.762, 0.730
-1.456, 2.736, 0.564
-1.463, 2.670, 0.401
-1.453, 2.649, 0.248
-1.459, 2.608, 0.061
-1.429, 2.631, 0.061
-1.342, 2.704, 0.063
-1.291, 2.670, -0.118
-1.266, 2.702, -0.119
-1.382, 2.952, 1.106
-1.370, 3.019, 1.311
-1.357, 3.084, 1.529
-1.321, 3.105, 1.531
-1.337, 3.045, 1.315
-1.304, 3.072, 1.320
-1.288, 3.133, 1.537
-1.256, 3.165, 1.545
-1.275, 3.108, 1.328
-1.241, 3.135, 1.333
-1.225, 3.200, 1.554
-1.191, 3.230, 1.561
-1.206, 3.159, 1.336
-1.172, 3.185, 1.340
-1.156, 3.259, 1.568
-1.120, 3.283, 1.573
-1.139, 3.217, 1.348
-1.104, 3.244, 1.353
-1.084, 3.312, 1.580
-1.050, 3.346, 1.590
-1.068, 3.269, 1.358
-1.035, 3.306, 1.367
-1.016, 3.381, 1.600
-0.982, 3.421, 1.612
-1.000, 3.335, 1.374
-0.964, 3.364, 1.381
-0.945, 3.448, 1.620
-0.907, 3.478, 1.628
-0.927, 3.394, 1.388
-0.890, 3.422, 1.395
-0.870, 3.512, 1.638
-0.832, 3.541, 1.647
-0.855, 3.460, 1.406
-0.793, 3.572, 1.657
-0.754, 3.606, 1.668
-0.780, 3.526, 1.424
-0.741, 3.557, 1.432
-0.717, 3.653, 1.685
-0.678, 3.689, 1.697
-0.701, 3.582, 1.438
-0.635, 3.715, 1.705
-0.593, 3.745, 1.715
-0.624, 3.661, 1.463
-0.584, 3.702, 1.476
-0.554, 3.794, 1.734
-0.512, 3.834, 1.749
-0.544, 3.741, 1.489
-0.501, 3.774, 1.499
-0.468, 3.868, 1.762
-0.423, 3.894, 1.771
-0.459, 3.815, 1.512
-0.415, 3.844, 1.522
-0.380, 3.948, 1.793
-0.335, 3.996, 1.812
-0.371, 3.886, 1.536
-0.288, 4.030, 1.826
-0.242, 4.074, 1.844
-0.193, 4.108, 1.858
-0.144, 4.145, 1.873
-0.095, 4.212, 1.902
-0.044, 4.254, 1.921
0.008, 4.303, 1.942
-3.169, 1.298, 0.448
-3.131, 1.328, 0.445
-3.094, 1.357, 0.442
-3.065, 1.389, 0.441
-3.032, 1.419, 0.438
-2.992, 1.446, 0.435
-2.385, 0.979, -0.002
-2.361, 1.003, -0.002
-2.334, 1.025, -0.002
-2.307, 0.948, -0.278
-2.266, 0.962, -0.398
-2.246, 0.928, -0.516
-2.228, 0.953, -0.515
-2.239, 0.983, -0.395
-2.252, 0.991, -0.274
-2.213, 1.005, -0.392
-2.208, 0.977, -0.513
-2.187, 1.000, -0.511
-2.183, 0.964, -0.631
-2.190, 1.027, -0.391
-2.217, 1.041, -0.273
-2.190, 1.062, -0.271
-2.148, 1.073, -0.387
-2.169, 1.050, -0.389
-2.161, 1.020, -0.507
-2.120, 1.031, -0.623
-2.144, 1.010, -0.627
-2.094, 1.050, -0.619
-2.095, 1.086, -0.501
-2.125, 1.094, -0.386
-2.051, 1.093, -0.614
-2.070, 1.071, -0.616
-2.032, 1.116, -0.613
-3.815, 0.745, 0.313
RegionID:-1
Center:0.589,3.785,0.575
Normal:-60.133,74.413,-25.912
NumPatches:69
0.585, 4.703, 1.598
0.526, 4.707, 1.863
0.461, 4.654, 1.840
0.399, 4.604, 1.819
0.338, 4.546, 1.795
0.277, 4.483, 1.769
0.217, 4.375, 1.480
0.160, 4.309, 1.458
0.106, 4.256, 1.440
0.107, 4.329, 1.707
0.162, 4.369, 1.723
0.219, 4.427, 1.746
0.152, 3.289, 0.944
0.195, 3.333, 0.957
0.235, 3.320, 0.779
0.192, 3.284, 0.770
0.279, 3.351, 0.787
0.321, 3.343, 0.612
0.276, 3.310, 0.605
0.317, 3.303, 0.436
0.362, 3.334, 0.440
0.403, 3.325, 0.272
0.358, 3.298, 0.270
0.450, 3.360, 0.274
0.507, 3.457, 0.457
0.517, 3.523, 0.649
0.471, 3.515, 0.831
0.482, 3.598, 1.041
0.652, 4.760, 1.619
0.593, 4.774, 1.892
0.732, 4.907, 1.949
0.719, 4.808, 1.638
0.523, 3.565, 0.844
0.580, 3.634, 0.862
0.635, 3.678, 0.874
0.560, 3.504, 0.463
0.613, 3.545, 0.468
0.669, 3.596, 0.475
0.731, 3.659, 0.484
0.806, 3.787, 0.502
0.905, 4.029, 0.534
0.841, 3.743, 0.304
0.913, 3.774, 0.070
0.836, 3.654, 0.067
1.016, 4.057, 0.332
1.085, 4.048, 0.074
1.003, 3.933, 0.073
1.007, 3.790, -0.168
0.909, 3.606, -0.342
0.850, 3.558, -0.336
0.795, 3.520, -0.331
0.719, 3.387, -0.489
0.681, 3.405, -0.318
0.616, 3.303, -0.473
0.580, 3.330, -0.308
0.533, 3.297, -0.304
0.494, 3.314, -0.140
0.460, 3.327, 0.064
0.508, 3.363, 0.064
0.541, 3.344, -0.142
0.631, 3.372, -0.314
0.736, 3.457, -0.324
0.971, 3.659, -0.349
1.120, 4.017, -0.181
1.291, 4.386, 0.085
1.211, 4.383, 0.362
1.726, 5.984, 0.786
1.633, 5.932, 1.085
1.039, 3.731, -0.357
RegionID:-1
Center:3.981,-5.150,2.238
Normal:90.738,-115.787,22.317
NumPatches:141
6.566, -3.231, 2.046
6.484, -3.290, 2.033
6.415, -3.355, 2.024
6.262, -3.396, 2.379
6.261, -3.294, 2.761
6.325, -3.229, 2.771
6.415, -3.177, 2.793
6.359, -3.048, 3.166
6.198, -3.358, 2.751
6.008, -3.347, 3.089
6.054, -3.475, 2.725
6.121, -3.414, 2.735
5.869, -3.461, 3.060
5.705, -3.456, 3.410
5.699, -3.552, 3.017
5.637, -3.610, 3.008
5.569, -3.663, 2.996
5.509, -3.721, 2.988
5.446, -3.777, 2.979
5.382, -3.832, 2.970
5.248, -3.831, 3.324
5.257, -3.940, 2.954
5.316, -3.883, 2.959
5.130, -3.941, 3.310
5.117, -4.036, 2.931
5.191, -3.991, 2.944
5.009, -4.047, 3.296
5.002, -4.148, 2.922
5.064, -4.095, 2.929
5.052, -4.193, 2.565
4.934, -4.195, 2.913
4.873, -4.247, 2.908
4.992, -4.248, 2.561
4.928, -4.299, 2.556
4.798, -4.287, 2.895
4.754, -4.244, 3.263
4.742, -4.343, 2.893
4.856, -4.342, 2.546
4.803, -4.401, 2.546
4.743, -4.455, 2.544
4.670, -4.496, 2.535
4.801, -4.513, 2.202
4.733, -4.559, 2.197
4.616, -4.554, 2.536
4.551, -4.602, 2.531
4.671, -4.611, 2.194
4.611, -4.665, 2.193
4.494, -4.657, 2.531
4.433, -4.708, 2.530
4.550, -4.718, 2.191
4.487, -4.768, 2.188
4.370, -4.758, 2.528
4.311, -4.811, 2.529
4.420, -4.813, 2.184
4.360, -4.867, 2.184
4.249, -4.862, 2.528
4.182, -4.907, 2.525
4.299, -4.919, 2.183
4.230, -4.962, 2.178
4.125, -4.963, 2.529
4.055, -5.005, 2.526
3.997, -5.063, 2.530
4.110, -5.069, 2.178
4.219, -5.053, 1.836
4.286, -5.005, 1.839
4.158, -5.107, 1.836
4.092, -5.158, 1.835
4.033, -5.216, 1.837
3.965, -5.264, 1.837
3.903, -5.319, 1.839
3.834, -5.364, 1.839
3.773, -5.420, 1.843
3.656, -5.431, 2.188
3.675, -5.309, 2.529
3.743, -5.267, 2.532
3.803, -5.212, 2.529
3.868, -5.163, 2.530
3.932, -5.113, 2.530
3.701, -5.197, 2.876
3.614, -5.362, 2.531
3.597, -5.487, 2.193
3.706, -5.468, 1.844
3.807, -5.466, 1.509
3.645, -5.523, 1.848
3.525, -5.525, 2.191
3.460, -5.572, 2.192
3.398, -5.626, 2.197
3.335, -5.677, 2.201
3.270, -5.727, 2.204
3.380, -5.715, 1.856
3.483, -5.725, 1.520
3.588, -5.735, 1.187
3.655, -5.685, 1.186
3.678, -5.571, 1.512
3.615, -5.625, 1.515
3.521, -5.785, 1.189
3.416, -5.774, 1.522
3.318, -5.771, 1.861
3.200, -5.767, 2.204
3.136, -5.818, 2.209
3.252, -5.820, 1.864
3.188, -5.874, 1.869
3.073, -5.873, 2.215
3.008, -5.924, 2.220
3.124, -5.929, 1.874
3.056, -5.977, 1.877
2.937, -5.966, 2.222
2.873, -6.020, 2.229
2.988, -6.024, 1.881
2.919, -6.071, 1.884
2.811, -6.080, 2.238
2.705, -6.040, 2.586
2.646, -6.108, 2.600
2.744, -6.132, 2.245
2.858, -6.137, 1.893
2.786, -6.179, 1.896
2.717, -6.230, 1.901
2.650, -6.285, 1.908
2.579, -6.331, 1.912
2.512, -6.389, 1.920
2.443, -6.447, 1.928
2.373, -6.501, 1.936
2.298, -6.544, 1.940
2.228, -6.602, 1.949
2.326, -6.622, 1.594
2.251, -6.671, 1.599
2.157, -6.661, 1.958
2.083, -6.710, 1.965
2.181, -6.734, 1.608
2.108, -6.791, 1.615
2.033, -6.844, 1.622
2.130, -6.863, 1.264
2.055, -6.919, 1.269
1.958, -6.903, 1.630
1.884, -6.964, 1.638
1.979, -6.977, 1.275
1.903, -7.037, 1.282
1.807, -7.020, 1.646
1.829, -7.106, 1.290
2.584, -6.171, 2.613
6.278, -3.482, 2.007
