NumRegions:7
RegionID:-1
Center:-0.703,2.730,-1.381
Normal:9.103,-1.173,-25.150
NumPatches:27
-0.449, 2.439, -1.297
-0.484, 2.454, -1.309
-0.518, 2.462, -1.317
-0.553, 2.472, -1.326
-0.588, 2.485, -1.338
-0.627, 2.506, -1.355
-0.666, 2.520, -1.368
-0.706, 2.540, -1.385
-0.745, 2.549, -1.395
-0.784, 2.560, -1.407
-0.827, 2.581, -1.424
-1.018, 3.046, -1.487
-0.909, 2.613, -1.454
-1.069, 3.073, -1.507
-0.975, 3.044, -1.479
-0.925, 3.017, -1.460
-0.875, 2.985, -1.438
-0.828, 2.959, -1.419
-0.784, 2.946, -1.407
-0.739, 2.928, -1.393
-0.695, 2.914, -1.381
-0.650, 2.893, -1.366
-0.605, 2.864, -1.348
-0.564, 2.848, -1.337
-0.522, 2.825, -1.323
-0.414, 2.416, -1.281
-0.441, 2.765, -1.289
RegionID:-1
Center:1.841,-0.622,-0.526
Normal:7.917,-0.128,-26.181
NumPatches:28
1.764, -0.473, -0.559
1.742, -0.488, -0.563
1.895, -0.556, -0.504
2.096, -0.595, -0.446
2.086, -0.621, -0.445
2.101, -0.652, -0.441
2.075, -0.675, -0.446
2.101, -0.716, -0.445
1.896, -0.611, -0.507
1.747, -0.542, -0.562
1.746, -0.513, -0.558
1.734, -0.560, -0.569
1.888, -0.639, -0.506
2.076, -0.734, -0.451
2.070, -0.762, -0.452
1.894, -0.671, -0.513
1.889, -0.698, -0.515
1.714, -0.605, -0.576
1.562, -0.553, -0.606
2.053, -0.786, -0.451
2.047, -0.813, -0.452
1.856, -0.768, -0.515
1.866, -0.745, -0.515
1.719, -0.657, -0.565
1.553, -0.595, -0.608
1.586, -0.517, -0.610
1.461, -0.454, -0.645
1.357, -0.434, -0.685
RegionID:-1
Center:1.520,-1.703,-0.623
Normal:45.940,-2.611,-142.559
NumPatches:137
1.810, -0.973, -0.529
1.821, -0.951, -0.529
1.677, -0.846, -0.573
1.830, -0.927, -0.528
2.018, -0.995, -0.465
2.007, -1.020, -0.465
1.518, -0.794, -0.623
1.652, -0.886, -0.580
1.805, -0.999, -0.531
2.001, -1.080, -0.470
1.985, -1.103, -0.469
2.005, -1.144, -0.468
1.975, -1.162, -0.474
1.811, -1.035, -0.528
1.788, -1.048, -0.534
1.781, -1.074, -0.536
1.623, -0.953, -0.574
1.778, -1.102, -0.539
1.770, -1.128, -0.541
1.625, -1.009, -0.584
1.955, -1.283, -0.484
2.170, -1.458, -0.413
2.159, -1.490, -0.414
1.931, -1.372, -0.491
1.939, -1.343, -0.489
1.762, -1.185, -0.548
1.609, -1.051, -0.596
1.767, -1.156, -0.545
1.616, -1.117, -0.601
1.742, -1.234, -0.551
1.917, -1.398, -0.491
2.144, -1.560, -0.419
1.908, -1.428, -0.494
1.715, -1.312, -0.558
1.582, -1.178, -0.614
1.595, -1.158, -0.613
1.603, -1.134, -0.611
1.468, -1.014, -0.643
1.575, -1.204, -0.617
1.569, -1.230, -0.621
1.699, -1.368, -0.564
1.905, -1.501, -0.503
1.547, -1.276, -0.626
1.558, -1.253, -0.623
1.422, -1.120, -0.663
1.301, -0.998, -0.692
1.290, -1.041, -0.700
1.404, -1.164, -0.668
1.531, -1.295, -0.626
1.680, -1.422, -0.569
1.672, -1.451, -0.573
1.844, -1.648, -0.513
1.653, -1.507, -0.579
1.507, -1.340, -0.630
1.391, -1.211, -0.667
1.513, -1.312, -0.625
1.662, -1.478, -0.576
1.492, -1.361, -0.631
1.640, -1.533, -0.581
1.823, -1.713, -0.519
1.812, -1.746, -0.522
1.805, -1.784, -0.527
1.794, -1.819, -0.531
1.779, -1.850, -0.534
1.766, -1.883, -0.537
1.748, -1.912, -0.539
1.591, -1.683, -0.598
1.449, -1.498, -0.654
1.459, -1.470, -0.649
1.467, -1.442, -0.644
1.488, -1.431, -0.636
1.487, -1.390, -0.637
1.351, -1.240, -0.672
1.437, -1.525, -0.658
1.424, -1.550, -0.662
1.407, -1.573, -0.664
1.387, -1.592, -0.664
1.268, -1.423, -0.702
1.372, -1.616, -0.667
1.357, -1.641, -0.670
1.249, -1.475, -0.713
1.237, -1.499, -0.717
1.343, -1.668, -0.674
1.330, -1.696, -0.678
1.478, -1.934, -0.634
1.666, -2.177, -0.575
1.644, -2.205, -0.577
1.991, -2.722, -0.461
1.616, -2.282, -0.588
1.630, -2.243, -0.582
1.951, -2.810, -0.469
1.936, -2.863, -0.474
1.659, -2.406, -0.576
1.917, -2.912, -0.478
1.660, -2.609, -0.576
1.676, -2.564, -0.570
1.637, -2.644, -0.579
1.620, -2.690, -0.585
1.605, -2.740, -0.593
1.591, -2.794, -0.601
1.291, -2.334, -0.700
1.171, -2.057, -0.745
1.184, -2.024, -0.738
1.205, -2.002, -0.736
1.217, -1.967, -0.728
1.228, -1.932, -0.720
1.241, -1.901, -0.714
1.253, -1.869, -0.708
1.265, -1.838, -0.702
1.277, -1.807, -0.696
1.290, -1.779, -0.691
1.184, -1.592, -0.733
1.317, -1.723, -0.682
1.214, -1.550, -0.727
1.302, -1.749, -0.686
1.305, -2.292, -0.691
1.154, -2.087, -0.751
1.274, -2.370, -0.706
1.553, -2.890, -0.614
1.529, -2.931, -0.619
1.117, -2.142, -0.761
1.014, -1.899, -0.796
1.025, -1.865, -0.786
1.137, -2.116, -0.757
0.915, -1.710, -0.827
1.093, -2.160, -0.763
1.072, -2.185, -0.767
1.055, -2.218, -0.774
1.034, -2.244, -0.779
1.015, -2.275, -0.786
1.000, -2.316, -0.796
0.984, -2.358, -0.807
0.963, -2.391, -0.815
0.863, -2.085, -0.835
0.781, -1.883, -0.870
0.937, -2.410, -0.817
0.823, -2.136, -0.847
RegionID:-1
Center:-2.406,4.753,0.056
Normal:-59.656,245.708,-11.627
NumPatches:165
-5.498, 3.968, -0.641
-5.383, 3.985, -0.632
-5.282, 4.012, -0.626
-5.178, 4.034, -0.619
-5.084, 4.061, -0.613
-4.984, 4.083, -0.607
-4.877, 4.096, -0.600
-4.786, 4.120, -0.595
-4.703, 4.150, -0.590
-4.639, 4.199, -0.280
-4.552, 4.223, -0.277
-4.619, 4.179, -0.586
-4.538, 4.207, -0.582
-4.473, 4.253, -0.276
-4.379, 4.267, -0.273
-4.286, 4.280, -0.270
-4.208, 4.306, -0.268
-4.120, 4.321, -0.266
-4.041, 4.343, -0.264
-3.961, 4.364, -0.262
-4.021, 4.320, -0.554
-4.084, 4.277, -0.850
-4.167, 4.258, -0.857
-4.245, 4.232, -0.862
-4.330, 4.213, -0.869
-4.413, 4.190, -0.876
-4.504, 4.171, -0.883
-3.997, 4.290, -0.843
-3.941, 4.339, -0.551
-3.878, 4.379, -0.260
-3.898, 4.421, 0.097
-3.814, 4.433, 0.097
-3.736, 4.452, 0.096
-3.660, 4.472, 0.096
-3.584, 4.490, 0.096
-3.510, 4.509, 0.095
-3.436, 4.528, 0.095
-3.359, 4.541, 0.095
-3.282, 4.552, 0.094
-3.207, 4.565, 0.094
-3.178, 4.602, 0.442
-3.112, 4.626, 0.441
-3.141, 4.590, 0.094
-3.037, 4.637, 0.440
-2.970, 4.659, 0.439
-2.897, 4.670, 0.437
-2.827, 4.685, 0.436
-2.759, 4.704, 0.435
-2.691, 4.720, 0.435
-2.619, 4.730, 0.433
-2.551, 4.747, 0.433
-2.487, 4.774, 0.699
-2.420, 4.790, 0.697
-2.483, 4.762, 0.432
-2.351, 4.802, 0.694
-2.288, 4.824, 0.693
-2.217, 4.830, 0.690
-2.157, 4.857, 0.690
-2.089, 4.865, 0.687
-2.029, 4.892, 0.687
-1.964, 4.905, 0.685
-1.900, 4.923, 0.683
-1.958, 4.894, 0.421
-1.984, 4.854, 0.091
-2.051, 4.814, -0.233
-2.113, 4.827, 0.092
-2.177, 4.812, 0.092
-2.242, 4.799, 0.093
-2.311, 4.750, -0.239
-2.378, 4.734, -0.240
-2.445, 4.717, -0.240
-2.509, 4.695, -0.240
-2.577, 4.680, -0.240
-2.635, 4.647, -0.504
-2.647, 4.667, -0.241
-2.553, 4.633, -0.763
-2.603, 4.616, -1.032
-2.657, 4.572, -1.304
-2.729, 4.572, -1.038
-2.799, 4.560, -1.042
-2.868, 4.546, -1.047
-2.965, 4.546, -0.781
-3.035, 4.530, -0.785
-3.105, 4.512, -0.788
-3.172, 4.492, -0.791
-3.240, 4.469, -0.794
-3.314, 4.455, -0.798
-3.385, 4.436, -0.802
-3.463, 4.423, -0.808
-3.531, 4.398, -0.811
-3.635, 4.419, -0.537
-3.687, 4.368, -0.822
-3.781, 4.374, -0.543
-3.838, 4.327, -0.831
-3.858, 4.354, -0.546
-3.708, 4.397, -0.540
-3.558, 4.436, -0.534
-2.897, 4.564, -0.778
-2.665, 4.593, -1.035
-2.619, 4.616, -0.765
-2.588, 4.583, -1.297
-2.526, 4.605, -1.295
-2.306, 4.781, 0.094
-2.051, 4.847, 0.091
-1.924, 4.878, 0.091
-1.894, 4.908, 0.420
-1.836, 4.937, 0.682
-1.781, 4.972, 0.949
-1.719, 4.993, 0.948
-1.773, 4.953, 0.681
-1.831, 4.925, 0.419
-1.767, 4.940, 0.418
-1.703, 4.952, 0.417
-1.640, 4.965, 0.416
-1.579, 4.985, 0.416
-1.515, 4.998, 0.415
-1.453, 5.015, 0.415
-1.391, 5.028, 0.414
-1.329, 5.047, 0.414
-1.268, 5.065, 0.414
-1.203, 5.071, 0.413
-1.113, 5.071, 0.090
-1.178, 5.020, -0.225
-1.175, 5.055, 0.090
-1.051, 5.083, 0.090
-0.994, 5.067, -0.225
-1.055, 5.049, -0.225
-0.931, 5.075, -0.225
-0.871, 5.102, -0.226
-0.809, 5.112, -0.225
-0.746, 5.122, -0.225
-0.679, 5.187, 0.090
-0.616, 5.198, 0.090
-0.685, 5.142, -0.226
-0.578, 5.226, 0.416
-0.516, 5.254, 0.679
-0.517, 5.269, 0.947
-0.585, 5.282, 1.222
-0.649, 5.265, 1.220
-0.713, 5.253, 1.220
-0.776, 5.235, 1.218
-0.839, 5.216, 1.216
-0.898, 5.183, 0.942
-0.961, 5.170, 0.942
-1.024, 5.154, 0.941
-1.086, 5.134, 0.940
-1.150, 5.126, 0.941
-1.212, 5.107, 0.941
-1.275, 5.095, 0.941
-1.339, 5.082, 0.942
-1.399, 5.056, 0.941
-1.463, 5.047, 0.943
-1.526, 5.030, 0.943
-1.589, 5.016, 0.945
-1.655, 5.008, 0.947
-0.901, 5.194, 1.214
-0.521, 5.299, 1.224
-0.453, 5.285, 0.948
-0.390, 5.305, 0.951
-0.453, 5.268, 0.418
-0.515, 5.244, 0.416
-0.553, 5.214, 0.090
-1.857, 4.848, -0.229
-1.923, 4.842, -0.231
-1.793, 4.860, -0.228
RegionID:-1
Center:0.921,2.774,0.818
Normal:70.068,22.576,13.566
NumPatches:50
0.639, 3.221, 1.300
0.667, 3.160, 1.279
0.699, 3.512, 1.209
0.694, 3.096, 1.258
0.717, 3.026, 1.234
0.713, 3.179, 1.106
0.741, 3.125, 1.091
0.742, 2.968, 1.215
0.764, 2.904, 1.194
0.787, 2.847, 1.176
0.811, 2.796, 1.161
0.830, 2.733, 1.140
0.848, 2.672, 1.120
0.893, 2.689, 0.973
0.874, 2.751, 0.991
0.914, 2.638, 0.958
0.933, 2.587, 0.943
0.954, 2.542, 0.931
0.971, 2.491, 0.916
0.988, 2.445, 0.903
1.003, 2.398, 0.890
1.009, 2.330, 0.869
1.042, 2.424, 0.757
1.081, 2.430, 0.621
1.091, 2.538, 0.500
1.075, 2.589, 0.507
1.056, 2.637, 0.512
1.060, 2.749, 0.382
1.016, 2.735, 0.524
1.001, 2.803, 0.534
0.985, 2.871, 0.544
0.961, 2.923, 0.551
0.939, 2.982, 0.561
0.923, 3.064, 0.575
0.901, 3.130, 0.585
0.877, 3.197, 0.596
0.828, 3.175, 0.759
0.781, 3.158, 0.927
0.754, 3.220, 0.941
0.802, 3.082, 0.908
0.853, 3.115, 0.747
1.035, 2.681, 0.517
1.064, 2.474, 0.628
1.104, 2.484, 0.493
1.120, 2.437, 0.487
1.101, 2.320, 0.601
1.066, 2.320, 0.733
1.101, 2.246, 0.719
1.133, 2.241, 0.589
1.138, 2.324, 0.472
RegionID:-1
Center:-4.167,-1.551,1.204
Normal:-10.788,1.960,37.115
NumPatches:26
-3.417, -1.489, 1.472
-3.424, -1.442, 1.468
-3.422, -1.391, 1.460
-3.412, -1.337, 1.448
-3.728, -1.515, 1.362
-4.060, -1.729, 1.248
-4.074, -1.676, 1.246
-4.486, -1.837, 1.107
-4.964, -2.102, 0.954
-4.973, -2.034, 0.950
-4.990, -1.969, 0.949
-4.966, -1.889, 0.940
-4.968, -1.820, 0.936
-4.978, -1.754, 0.934
-4.493, -1.518, 1.083
-4.105, -1.383, 1.226
-3.762, -1.208, 1.337
-3.445, -1.156, 1.436
-3.438, -1.201, 1.439
-3.427, -1.246, 1.441
-3.423, -1.293, 1.446
-3.449, -1.110, 1.432
-4.111, -1.328, 1.222
-4.977, -1.684, 0.930
-5.541, -1.953, 0.743
-5.544, -1.877, 0.740
RegionID:-1
Center:2.676,-2.632,1.467
Normal:31.758,12.211,15.902
NumPatches:38
2.506, -1.928, 1.248
2.509, -1.980, 1.261
2.532, -2.049, 1.285
2.544, -2.111, 1.303
2.488, -2.116, 1.483
2.496, -2.176, 1.503
2.559, -2.178, 1.325
2.567, -2.240, 1.343
2.508, -2.242, 1.528
2.525, -2.315, 1.556
2.574, -2.303, 1.361
2.605, -2.388, 1.392
2.544, -2.391, 1.587
2.555, -2.463, 1.614
2.622, -2.465, 1.417
2.640, -2.544, 1.444
2.567, -2.539, 1.643
2.601, -2.639, 1.685
2.651, -2.634, 1.476
2.679, -2.727, 1.504
2.749, -2.724, 1.295
2.763, -2.808, 1.319
2.819, -2.777, 1.110
2.864, -2.892, 1.142
2.946, -3.050, 1.191
2.880, -3.075, 1.414
2.688, -2.803, 1.527
2.607, -2.713, 1.709
2.618, -2.793, 1.736
2.666, -2.915, 1.789
2.757, -2.943, 1.584
2.808, -3.072, 1.634
2.739, -3.068, 1.860
2.762, -3.171, 1.900
2.830, -3.174, 1.669
2.905, -3.179, 1.445
2.986, -3.168, 1.223
2.996, -3.259, 1.244
