NumRegions:11
RegionID:0
Center:0.150,-0.651,1.997
Normal:-0.853,0.372,-0.366
NumPatches:417
-0.020, -0.920, 2.119
-0.039, -0.950, 2.144
-0.039, -0.937, 2.157
-0.020, -0.936, 2.113
-0.020, -0.949, 2.100
-0.020, -0.960, 2.085
-0.019, -0.968, 2.064
-0.019, -0.982, 2.055
-0.002, -0.967, 2.024
0.016, -0.954, 1.996
0.016, -0.942, 2.009
0.016, -0.931, 2.023
-0.002, -0.933, 2.065
0.016, -0.921, 2.039
0.016, -0.909, 2.053
0.033, -0.905, 2.003
0.033, -0.916, 1.990
0.050, -0.895, 1.981
0.034, -0.895, 2.020
0.034, -0.883, 2.034
0.016, -0.881, 2.071
0.017, -0.868, 2.083
0.017, -0.857, 2.099
-0.002, -0.856, 2.143
-0.020, -0.881, 2.157
-0.040, -0.897, 2.198
-0.059, -0.922, 2.213
-0.060, -0.899, 2.250
-0.082, -0.898, 2.297
-0.061, -0.884, 2.263
-0.061, -0.870, 2.277
-0.062, -0.856, 2.292
-0.062, -0.840, 2.305
-0.062, -0.825, 2.318
-0.084, -0.822, 2.366
-0.085, -0.806, 2.380
-0.085, -0.790, 2.396
-0.086, -0.776, 2.415
-0.064, -0.763, 2.377
-0.042, -0.768, 2.328
-0.063, -0.794, 2.344
-0.063, -0.810, 2.334
-0.042, -0.804, 2.315
-0.021, -0.787, 2.266
-0.022, -0.775, 2.289
-0.022, -0.757, 2.296
-0.042, -0.752, 2.341
-0.043, -0.738, 2.363
-0.043, -0.723, 2.380
-0.065, -0.715, 2.422
-0.087, -0.744, 2.451
-0.066, -0.700, 2.446
-0.043, -0.706, 2.392
-0.044, -0.688, 2.403
-0.044, -0.673, 2.424
-0.044, -0.656, 2.438
-0.023, -0.646, 2.403
-0.002, -0.636, 2.363
-0.002, -0.619, 2.378
0.019, -0.611, 2.348
0.038, -0.601, 2.308
0.039, -0.585, 2.325
0.058, -0.576, 2.288
0.058, -0.559, 2.304
0.077, -0.551, 2.269
0.078, -0.534, 2.282
0.096, -0.527, 2.250
0.097, -0.511, 2.265
0.115, -0.503, 2.230
0.115, -0.486, 2.241
0.116, -0.469, 2.254
0.134, -0.463, 2.223
0.150, -0.455, 2.187
0.167, -0.449, 2.159
0.169, -0.434, 2.175
0.184, -0.427, 2.139
0.200, -0.421, 2.109
0.215, -0.432, 2.075
0.214, -0.447, 2.061
0.226, -0.454, 2.016
0.225, -0.470, 2.006
0.209, -0.491, 2.020
0.193, -0.513, 2.038
0.177, -0.533, 2.049
0.160, -0.556, 2.069
0.143, -0.579, 2.084
0.127, -0.586, 2.111
0.128, -0.571, 2.123
0.129, -0.557, 2.139
0.145, -0.549, 2.110
0.161, -0.541, 2.079
0.143, -0.594, 2.074
0.142, -0.608, 2.060
0.141, -0.622, 2.047
0.140, -0.635, 2.033
0.139, -0.648, 2.018
0.138, -0.664, 2.012
0.155, -0.659, 1.996
0.169, -0.647, 1.962
0.184, -0.638, 1.935
0.185, -0.624, 1.944
0.186, -0.611, 1.956
0.186, -0.597, 1.965
0.188, -0.583, 1.977
0.189, -0.570, 1.991
0.176, -0.566, 2.039
0.192, -0.544, 2.024
0.192, -0.527, 2.026
0.208, -0.506, 2.010
0.224, -0.484, 1.993
0.239, -0.480, 1.974
0.203, -0.561, 1.960
0.218, -0.556, 1.941
0.231, -0.547, 1.909
0.245, -0.541, 1.888
0.246, -0.526, 1.895
0.247, -0.512, 1.903
0.260, -0.506, 1.880
0.262, -0.492, 1.891
0.276, -0.488, 1.875
0.278, -0.475, 1.888
0.280, -0.462, 1.901
0.293, -0.458, 1.884
0.294, -0.443, 1.890
0.282, -0.432, 1.916
0.269, -0.422, 1.947
0.256, -0.428, 1.972
0.243, -0.435, 2.005
0.227, -0.439, 2.025
0.244, -0.419, 2.015
0.258, -0.413, 1.986
0.271, -0.408, 1.960
0.273, -0.393, 1.970
0.284, -0.402, 1.932
0.286, -0.388, 1.944
0.298, -0.398, 1.913
0.297, -0.413, 1.904
0.308, -0.422, 1.871
0.309, -0.407, 1.877
0.320, -0.416, 1.846
0.317, -0.429, 1.833
0.304, -0.449, 1.847
0.314, -0.457, 1.816
0.302, -0.478, 1.837
0.310, -0.482, 1.792
0.313, -0.470, 1.805
0.322, -0.477, 1.772
0.321, -0.490, 1.764
0.307, -0.508, 1.775
0.318, -0.516, 1.749
0.317, -0.530, 1.744
0.327, -0.522, 1.718
0.329, -0.510, 1.728
0.319, -0.502, 1.754
0.330, -0.496, 1.733
0.337, -0.528, 1.691
0.335, -0.541, 1.683
0.334, -0.553, 1.675
0.321, -0.570, 1.682
0.310, -0.577, 1.703
0.311, -0.565, 1.712
0.313, -0.553, 1.723
0.319, -0.581, 1.674
0.306, -0.599, 1.684
0.331, -0.577, 1.660
0.333, -0.565, 1.669
0.324, -0.464, 1.782
0.326, -0.450, 1.790
0.316, -0.443, 1.822
0.327, -0.437, 1.800
0.329, -0.424, 1.811
0.331, -0.411, 1.822
0.321, -0.402, 1.854
0.322, -0.387, 1.859
0.324, -0.374, 1.874
0.313, -0.363, 1.904
0.299, -0.383, 1.922
0.301, -0.368, 1.932
0.316, -0.349, 1.919
0.304, -0.338, 1.952
0.293, -0.328, 1.994
0.279, -0.332, 2.020
0.265, -0.337, 2.046
0.250, -0.358, 2.064
0.233, -0.378, 2.075
0.217, -0.399, 2.094
0.216, -0.416, 2.085
0.232, -0.393, 2.064
0.218, -0.383, 2.103
0.220, -0.367, 2.120
0.234, -0.362, 2.087
0.236, -0.346, 2.103
0.251, -0.342, 2.077
0.252, -0.325, 2.086
0.267, -0.321, 2.059
0.281, -0.317, 2.033
0.295, -0.313, 2.006
0.306, -0.323, 1.965
0.308, -0.308, 1.978
0.321, -0.304, 1.951
0.323, -0.289, 1.962
0.311, -0.276, 1.997
0.325, -0.273, 1.975
0.327, -0.258, 1.986
0.337, -0.270, 1.947
0.335, -0.285, 1.934
0.333, -0.300, 1.923
0.331, -0.315, 1.911
0.318, -0.335, 1.932
0.330, -0.330, 1.904
0.341, -0.341, 1.876
0.339, -0.355, 1.863
0.337, -0.369, 1.850
0.342, -0.326, 1.883
0.348, -0.281, 1.911
0.339, -0.254, 1.960
0.248, -0.373, 2.050
0.333, -0.397, 1.831
0.344, -0.407, 1.805
0.341, -0.419, 1.791
0.258, -0.534, 1.866
0.257, -0.548, 1.857
0.256, -0.561, 1.847
0.240, -0.579, 1.853
0.226, -0.600, 1.869
0.211, -0.621, 1.882
0.210, -0.634, 1.873
0.223, -0.625, 1.845
0.237, -0.618, 1.826
0.239, -0.607, 1.839
0.250, -0.611, 1.806
0.251, -0.599, 1.816
0.253, -0.587, 1.828
0.254, -0.573, 1.835
0.268, -0.554, 1.823
0.283, -0.536, 1.815
0.262, -0.604, 1.784
0.261, -0.615, 1.772
0.247, -0.635, 1.784
0.235, -0.644, 1.809
0.220, -0.663, 1.819
0.205, -0.683, 1.828
0.191, -0.705, 1.844
0.176, -0.725, 1.856
0.162, -0.752, 1.883
0.174, -0.749, 1.835
0.173, -0.762, 1.827
0.187, -0.750, 1.800
0.188, -0.739, 1.810
0.175, -0.738, 1.847
0.188, -0.727, 1.819
0.190, -0.717, 1.834
0.177, -0.713, 1.865
0.178, -0.700, 1.875
0.179, -0.687, 1.883
0.180, -0.674, 1.894
0.168, -0.676, 1.947
0.152, -0.683, 1.967
0.136, -0.703, 1.974
0.120, -0.725, 1.988
0.104, -0.736, 2.019
0.089, -0.738, 2.073
0.071, -0.757, 2.075
0.053, -0.780, 2.089
0.053, -0.794, 2.079
0.052, -0.806, 2.064
0.035, -0.831, 2.081
0.017, -0.842, 2.109
0.034, -0.843, 2.066
0.034, -0.857, 2.057
0.034, -0.870, 2.044
0.051, -0.867, 1.997
0.067, -0.859, 1.977
0.084, -0.852, 1.963
0.084, -0.838, 1.970
0.068, -0.837, 2.007
0.099, -0.822, 1.931
0.114, -0.826, 1.903
0.114, -0.836, 1.888
0.098, -0.860, 1.903
0.083, -0.874, 1.934
0.066, -0.898, 1.950
0.067, -0.885, 1.959
0.082, -0.900, 1.919
0.081, -0.910, 1.904
0.096, -0.906, 1.862
0.095, -0.917, 1.852
0.094, -0.925, 1.837
0.080, -0.954, 1.861
0.064, -0.964, 1.881
0.048, -0.973, 1.898
0.064, -0.953, 1.892
0.049, -0.948, 1.915
0.032, -0.964, 1.948
0.016, -0.982, 1.983
0.033, -0.952, 1.957
0.049, -0.926, 1.939
0.079, -0.966, 1.853
0.094, -0.935, 1.824
0.108, -0.932, 1.788
0.109, -0.915, 1.817
0.110, -0.906, 1.830
0.110, -0.892, 1.835
0.096, -0.894, 1.872
0.111, -0.879, 1.841
0.126, -0.872, 1.826
0.126, -0.861, 1.835
0.112, -0.857, 1.863
0.097, -0.871, 1.892
0.113, -0.847, 1.875
0.127, -0.850, 1.846
0.128, -0.838, 1.856
0.142, -0.841, 1.826
0.155, -0.845, 1.802
0.140, -0.863, 1.806
0.154, -0.856, 1.792
0.167, -0.841, 1.760
0.180, -0.831, 1.739
0.192, -0.831, 1.709
0.193, -0.820, 1.717
0.206, -0.813, 1.701
0.207, -0.803, 1.712
0.195, -0.800, 1.739
0.208, -0.793, 1.723
0.209, -0.779, 1.725
0.204, -0.835, 1.686
0.203, -0.846, 1.679
0.202, -0.856, 1.669
0.201, -0.866, 1.661
0.213, -0.855, 1.639
0.226, -0.839, 1.637
0.238, -0.817, 1.621
0.239, -0.806, 1.627
0.229, -0.806, 1.656
0.252, -0.800, 1.616
0.253, -0.789, 1.621
0.253, -0.777, 1.626
0.261, -0.801, 1.589
0.274, -0.796, 1.579
0.156, -0.819, 1.814
0.115, -0.814, 1.913
0.052, -0.819, 2.049
0.070, -0.798, 2.043
0.070, -0.786, 2.057
0.053, -0.766, 2.100
0.071, -0.744, 2.090
0.105, -0.724, 2.033
0.134, -0.728, 1.951
0.118, -0.751, 1.965
0.118, -0.765, 1.957
0.132, -0.769, 1.924
0.133, -0.756, 1.936
0.134, -0.742, 1.941
0.135, -0.716, 1.963
0.151, -0.710, 1.947
0.137, -0.689, 1.985
0.181, -0.664, 1.912
0.192, -0.692, 1.855
0.206, -0.669, 1.835
0.221, -0.651, 1.829
0.202, -0.719, 1.799
0.203, -0.706, 1.808
0.215, -0.711, 1.779
0.200, -0.743, 1.781
0.246, -0.648, 1.776
0.257, -0.651, 1.745
0.244, -0.673, 1.760
0.231, -0.681, 1.782
0.242, -0.683, 1.749
0.239, -0.691, 1.730
0.239, -0.704, 1.724
0.250, -0.709, 1.701
0.261, -0.713, 1.675
0.260, -0.725, 1.669
0.270, -0.728, 1.645
0.282, -0.735, 1.627
0.263, -0.703, 1.685
0.264, -0.691, 1.694
0.253, -0.687, 1.719
0.276, -0.686, 1.680
0.278, -0.675, 1.689
0.288, -0.679, 1.664
0.298, -0.669, 1.638
0.307, -0.671, 1.611
0.308, -0.661, 1.618
0.310, -0.650, 1.628
0.312, -0.640, 1.637
0.302, -0.634, 1.660
0.291, -0.657, 1.682
0.294, -0.634, 1.699
0.304, -0.623, 1.669
0.314, -0.629, 1.645
0.315, -0.616, 1.651
0.324, -0.621, 1.624
0.322, -0.632, 1.618
0.325, -0.608, 1.629
0.336, -0.604, 1.617
0.258, -0.640, 1.754
0.260, -0.629, 1.767
0.274, -0.610, 1.757
0.275, -0.597, 1.764
0.212, -0.606, 1.886
0.227, -0.586, 1.876
0.157, -0.617, 2.032
0.159, -0.604, 2.045
-0.022, -0.739, 2.302
-0.002, -0.729, 2.269
0.018, -0.738, 2.236
-0.002, -0.761, 2.247
-0.002, -0.774, 2.229
0.017, -0.760, 2.187
0.036, -0.750, 2.158
0.036, -0.737, 2.176
0.037, -0.724, 2.195
0.018, -0.723, 2.251
-0.040, -0.885, 2.217
-0.021, -0.871, 2.181
RegionID:1
Center:0.590,-0.393,1.605
Normal:-0.033,-0.738,-0.674
NumPatches:38
0.522, -0.334, 1.543
0.516, -0.353, 1.564
0.509, -0.371, 1.585
0.497, -0.373, 1.592
0.489, -0.391, 1.612
0.484, -0.373, 1.594
0.476, -0.354, 1.568
0.489, -0.353, 1.566
0.483, -0.336, 1.548
0.501, -0.352, 1.562
0.496, -0.335, 1.545
0.521, -0.370, 1.579
0.532, -0.368, 1.573
0.547, -0.369, 1.575
0.562, -0.370, 1.580
0.585, -0.389, 1.604
0.592, -0.409, 1.626
0.613, -0.427, 1.642
0.621, -0.448, 1.664
0.634, -0.446, 1.660
0.627, -0.427, 1.642
0.620, -0.408, 1.623
0.612, -0.389, 1.602
0.642, -0.428, 1.643
0.646, -0.445, 1.654
0.661, -0.445, 1.656
0.655, -0.427, 1.640
0.646, -0.407, 1.619
0.638, -0.388, 1.598
0.632, -0.371, 1.584
0.651, -0.387, 1.595
0.660, -0.407, 1.617
0.669, -0.427, 1.640
0.675, -0.445, 1.654
0.682, -0.426, 1.637
0.673, -0.406, 1.614
0.685, -0.405, 1.610
0.661, -0.371, 1.586
RegionID:2
Center:0.630,-0.263,1.459
Normal:-0.050,-0.741,-0.670
NumPatches:49
0.605, -0.251, 1.451
0.596, -0.266, 1.461
0.579, -0.251, 1.451
0.566, -0.251, 1.449
0.563, -0.268, 1.474
0.549, -0.268, 1.471
0.543, -0.284, 1.489
0.537, -0.268, 1.473
0.542, -0.252, 1.452
0.555, -0.252, 1.452
0.549, -0.237, 1.437
0.560, -0.236, 1.433
0.572, -0.236, 1.432
0.593, -0.252, 1.452
0.587, -0.237, 1.438
0.562, -0.300, 1.505
0.579, -0.283, 1.482
0.619, -0.283, 1.485
0.623, -0.298, 1.496
0.632, -0.316, 1.518
0.644, -0.315, 1.514
0.636, -0.298, 1.496
0.647, -0.297, 1.491
0.641, -0.282, 1.477
0.637, -0.267, 1.467
0.628, -0.251, 1.446
0.619, -0.235, 1.426
0.602, -0.221, 1.415
0.584, -0.206, 1.401
0.630, -0.234, 1.422
0.643, -0.234, 1.423
0.662, -0.249, 1.439
0.658, -0.265, 1.457
0.654, -0.282, 1.478
0.647, -0.266, 1.462
0.673, -0.266, 1.463
0.685, -0.266, 1.462
0.677, -0.250, 1.443
0.654, -0.234, 1.421
0.697, -0.266, 1.459
0.705, -0.282, 1.477
0.711, -0.297, 1.488
0.718, -0.281, 1.476
0.708, -0.265, 1.456
0.688, -0.250, 1.442
0.700, -0.250, 1.440
0.719, -0.265, 1.454
0.732, -0.264, 1.453
0.743, -0.264, 1.451
RegionID:3
Center:0.915,-0.136,1.562
Normal:0.468,0.564,-0.681
NumPatches:66
0.794, -0.127, 1.474
0.805, -0.140, 1.471
0.797, -0.151, 1.457
0.807, -0.163, 1.451
0.785, -0.174, 1.434
0.802, -0.175, 1.444
0.817, -0.175, 1.447
0.828, -0.165, 1.466
0.816, -0.152, 1.468
0.826, -0.141, 1.486
0.838, -0.130, 1.508
0.857, -0.120, 1.542
0.872, -0.108, 1.568
0.880, -0.095, 1.583
0.900, -0.096, 1.594
0.911, -0.110, 1.590
0.882, -0.121, 1.563
0.901, -0.122, 1.571
0.919, -0.123, 1.580
0.934, -0.111, 1.605
0.922, -0.097, 1.608
0.930, -0.083, 1.622
0.943, -0.070, 1.645
0.949, -0.056, 1.655
0.936, -0.042, 1.659
0.959, -0.071, 1.648
0.950, -0.084, 1.633
0.959, -0.098, 1.623
0.977, -0.098, 1.631
0.984, -0.111, 1.618
0.997, -0.099, 1.640
1.009, -0.113, 1.636
0.997, -0.125, 1.617
0.966, -0.137, 1.589
0.962, -0.150, 1.582
0.931, -0.161, 1.554
0.903, -0.172, 1.529
0.879, -0.183, 1.510
0.885, -0.171, 1.520
0.913, -0.160, 1.545
0.901, -0.147, 1.548
0.923, -0.148, 1.563
0.929, -0.136, 1.573
0.924, -0.173, 1.541
0.911, -0.184, 1.521
0.890, -0.196, 1.507
0.880, -0.206, 1.490
0.868, -0.216, 1.470
0.887, -0.218, 1.480
0.898, -0.207, 1.498
0.907, -0.196, 1.514
0.923, -0.197, 1.519
0.927, -0.185, 1.524
0.907, -0.220, 1.492
0.896, -0.230, 1.474
0.916, -0.232, 1.486
0.947, -0.162, 1.558
0.985, -0.138, 1.598
1.007, -0.139, 1.610
1.020, -0.127, 1.631
1.022, -0.100, 1.658
1.030, -0.086, 1.670
0.991, -0.057, 1.678
0.976, -0.043, 1.677
1.016, -0.058, 1.695
1.022, -0.043, 1.705
RegionID:4
Center:0.532,-0.019,1.649
Normal:-0.920,0.312,-0.238
NumPatches:21
0.555, -0.012, 1.561
0.553, 0.001, 1.592
0.547, -0.013, 1.616
0.536, -0.027, 1.625
0.529, -0.027, 1.647
0.519, -0.042, 1.662
0.510, -0.057, 1.681
0.515, -0.043, 1.696
0.517, -0.028, 1.702
0.522, -0.028, 1.671
0.524, -0.013, 1.679
0.528, 0.001, 1.690
0.534, 0.001, 1.665
0.538, -0.013, 1.632
0.540, 0.001, 1.639
0.543, 0.016, 1.647
0.546, 0.030, 1.657
0.551, 0.015, 1.627
0.549, 0.001, 1.622
0.515, -0.071, 1.650
0.505, -0.086, 1.664
RegionID:5
Center:0.836,-0.026,1.600
Normal:0.578,0.510,-0.637
NumPatches:27
0.835, 0.059, 1.658
0.830, 0.044, 1.648
0.823, 0.030, 1.633
0.813, 0.015, 1.614
0.805, 0.001, 1.599
0.796, -0.013, 1.581
0.809, -0.026, 1.579
0.817, -0.013, 1.594
0.826, 0.001, 1.613
0.836, 0.015, 1.633
0.856, 0.001, 1.643
0.841, -0.013, 1.614
0.831, -0.027, 1.594
0.819, -0.040, 1.572
0.814, -0.053, 1.563
0.803, -0.066, 1.541
0.795, -0.079, 1.526
0.813, -0.079, 1.536
0.835, -0.080, 1.551
0.844, -0.067, 1.568
0.861, -0.054, 1.599
0.841, -0.040, 1.588
0.877, -0.041, 1.629
0.890, -0.028, 1.652
0.901, -0.042, 1.646
0.891, -0.055, 1.628
0.885, 0.001, 1.670
RegionID:6
Center:0.799,0.252,1.334
Normal:-0.024,-0.734,-0.679
NumPatches:25
0.752, 0.256, 1.332
0.767, 0.246, 1.339
0.763, 0.236, 1.351
0.774, 0.236, 1.351
0.788, 0.236, 1.353
0.803, 0.226, 1.359
0.799, 0.216, 1.373
0.812, 0.216, 1.375
0.822, 0.216, 1.372
0.794, 0.247, 1.345
0.799, 0.256, 1.333
0.780, 0.265, 1.320
0.793, 0.266, 1.323
0.784, 0.274, 1.308
0.796, 0.274, 1.309
0.791, 0.284, 1.300
0.808, 0.274, 1.310
0.801, 0.283, 1.298
0.813, 0.284, 1.300
0.823, 0.283, 1.298
0.809, 0.256, 1.331
0.825, 0.245, 1.338
0.818, 0.235, 1.346
0.831, 0.235, 1.348
0.833, 0.256, 1.331
RegionID:7
Center:0.615,0.295,1.300
Normal:-0.055,-0.735,-0.676
NumPatches:48
0.543, 0.323, 1.276
0.534, 0.313, 1.281
0.552, 0.306, 1.297
0.565, 0.295, 1.302
0.557, 0.286, 1.310
0.569, 0.286, 1.311
0.577, 0.296, 1.303
0.562, 0.305, 1.296
0.573, 0.305, 1.295
0.569, 0.314, 1.285
0.585, 0.305, 1.295
0.588, 0.296, 1.303
0.592, 0.286, 1.311
0.603, 0.286, 1.311
0.598, 0.295, 1.300
0.616, 0.287, 1.314
0.621, 0.277, 1.324
0.634, 0.267, 1.328
0.630, 0.277, 1.320
0.626, 0.286, 1.312
0.609, 0.295, 1.299
0.606, 0.304, 1.292
0.590, 0.313, 1.281
0.586, 0.322, 1.275
0.571, 0.331, 1.266
0.579, 0.340, 1.259
0.592, 0.330, 1.262
0.603, 0.330, 1.263
0.598, 0.339, 1.253
0.614, 0.331, 1.263
0.617, 0.321, 1.269
0.631, 0.311, 1.275
0.628, 0.321, 1.268
0.609, 0.339, 1.253
0.638, 0.286, 1.312
0.633, 0.295, 1.301
0.643, 0.295, 1.300
0.653, 0.276, 1.318
0.656, 0.266, 1.325
0.661, 0.257, 1.336
0.673, 0.257, 1.337
0.666, 0.266, 1.323
0.685, 0.257, 1.336
0.679, 0.266, 1.324
0.696, 0.257, 1.335
0.702, 0.247, 1.348
0.691, 0.266, 1.326
0.701, 0.266, 1.324
RegionID:8
Center:0.349,0.400,1.133
Normal:0.043,-0.574,-0.818
NumPatches:500
0.193, 0.328, 1.176
0.194, 0.320, 1.182
0.205, 0.319, 1.181
0.215, 0.320, 1.183
0.227, 0.311, 1.189
0.226, 0.320, 1.183
0.224, 0.328, 1.176
0.213, 0.337, 1.171
0.211, 0.345, 1.163
0.200, 0.353, 1.157
0.190, 0.353, 1.157
0.180, 0.353, 1.156
0.171, 0.344, 1.161
0.162, 0.336, 1.168
0.151, 0.336, 1.167
0.141, 0.336, 1.166
0.172, 0.336, 1.167
0.160, 0.353, 1.157
0.170, 0.353, 1.157
0.170, 0.362, 1.152
0.159, 0.370, 1.146
0.148, 0.369, 1.144
0.158, 0.378, 1.141
0.157, 0.386, 1.135
0.156, 0.394, 1.130
0.167, 0.386, 1.136
0.166, 0.394, 1.130
0.165, 0.402, 1.124
0.164, 0.409, 1.117
0.174, 0.410, 1.119
0.173, 0.417, 1.112
0.172, 0.424, 1.105
0.172, 0.432, 1.102
0.182, 0.424, 1.105
0.181, 0.432, 1.100
0.191, 0.432, 1.101
0.177, 0.387, 1.137
0.178, 0.378, 1.142
0.169, 0.370, 1.147
0.188, 0.378, 1.140
0.197, 0.377, 1.139
0.208, 0.370, 1.146
0.210, 0.362, 1.153
0.211, 0.353, 1.158
0.220, 0.362, 1.154
0.231, 0.354, 1.161
0.230, 0.362, 1.152
0.241, 0.354, 1.161
0.242, 0.346, 1.166
0.253, 0.346, 1.166
0.262, 0.345, 1.165
0.261, 0.354, 1.160
0.260, 0.362, 1.154
0.270, 0.362, 1.154
0.269, 0.371, 1.150
0.257, 0.378, 1.142
0.256, 0.386, 1.136
0.245, 0.394, 1.130
0.235, 0.394, 1.129
0.225, 0.393, 1.128
0.216, 0.386, 1.134
0.207, 0.378, 1.141
0.206, 0.386, 1.134
0.218, 0.378, 1.142
0.215, 0.394, 1.129
0.214, 0.401, 1.123
0.224, 0.401, 1.123
0.223, 0.410, 1.119
0.212, 0.417, 1.113
0.202, 0.417, 1.112
0.211, 0.425, 1.108
0.222, 0.417, 1.113
0.220, 0.424, 1.106
0.232, 0.417, 1.114
0.241, 0.418, 1.114
0.240, 0.425, 1.109
0.229, 0.432, 1.100
0.250, 0.426, 1.111
0.249, 0.434, 1.106
0.260, 0.426, 1.111
0.269, 0.426, 1.110
0.268, 0.432, 1.102
0.277, 0.432, 1.102
0.276, 0.441, 1.099
0.286, 0.441, 1.100
0.297, 0.434, 1.105
0.299, 0.426, 1.111
0.300, 0.419, 1.117
0.291, 0.410, 1.120
0.282, 0.410, 1.120
0.273, 0.402, 1.125
0.265, 0.395, 1.133
0.255, 0.394, 1.131
0.266, 0.387, 1.138
0.267, 0.378, 1.142
0.278, 0.379, 1.144
0.289, 0.371, 1.149
0.290, 0.362, 1.155
0.302, 0.354, 1.160
0.300, 0.362, 1.153
0.312, 0.354, 1.160
0.322, 0.354, 1.161
0.333, 0.355, 1.162
0.332, 0.364, 1.158
0.320, 0.372, 1.153
0.317, 0.379, 1.143
0.305, 0.386, 1.136
0.295, 0.386, 1.135
0.287, 0.378, 1.142
0.286, 0.387, 1.137
0.275, 0.395, 1.133
0.294, 0.394, 1.130
0.304, 0.395, 1.132
0.303, 0.402, 1.126
0.301, 0.410, 1.121
0.313, 0.403, 1.127
0.314, 0.395, 1.133
0.325, 0.395, 1.134
0.323, 0.403, 1.128
0.336, 0.397, 1.138
0.337, 0.388, 1.142
0.339, 0.380, 1.148
0.350, 0.372, 1.153
0.342, 0.364, 1.159
0.352, 0.364, 1.161
0.362, 0.364, 1.160
0.372, 0.364, 1.159
0.370, 0.372, 1.153
0.369, 0.380, 1.149
0.357, 0.389, 1.143
0.348, 0.380, 1.148
0.347, 0.389, 1.144
0.367, 0.389, 1.143
0.377, 0.389, 1.143
0.375, 0.397, 1.138
0.363, 0.404, 1.130
0.353, 0.403, 1.129
0.343, 0.404, 1.131
0.333, 0.404, 1.131
0.351, 0.411, 1.123
0.360, 0.411, 1.122
0.374, 0.405, 1.133
0.384, 0.405, 1.134
0.387, 0.389, 1.145
0.389, 0.381, 1.149
0.390, 0.372, 1.154
0.403, 0.364, 1.161
0.400, 0.372, 1.153
0.414, 0.365, 1.162
0.415, 0.356, 1.166
0.416, 0.347, 1.169
0.420, 0.340, 1.180
0.422, 0.331, 1.186
0.433, 0.331, 1.187
0.442, 0.331, 1.185
0.439, 0.339, 1.177
0.452, 0.331, 1.185
0.454, 0.322, 1.190
0.468, 0.314, 1.199
0.461, 0.305, 1.207
0.453, 0.296, 1.213
0.442, 0.296, 1.212
0.431, 0.296, 1.210
0.422, 0.286, 1.215
0.424, 0.277, 1.221
0.426, 0.268, 1.228
0.418, 0.259, 1.235
0.407, 0.259, 1.234
0.396, 0.259, 1.234
0.383, 0.268, 1.227
0.373, 0.268, 1.227
0.360, 0.277, 1.222
0.349, 0.277, 1.220
0.337, 0.286, 1.215
0.326, 0.286, 1.214
0.316, 0.286, 1.214
0.303, 0.294, 1.205
0.301, 0.303, 1.199
0.290, 0.312, 1.194
0.280, 0.303, 1.198
0.270, 0.303, 1.198
0.259, 0.303, 1.197
0.248, 0.311, 1.190
0.237, 0.311, 1.189
0.258, 0.312, 1.191
0.279, 0.312, 1.193
0.300, 0.312, 1.194
0.312, 0.304, 1.200
0.314, 0.295, 1.209
0.325, 0.295, 1.209
0.336, 0.295, 1.209
0.348, 0.286, 1.215
0.347, 0.296, 1.211
0.345, 0.305, 1.205
0.342, 0.312, 1.193
0.340, 0.321, 1.188
0.328, 0.330, 1.183
0.318, 0.330, 1.182
0.309, 0.321, 1.186
0.310, 0.312, 1.193
0.321, 0.313, 1.195
0.307, 0.329, 1.180
0.338, 0.330, 1.182
0.337, 0.339, 1.176
0.347, 0.339, 1.176
0.357, 0.339, 1.176
0.369, 0.330, 1.182
0.372, 0.322, 1.190
0.384, 0.313, 1.196
0.375, 0.304, 1.201
0.365, 0.304, 1.201
0.355, 0.304, 1.203
0.385, 0.304, 1.200
0.382, 0.322, 1.190
0.367, 0.339, 1.177
0.350, 0.321, 1.188
0.371, 0.277, 1.222
0.394, 0.268, 1.228
0.431, 0.249, 1.242
0.429, 0.259, 1.235
0.442, 0.249, 1.242
0.453, 0.249, 1.242
0.450, 0.259, 1.235
0.437, 0.268, 1.228
0.448, 0.268, 1.228
0.459, 0.268, 1.229
0.419, 0.295, 1.207
0.465, 0.287, 1.217
0.463, 0.296, 1.213
0.470, 0.305, 1.204
0.464, 0.321, 1.189
0.474, 0.331, 1.186
0.461, 0.340, 1.182
0.451, 0.340, 1.180
0.448, 0.348, 1.174
0.436, 0.356, 1.167
0.425, 0.356, 1.167
0.424, 0.365, 1.163
0.422, 0.374, 1.158
0.418, 0.380, 1.148
0.407, 0.388, 1.143
0.397, 0.389, 1.144
0.416, 0.388, 1.143
0.415, 0.397, 1.138
0.425, 0.397, 1.138
0.423, 0.406, 1.135
0.411, 0.413, 1.129
0.399, 0.420, 1.122
0.389, 0.420, 1.122
0.379, 0.420, 1.120
0.377, 0.427, 1.115
0.375, 0.435, 1.109
0.374, 0.443, 1.105
0.362, 0.450, 1.098
0.352, 0.449, 1.097
0.341, 0.457, 1.093
0.333, 0.450, 1.098
0.329, 0.463, 1.084
0.320, 0.463, 1.084
0.310, 0.463, 1.085
0.303, 0.456, 1.090
0.295, 0.449, 1.097
0.296, 0.441, 1.100
0.307, 0.434, 1.106
0.308, 0.426, 1.111
0.318, 0.425, 1.110
0.317, 0.434, 1.106
0.327, 0.425, 1.109
0.304, 0.449, 1.096
0.292, 0.463, 1.085
0.280, 0.469, 1.077
0.270, 0.478, 1.075
0.260, 0.485, 1.070
0.250, 0.484, 1.068
0.241, 0.484, 1.069
0.232, 0.485, 1.069
0.223, 0.477, 1.074
0.214, 0.477, 1.073
0.205, 0.469, 1.076
0.196, 0.461, 1.079
0.188, 0.454, 1.085
0.187, 0.461, 1.079
0.197, 0.454, 1.084
0.198, 0.447, 1.091
0.206, 0.461, 1.079
0.195, 0.468, 1.075
0.204, 0.476, 1.071
0.213, 0.484, 1.068
0.222, 0.484, 1.068
0.231, 0.491, 1.064
0.229, 0.498, 1.058
0.228, 0.504, 1.052
0.238, 0.497, 1.057
0.237, 0.505, 1.053
0.236, 0.512, 1.049
0.246, 0.513, 1.051
0.256, 0.505, 1.054
0.247, 0.497, 1.057
0.257, 0.498, 1.058
0.265, 0.506, 1.055
0.275, 0.498, 1.059
0.277, 0.491, 1.064
0.269, 0.485, 1.070
0.279, 0.477, 1.074
0.290, 0.470, 1.080
0.301, 0.463, 1.085
0.298, 0.478, 1.075
0.297, 0.484, 1.069
0.286, 0.491, 1.064
0.295, 0.491, 1.064
0.307, 0.477, 1.074
0.317, 0.477, 1.074
0.315, 0.484, 1.069
0.325, 0.485, 1.069
0.323, 0.492, 1.065
0.312, 0.498, 1.059
0.302, 0.506, 1.056
0.292, 0.512, 1.050
0.301, 0.513, 1.052
0.312, 0.506, 1.057
0.311, 0.514, 1.053
0.321, 0.506, 1.057
0.322, 0.499, 1.061
0.333, 0.493, 1.067
0.332, 0.499, 1.062
0.343, 0.493, 1.069
0.345, 0.486, 1.074
0.355, 0.479, 1.078
0.354, 0.487, 1.074
0.365, 0.480, 1.079
0.375, 0.480, 1.079
0.373, 0.486, 1.074
0.371, 0.494, 1.070
0.369, 0.501, 1.064
0.368, 0.508, 1.061
0.378, 0.500, 1.064
0.377, 0.508, 1.061
0.388, 0.501, 1.064
0.390, 0.494, 1.069
0.382, 0.486, 1.073
0.384, 0.480, 1.079
0.386, 0.473, 1.085
0.378, 0.465, 1.090
0.368, 0.465, 1.088
0.360, 0.457, 1.093
0.351, 0.457, 1.093
0.340, 0.464, 1.087
0.359, 0.464, 1.088
0.372, 0.451, 1.100
0.384, 0.443, 1.105
0.395, 0.435, 1.110
0.397, 0.428, 1.117
0.410, 0.422, 1.125
0.420, 0.421, 1.124
0.418, 0.429, 1.119
0.429, 0.421, 1.123
0.430, 0.412, 1.127
0.433, 0.405, 1.134
0.434, 0.397, 1.138
0.436, 0.388, 1.143
0.439, 0.381, 1.149
0.442, 0.373, 1.158
0.444, 0.365, 1.163
0.446, 0.356, 1.168
0.455, 0.365, 1.164
0.467, 0.357, 1.170
0.465, 0.365, 1.164
0.477, 0.357, 1.170
0.489, 0.348, 1.173
0.481, 0.340, 1.180
0.471, 0.340, 1.181
0.485, 0.331, 1.188
0.493, 0.340, 1.183
0.507, 0.332, 1.191
0.487, 0.357, 1.169
0.497, 0.357, 1.169
0.495, 0.365, 1.164
0.493, 0.374, 1.158
0.480, 0.382, 1.152
0.473, 0.374, 1.160
0.490, 0.382, 1.153
0.502, 0.373, 1.158
0.500, 0.382, 1.153
0.446, 0.389, 1.143
0.445, 0.397, 1.138
0.456, 0.389, 1.143
0.455, 0.397, 1.138
0.453, 0.406, 1.135
0.440, 0.412, 1.126
0.438, 0.420, 1.122
0.427, 0.429, 1.118
0.425, 0.436, 1.112
0.422, 0.443, 1.105
0.435, 0.436, 1.112
0.432, 0.443, 1.105
0.430, 0.450, 1.100
0.427, 0.458, 1.095
0.426, 0.466, 1.090
0.425, 0.474, 1.087
0.414, 0.482, 1.084
0.401, 0.487, 1.075
0.391, 0.486, 1.073
0.400, 0.494, 1.071
0.412, 0.488, 1.078
0.409, 0.495, 1.071
0.419, 0.495, 1.072
0.417, 0.502, 1.068
0.428, 0.496, 1.073
0.438, 0.496, 1.074
0.436, 0.503, 1.069
0.424, 0.509, 1.062
0.430, 0.515, 1.055
0.448, 0.496, 1.075
0.449, 0.488, 1.078
0.442, 0.481, 1.083
0.434, 0.474, 1.088
0.423, 0.481, 1.084
0.436, 0.466, 1.091
0.444, 0.474, 1.089
0.451, 0.481, 1.081
0.460, 0.480, 1.081
0.472, 0.474, 1.087
0.474, 0.466, 1.092
0.476, 0.458, 1.096
0.490, 0.453, 1.106
0.501, 0.445, 1.110
0.494, 0.438, 1.116
0.483, 0.466, 1.091
0.493, 0.466, 1.091
0.500, 0.473, 1.087
0.498, 0.481, 1.082
0.487, 0.489, 1.079
0.480, 0.482, 1.085
0.467, 0.488, 1.076
0.457, 0.496, 1.074
0.445, 0.503, 1.069
0.455, 0.503, 1.069
0.466, 0.495, 1.073
0.464, 0.503, 1.069
0.461, 0.509, 1.063
0.460, 0.517, 1.059
0.469, 0.517, 1.060
0.479, 0.517, 1.060
0.488, 0.517, 1.060
0.497, 0.517, 1.060
0.505, 0.516, 1.058
0.517, 0.509, 1.063
0.519, 0.503, 1.068
0.522, 0.496, 1.074
0.515, 0.489, 1.079
0.508, 0.482, 1.084
0.496, 0.488, 1.078
0.485, 0.496, 1.074
0.475, 0.496, 1.073
0.518, 0.482, 1.085
0.524, 0.489, 1.079
0.534, 0.489, 1.078
0.543, 0.489, 1.079
0.542, 0.497, 1.076
0.529, 0.503, 1.069
0.527, 0.510, 1.064
0.514, 0.516, 1.057
0.554, 0.490, 1.081
0.557, 0.483, 1.086
0.563, 0.490, 1.081
0.551, 0.497, 1.076
0.561, 0.497, 1.076
0.570, 0.497, 1.077
0.580, 0.498, 1.077
0.577, 0.504, 1.071
0.591, 0.499, 1.080
0.444, 0.436, 1.112
0.446, 0.428, 1.117
0.448, 0.421, 1.122
0.460, 0.413, 1.128
0.463, 0.405, 1.134
0.465, 0.397, 1.139
0.476, 0.398, 1.142
0.473, 0.406, 1.136
0.470, 0.413, 1.129
0.455, 0.428, 1.116
0.393, 0.443, 1.106
0.392, 0.451, 1.101
0.381, 0.459, 1.096
0.390, 0.459, 1.096
0.388, 0.465, 1.090
0.274, 0.505, 1.054
0.273, 0.513, 1.051
0.217, 0.455, 1.088
0.218, 0.448, 1.093
0.227, 0.448, 1.094
0.226, 0.455, 1.089
0.215, 0.461, 1.081
0.225, 0.462, 1.083
0.224, 0.470, 1.078
0.236, 0.455, 1.088
0.237, 0.447, 1.092
0.272, 0.410, 1.120
0.238, 0.370, 1.146
0.223, 0.337, 1.171
RegionID:9
Center:0.651,0.368,1.219
Normal:-0.037,-0.739,-0.672
NumPatches:50
0.700, 0.329, 1.259
0.706, 0.338, 1.251
0.689, 0.346, 1.240
0.686, 0.355, 1.234
0.669, 0.363, 1.224
0.659, 0.363, 1.224
0.654, 0.371, 1.215
0.641, 0.380, 1.210
0.625, 0.387, 1.199
0.618, 0.379, 1.207
0.613, 0.372, 1.217
0.599, 0.380, 1.210
0.595, 0.388, 1.201
0.580, 0.395, 1.193
0.590, 0.395, 1.193
0.600, 0.395, 1.192
0.596, 0.402, 1.184
0.592, 0.410, 1.176
0.607, 0.403, 1.184
0.603, 0.410, 1.176
0.599, 0.418, 1.168
0.604, 0.425, 1.160
0.615, 0.425, 1.160
0.624, 0.424, 1.159
0.617, 0.402, 1.184
0.622, 0.395, 1.193
0.614, 0.387, 1.199
0.609, 0.380, 1.210
0.623, 0.371, 1.216
0.617, 0.363, 1.225
0.632, 0.355, 1.234
0.628, 0.348, 1.246
0.631, 0.339, 1.254
0.637, 0.347, 1.243
0.651, 0.338, 1.250
0.648, 0.347, 1.244
0.627, 0.363, 1.224
0.635, 0.387, 1.199
0.665, 0.371, 1.216
0.695, 0.354, 1.232
0.720, 0.329, 1.257
0.727, 0.321, 1.269
0.737, 0.321, 1.267
0.748, 0.321, 1.267
0.742, 0.329, 1.256
0.738, 0.338, 1.249
0.730, 0.345, 1.237
0.747, 0.337, 1.247
0.764, 0.312, 1.275
0.770, 0.320, 1.266
RegionID:10
Center:0.099,0.471,1.069
Normal:-0.063,-0.722,-0.689
NumPatches:23
0.084, 0.456, 1.089
0.075, 0.448, 1.093
0.066, 0.448, 1.094
0.065, 0.456, 1.089
0.056, 0.461, 1.081
0.065, 0.461, 1.080
0.065, 0.468, 1.075
0.074, 0.462, 1.082
0.075, 0.455, 1.089
0.074, 0.468, 1.075
0.083, 0.474, 1.068
0.093, 0.469, 1.076
0.101, 0.474, 1.067
0.110, 0.480, 1.059
0.119, 0.480, 1.059
0.118, 0.486, 1.053
0.128, 0.479, 1.058
0.129, 0.473, 1.064
0.127, 0.486, 1.052
0.136, 0.485, 1.050
0.135, 0.491, 1.044
0.145, 0.484, 1.049
0.144, 0.491, 1.044
