NumRegions:12
RegionID:0
Center:0.025,-0.627,1.930
Normal:-0.807,0.417,-0.419
NumPatches:434
0.133, -0.803, 1.540
0.121, -0.802, 1.564
0.108, -0.819, 1.572
0.109, -0.810, 1.581
0.122, -0.792, 1.572
0.134, -0.796, 1.552
0.135, -0.787, 1.561
0.135, -0.777, 1.569
0.123, -0.774, 1.591
0.110, -0.781, 1.605
0.097, -0.788, 1.620
0.085, -0.790, 1.653
0.071, -0.795, 1.664
0.057, -0.806, 1.686
0.043, -0.811, 1.698
0.029, -0.810, 1.727
0.014, -0.827, 1.763
0.014, -0.817, 1.775
0.043, -0.801, 1.707
0.044, -0.792, 1.720
0.044, -0.784, 1.736
0.058, -0.774, 1.714
0.059, -0.764, 1.725
0.044, -0.761, 1.752
0.059, -0.754, 1.736
0.073, -0.746, 1.717
0.074, -0.735, 1.728
0.074, -0.725, 1.740
0.075, -0.715, 1.751
0.075, -0.702, 1.757
0.061, -0.698, 1.785
0.046, -0.693, 1.814
0.046, -0.681, 1.825
0.031, -0.679, 1.863
0.015, -0.705, 1.889
-0.001, -0.696, 1.908
-0.018, -0.693, 1.947
-0.036, -0.714, 1.957
-0.035, -0.725, 1.943
-0.035, -0.738, 1.931
-0.035, -0.748, 1.915
-0.035, -0.760, 1.904
-0.052, -0.785, 1.923
-0.069, -0.797, 1.953
-0.086, -0.815, 1.955
-0.104, -0.836, 1.965
-0.123, -0.846, 1.989
-0.142, -0.859, 2.020
-0.161, -0.882, 2.032
-0.179, -0.906, 2.046
-0.198, -0.928, 2.055
-0.221, -0.950, 2.103
-0.241, -0.957, 2.119
-0.243, -0.945, 2.133
-0.244, -0.933, 2.147
-0.246, -0.919, 2.159
-0.223, -0.923, 2.124
-0.225, -0.911, 2.141
-0.201, -0.907, 2.089
-0.203, -0.898, 2.109
-0.205, -0.888, 2.130
-0.228, -0.886, 2.171
-0.250, -0.898, 2.199
-0.183, -0.871, 2.090
-0.185, -0.859, 2.105
-0.186, -0.847, 2.120
-0.187, -0.834, 2.135
-0.188, -0.819, 2.144
-0.213, -0.826, 2.212
-0.234, -0.832, 2.228
-0.236, -0.819, 2.246
-0.238, -0.806, 2.264
-0.264, -0.805, 2.318
-0.239, -0.790, 2.276
-0.241, -0.776, 2.293
-0.243, -0.763, 2.313
-0.245, -0.750, 2.335
-0.220, -0.752, 2.281
-0.218, -0.766, 2.263
-0.217, -0.780, 2.247
-0.195, -0.753, 2.224
-0.175, -0.729, 2.209
-0.199, -0.727, 2.264
-0.222, -0.739, 2.301
-0.223, -0.724, 2.317
-0.225, -0.707, 2.329
-0.226, -0.692, 2.347
-0.252, -0.688, 2.401
-0.228, -0.677, 2.365
-0.204, -0.667, 2.330
-0.206, -0.651, 2.345
-0.182, -0.641, 2.309
-0.161, -0.634, 2.284
-0.161, -0.617, 2.293
-0.163, -0.602, 2.312
-0.141, -0.594, 2.284
-0.119, -0.586, 2.251
-0.098, -0.576, 2.214
-0.099, -0.561, 2.231
-0.099, -0.546, 2.248
-0.079, -0.537, 2.211
-0.059, -0.529, 2.180
-0.059, -0.515, 2.198
-0.039, -0.508, 2.171
-0.020, -0.502, 2.142
-0.020, -0.486, 2.158
-0.021, -0.471, 2.173
-0.002, -0.464, 2.141
0.017, -0.458, 2.111
0.035, -0.451, 2.081
0.035, -0.436, 2.096
0.035, -0.421, 2.113
0.053, -0.416, 2.088
0.053, -0.401, 2.102
0.054, -0.385, 2.113
0.070, -0.394, 2.065
0.087, -0.405, 2.032
0.086, -0.420, 2.017
0.102, -0.414, 1.990
0.118, -0.409, 1.967
0.119, -0.394, 1.976
0.135, -0.391, 1.959
0.136, -0.376, 1.971
0.120, -0.364, 2.003
0.121, -0.350, 2.019
0.122, -0.334, 2.030
0.138, -0.330, 2.005
0.139, -0.315, 2.019
0.155, -0.311, 1.996
0.170, -0.308, 1.974
0.171, -0.292, 1.982
0.186, -0.288, 1.955
0.186, -0.272, 1.964
0.201, -0.269, 1.944
0.215, -0.281, 1.910
0.216, -0.267, 1.926
0.228, -0.277, 1.883
0.227, -0.292, 1.874
0.225, -0.307, 1.863
0.224, -0.321, 1.851
0.223, -0.335, 1.843
0.222, -0.349, 1.831
0.220, -0.363, 1.820
0.219, -0.377, 1.810
0.218, -0.390, 1.800
0.216, -0.402, 1.785
0.215, -0.416, 1.775
0.214, -0.429, 1.765
0.212, -0.441, 1.752
0.198, -0.458, 1.760
0.185, -0.465, 1.788
0.172, -0.473, 1.817
0.157, -0.489, 1.819
0.142, -0.508, 1.828
0.127, -0.512, 1.845
0.111, -0.531, 1.854
0.097, -0.540, 1.885
0.081, -0.545, 1.903
0.065, -0.565, 1.916
0.049, -0.584, 1.922
0.048, -0.598, 1.912
0.048, -0.612, 1.905
0.048, -0.624, 1.890
0.048, -0.636, 1.879
0.064, -0.617, 1.869
0.078, -0.620, 1.832
0.078, -0.633, 1.823
0.063, -0.654, 1.836
0.047, -0.659, 1.851
0.062, -0.662, 1.816
0.061, -0.674, 1.804
0.077, -0.669, 1.791
0.077, -0.655, 1.797
0.092, -0.649, 1.780
0.092, -0.636, 1.788
0.093, -0.626, 1.802
0.106, -0.641, 1.759
0.105, -0.652, 1.745
0.091, -0.672, 1.760
0.105, -0.664, 1.739
0.118, -0.657, 1.720
0.131, -0.648, 1.696
0.132, -0.638, 1.708
0.133, -0.626, 1.717
0.134, -0.615, 1.727
0.148, -0.610, 1.713
0.148, -0.598, 1.722
0.136, -0.592, 1.750
0.122, -0.599, 1.768
0.108, -0.592, 1.796
0.094, -0.588, 1.830
0.079, -0.608, 1.844
0.095, -0.577, 1.845
0.096, -0.565, 1.859
0.111, -0.558, 1.838
0.111, -0.545, 1.847
0.124, -0.549, 1.808
0.124, -0.561, 1.795
0.109, -0.580, 1.805
0.122, -0.587, 1.779
0.138, -0.557, 1.782
0.152, -0.551, 1.762
0.153, -0.539, 1.774
0.139, -0.531, 1.799
0.125, -0.538, 1.823
0.154, -0.527, 1.784
0.165, -0.560, 1.743
0.150, -0.575, 1.744
0.149, -0.586, 1.732
0.162, -0.593, 1.708
0.176, -0.590, 1.699
0.177, -0.577, 1.706
0.164, -0.571, 1.730
0.187, -0.578, 1.665
0.186, -0.589, 1.654
0.185, -0.600, 1.647
0.184, -0.612, 1.640
0.172, -0.634, 1.660
0.158, -0.649, 1.661
0.158, -0.638, 1.670
0.159, -0.627, 1.679
0.171, -0.644, 1.648
0.169, -0.653, 1.635
0.156, -0.670, 1.642
0.183, -0.635, 1.625
0.194, -0.626, 1.602
0.195, -0.615, 1.611
0.196, -0.606, 1.623
0.197, -0.595, 1.631
0.198, -0.584, 1.640
0.199, -0.573, 1.649
0.188, -0.567, 1.674
0.189, -0.556, 1.685
0.190, -0.545, 1.696
0.192, -0.533, 1.707
0.192, -0.520, 1.713
0.193, -0.508, 1.722
0.206, -0.503, 1.703
0.207, -0.490, 1.711
0.219, -0.498, 1.688
0.217, -0.509, 1.677
0.217, -0.522, 1.670
0.215, -0.532, 1.658
0.201, -0.548, 1.662
0.214, -0.544, 1.649
0.226, -0.538, 1.632
0.237, -0.546, 1.613
0.236, -0.557, 1.605
0.220, -0.486, 1.696
0.221, -0.474, 1.706
0.209, -0.466, 1.731
0.211, -0.453, 1.741
0.222, -0.461, 1.714
0.223, -0.448, 1.723
0.208, -0.598, 1.602
0.207, -0.609, 1.595
0.206, -0.619, 1.585
0.217, -0.614, 1.570
0.218, -0.602, 1.577
0.228, -0.619, 1.550
0.065, -0.577, 1.900
0.066, -0.554, 1.935
0.050, -0.549, 1.978
0.033, -0.538, 2.001
0.016, -0.560, 2.018
-0.002, -0.580, 2.026
-0.019, -0.588, 2.053
-0.020, -0.574, 2.068
-0.020, -0.560, 2.083
-0.020, -0.545, 2.095
-0.002, -0.540, 2.075
0.016, -0.546, 2.030
0.016, -0.532, 2.045
-0.001, -0.593, 2.010
-0.019, -0.613, 2.019
-0.037, -0.639, 2.044
-0.056, -0.632, 2.082
-0.075, -0.626, 2.121
-0.094, -0.649, 2.136
-0.114, -0.672, 2.150
-0.133, -0.696, 2.166
-0.154, -0.704, 2.193
-0.176, -0.715, 2.226
-0.134, -0.681, 2.178
-0.094, -0.664, 2.127
-0.095, -0.634, 2.149
-0.056, -0.617, 2.092
-0.037, -0.624, 2.053
-0.037, -0.652, 2.031
-0.055, -0.675, 2.046
-0.073, -0.697, 2.057
-0.092, -0.704, 2.080
-0.111, -0.725, 2.089
-0.129, -0.748, 2.100
-0.149, -0.772, 2.116
-0.170, -0.785, 2.151
-0.190, -0.809, 2.168
-0.215, -0.813, 2.229
-0.192, -0.797, 2.185
-0.150, -0.760, 2.135
-0.130, -0.735, 2.117
-0.109, -0.736, 2.067
-0.109, -0.750, 2.057
-0.090, -0.742, 2.036
-0.072, -0.736, 2.019
-0.072, -0.722, 2.029
-0.072, -0.708, 2.040
-0.112, -0.713, 2.107
-0.074, -0.685, 2.077
-0.036, -0.675, 1.995
-0.036, -0.689, 1.985
-0.036, -0.702, 1.973
-0.036, -0.663, 2.009
-0.019, -0.640, 1.993
-0.001, -0.622, 1.990
-0.001, -0.607, 1.997
0.050, -0.533, 1.980
0.066, -0.542, 1.950
0.067, -0.527, 1.960
0.067, -0.511, 1.965
0.067, -0.498, 1.978
0.068, -0.484, 1.991
0.084, -0.478, 1.968
0.085, -0.463, 1.979
0.085, -0.449, 1.993
0.101, -0.444, 1.970
0.117, -0.437, 1.939
0.132, -0.432, 1.915
0.146, -0.440, 1.881
0.147, -0.426, 1.891
0.161, -0.436, 1.863
0.160, -0.452, 1.859
0.174, -0.460, 1.829
0.158, -0.477, 1.831
0.143, -0.494, 1.839
0.128, -0.499, 1.855
0.112, -0.519, 1.870
0.098, -0.527, 1.898
0.114, -0.509, 1.892
0.099, -0.502, 1.931
0.099, -0.486, 1.932
0.115, -0.496, 1.906
0.115, -0.466, 1.918
0.156, -0.501, 1.805
0.175, -0.447, 1.839
0.229, -0.398, 1.766
0.243, -0.396, 1.754
0.137, -0.361, 1.985
0.087, -0.390, 2.045
-0.162, -0.870, 2.045
-0.181, -0.894, 2.059
-0.160, -0.894, 2.019
-0.178, -0.918, 2.031
-0.177, -0.931, 2.022
-0.197, -0.958, 2.042
-0.195, -0.965, 2.020
-0.214, -0.992, 2.039
-0.192, -0.988, 1.995
-0.193, -0.974, 2.003
-0.173, -0.960, 1.973
-0.175, -0.951, 1.990
-0.154, -0.950, 1.953
-0.154, -0.963, 1.944
-0.171, -0.981, 1.947
-0.189, -1.003, 1.957
-0.134, -0.957, 1.900
-0.135, -0.949, 1.916
-0.135, -0.937, 1.926
-0.155, -0.940, 1.967
-0.157, -0.932, 1.988
-0.158, -0.921, 2.002
-0.159, -0.908, 2.009
-0.139, -0.908, 1.973
-0.119, -0.904, 1.926
-0.118, -0.914, 1.914
-0.117, -0.927, 1.906
-0.099, -0.913, 1.877
-0.100, -0.902, 1.888
-0.082, -0.906, 1.862
-0.082, -0.916, 1.850
-0.065, -0.910, 1.837
-0.066, -0.899, 1.849
-0.083, -0.897, 1.878
-0.120, -0.893, 1.940
-0.101, -0.880, 1.913
-0.123, -0.835, 2.003
-0.124, -0.824, 2.018
-0.125, -0.812, 2.032
-0.126, -0.798, 2.042
-0.107, -0.787, 2.015
-0.088, -0.780, 1.996
-0.070, -0.784, 1.964
-0.070, -0.773, 1.978
-0.086, -0.840, 1.935
-0.085, -0.850, 1.919
-0.067, -0.854, 1.891
-0.068, -0.843, 1.903
-0.068, -0.833, 1.918
-0.086, -0.829, 1.948
-0.069, -0.821, 1.928
-0.051, -0.805, 1.891
-0.051, -0.795, 1.907
-0.034, -0.785, 1.883
-0.034, -0.774, 1.896
-0.018, -0.776, 1.862
-0.001, -0.764, 1.834
-0.034, -0.806, 1.857
-0.050, -0.828, 1.870
-0.050, -0.850, 1.846
-0.049, -0.863, 1.839
-0.001, -0.685, 1.924
0.015, -0.668, 1.923
0.088, -0.728, 1.712
0.087, -0.738, 1.700
0.087, -0.748, 1.689
0.086, -0.757, 1.677
0.099, -0.759, 1.649
0.099, -0.769, 1.639
0.098, -0.779, 1.630
0.112, -0.760, 1.620
0.124, -0.763, 1.597
0.125, -0.754, 1.608
0.136, -0.767, 1.577
0.147, -0.769, 1.554
0.099, -0.747, 1.654
0.113, -0.743, 1.644
0.126, -0.734, 1.625
0.139, -0.727, 1.609
0.152, -0.723, 1.600
0.152, -0.711, 1.606
0.153, -0.702, 1.617
0.154, -0.691, 1.625
0.167, -0.687, 1.615
0.164, -0.715, 1.583
RegionID:1
Center:0.696,-0.640,1.351
Normal:-0.223,-0.778,-0.587
NumPatches:22
0.639, -0.652, 1.389
0.649, -0.649, 1.384
0.654, -0.643, 1.370
0.641, -0.618, 1.343
0.660, -0.637, 1.358
0.667, -0.632, 1.347
0.688, -0.653, 1.366
0.699, -0.652, 1.364
0.688, -0.630, 1.343
0.666, -0.608, 1.322
0.673, -0.604, 1.313
0.694, -0.625, 1.333
0.711, -0.652, 1.365
0.730, -0.670, 1.378
0.716, -0.646, 1.352
0.701, -0.621, 1.323
0.680, -0.600, 1.304
0.737, -0.666, 1.369
0.744, -0.662, 1.360
0.754, -0.660, 1.356
0.761, -0.656, 1.348
0.767, -0.651, 1.337
RegionID:2
Center:0.522,-0.325,1.495
Normal:-0.041,-0.729,-0.684
NumPatches:79
0.440, -0.360, 1.538
0.444, -0.377, 1.552
0.457, -0.376, 1.550
0.476, -0.394, 1.568
0.470, -0.414, 1.592
0.475, -0.434, 1.612
0.497, -0.455, 1.637
0.489, -0.434, 1.612
0.484, -0.415, 1.594
0.503, -0.433, 1.610
0.512, -0.455, 1.638
0.517, -0.433, 1.611
0.496, -0.413, 1.588
0.491, -0.395, 1.571
0.471, -0.377, 1.552
0.485, -0.377, 1.552
0.498, -0.377, 1.553
0.494, -0.360, 1.539
0.510, -0.362, 1.547
0.515, -0.343, 1.520
0.504, -0.323, 1.488
0.488, -0.308, 1.481
0.475, -0.308, 1.480
0.463, -0.308, 1.482
0.451, -0.309, 1.485
0.444, -0.292, 1.463
0.441, -0.277, 1.451
0.451, -0.276, 1.445
0.448, -0.261, 1.433
0.460, -0.261, 1.432
0.472, -0.261, 1.432
0.486, -0.261, 1.435
0.479, -0.245, 1.416
0.497, -0.261, 1.433
0.501, -0.275, 1.442
0.520, -0.291, 1.461
0.524, -0.306, 1.473
0.532, -0.324, 1.496
0.527, -0.342, 1.519
0.538, -0.341, 1.512
0.551, -0.341, 1.511
0.564, -0.340, 1.510
0.555, -0.322, 1.487
0.550, -0.307, 1.473
0.532, -0.291, 1.460
0.512, -0.275, 1.440
0.518, -0.259, 1.421
0.514, -0.245, 1.411
0.570, -0.324, 1.493
0.562, -0.306, 1.472
0.558, -0.291, 1.460
0.550, -0.274, 1.439
0.570, -0.291, 1.458
0.575, -0.306, 1.473
0.594, -0.322, 1.487
0.600, -0.306, 1.472
0.592, -0.289, 1.451
0.585, -0.273, 1.434
0.599, -0.274, 1.438
0.593, -0.259, 1.422
0.604, -0.259, 1.421
0.620, -0.273, 1.429
0.617, -0.289, 1.451
0.612, -0.305, 1.468
0.624, -0.305, 1.468
0.629, -0.289, 1.450
0.634, -0.273, 1.432
0.617, -0.258, 1.420
0.562, -0.274, 1.439
0.556, -0.259, 1.423
0.491, -0.245, 1.414
0.500, -0.307, 1.476
0.521, -0.397, 1.579
0.511, -0.414, 1.592
0.532, -0.434, 1.613
0.535, -0.451, 1.624
0.544, -0.473, 1.650
0.545, -0.433, 1.610
0.538, -0.414, 1.590
RegionID:3
Center:0.814,-0.116,1.594
Normal:0.520,0.575,-0.631
NumPatches:66
0.724, 0.015, 1.635
0.736, 0.001, 1.631
0.729, -0.013, 1.615
0.719, -0.027, 1.593
0.730, -0.040, 1.587
0.740, -0.027, 1.607
0.751, -0.041, 1.602
0.743, -0.054, 1.585
0.711, -0.066, 1.546
0.723, -0.079, 1.541
0.716, -0.092, 1.527
0.729, -0.105, 1.528
0.724, -0.118, 1.515
0.716, -0.129, 1.499
0.726, -0.142, 1.493
0.733, -0.130, 1.508
0.745, -0.143, 1.505
0.776, -0.146, 1.541
0.793, -0.161, 1.549
0.784, -0.172, 1.531
0.811, -0.175, 1.556
0.832, -0.163, 1.571
0.838, -0.150, 1.583
0.828, -0.137, 1.590
0.799, -0.148, 1.560
0.812, -0.137, 1.584
0.842, -0.125, 1.616
0.830, -0.112, 1.620
0.810, -0.111, 1.608
0.794, -0.097, 1.604
0.779, -0.082, 1.603
0.739, -0.093, 1.548
0.748, -0.081, 1.566
0.757, -0.068, 1.586
0.768, -0.055, 1.609
0.783, -0.042, 1.639
0.762, -0.027, 1.624
0.813, -0.042, 1.672
0.826, -0.057, 1.670
0.833, -0.043, 1.683
0.808, -0.084, 1.632
0.817, -0.098, 1.622
0.852, -0.113, 1.635
0.862, -0.100, 1.655
0.865, -0.127, 1.633
0.849, -0.138, 1.603
0.882, -0.127, 1.639
0.893, -0.114, 1.659
0.904, -0.128, 1.652
0.912, -0.142, 1.641
0.903, -0.154, 1.624
0.872, -0.165, 1.594
0.852, -0.164, 1.582
0.863, -0.177, 1.578
0.873, -0.190, 1.570
0.884, -0.179, 1.591
0.896, -0.167, 1.612
0.907, -0.181, 1.607
0.896, -0.192, 1.587
0.907, -0.205, 1.583
0.919, -0.194, 1.604
0.932, -0.208, 1.601
0.939, -0.170, 1.638
0.922, -0.155, 1.633
0.925, -0.129, 1.665
0.932, -0.115, 1.676
RegionID:4
Center:0.439,-0.076,1.591
Normal:-0.892,0.349,-0.289
NumPatches:55
0.446, -0.131, 1.513
0.437, -0.132, 1.527
0.426, -0.146, 1.536
0.417, -0.161, 1.552
0.410, -0.163, 1.575
0.412, -0.150, 1.584
0.407, -0.140, 1.617
0.410, -0.126, 1.630
0.411, -0.113, 1.635
0.412, -0.099, 1.640
0.422, -0.098, 1.623
0.424, -0.084, 1.630
0.418, -0.071, 1.664
0.420, -0.057, 1.671
0.414, -0.043, 1.705
0.422, -0.043, 1.678
0.431, -0.042, 1.658
0.436, -0.055, 1.621
0.427, -0.070, 1.642
0.434, -0.069, 1.614
0.440, -0.082, 1.586
0.428, -0.096, 1.593
0.437, -0.108, 1.575
0.425, -0.123, 1.581
0.414, -0.137, 1.593
0.416, -0.124, 1.597
0.422, -0.135, 1.568
0.420, -0.148, 1.561
0.429, -0.133, 1.546
0.438, -0.095, 1.579
0.442, -0.106, 1.546
0.447, -0.080, 1.563
0.457, -0.066, 1.550
0.458, -0.053, 1.553
0.453, -0.040, 1.583
0.445, -0.055, 1.605
0.438, -0.041, 1.630
0.442, -0.027, 1.645
0.445, -0.013, 1.655
0.449, -0.027, 1.616
0.447, -0.041, 1.612
0.456, -0.027, 1.594
0.459, -0.013, 1.604
0.462, 0.001, 1.613
0.470, 0.001, 1.593
0.474, -0.012, 1.560
0.471, -0.026, 1.550
0.462, -0.040, 1.565
0.467, -0.052, 1.538
0.469, -0.039, 1.546
0.476, -0.039, 1.524
0.478, -0.026, 1.531
0.477, 0.001, 1.572
0.434, -0.157, 1.515
0.432, -0.169, 1.508
RegionID:5
Center:0.593,0.272,1.302
Normal:-0.046,-0.740,-0.671
NumPatches:39
0.513, 0.291, 1.284
0.529, 0.283, 1.297
0.521, 0.273, 1.306
0.533, 0.274, 1.307
0.547, 0.264, 1.313
0.543, 0.273, 1.304
0.557, 0.263, 1.309
0.563, 0.254, 1.323
0.574, 0.254, 1.323
0.585, 0.254, 1.322
0.581, 0.264, 1.313
0.565, 0.273, 1.303
0.554, 0.273, 1.302
0.551, 0.283, 1.296
0.577, 0.273, 1.303
0.583, 0.282, 1.292
0.594, 0.282, 1.290
0.588, 0.290, 1.277
0.584, 0.299, 1.269
0.596, 0.299, 1.271
0.612, 0.291, 1.282
0.604, 0.281, 1.289
0.622, 0.273, 1.302
0.625, 0.263, 1.309
0.630, 0.254, 1.320
0.645, 0.243, 1.326
0.641, 0.253, 1.318
0.652, 0.253, 1.317
0.648, 0.263, 1.309
0.631, 0.272, 1.298
0.616, 0.281, 1.289
0.627, 0.281, 1.290
0.623, 0.291, 1.281
0.607, 0.300, 1.271
0.642, 0.272, 1.297
0.650, 0.282, 1.290
0.596, 0.254, 1.321
0.602, 0.244, 1.333
0.608, 0.254, 1.321
RegionID:6
Center:0.321,0.400,1.111
Normal:0.067,-0.565,-0.822
NumPatches:527
0.127, 0.346, 1.133
0.138, 0.337, 1.137
0.148, 0.338, 1.140
0.159, 0.330, 1.146
0.158, 0.339, 1.142
0.157, 0.347, 1.136
0.167, 0.346, 1.134
0.166, 0.354, 1.128
0.165, 0.362, 1.122
0.155, 0.370, 1.117
0.145, 0.370, 1.117
0.144, 0.378, 1.112
0.134, 0.386, 1.107
0.133, 0.393, 1.098
0.123, 0.400, 1.092
0.132, 0.400, 1.093
0.132, 0.408, 1.089
0.131, 0.416, 1.084
0.141, 0.409, 1.091
0.141, 0.416, 1.086
0.151, 0.409, 1.091
0.152, 0.401, 1.096
0.162, 0.394, 1.102
0.163, 0.387, 1.110
0.154, 0.379, 1.114
0.164, 0.370, 1.117
0.174, 0.370, 1.117
0.174, 0.379, 1.114
0.183, 0.379, 1.115
0.183, 0.387, 1.110
0.172, 0.394, 1.103
0.161, 0.401, 1.095
0.160, 0.409, 1.091
0.150, 0.416, 1.086
0.150, 0.424, 1.080
0.149, 0.431, 1.075
0.139, 0.438, 1.069
0.148, 0.438, 1.070
0.148, 0.446, 1.067
0.147, 0.453, 1.062
0.156, 0.453, 1.062
0.155, 0.460, 1.055
0.154, 0.467, 1.050
0.165, 0.460, 1.057
0.164, 0.467, 1.052
0.163, 0.474, 1.046
0.172, 0.474, 1.046
0.182, 0.468, 1.053
0.174, 0.461, 1.058
0.175, 0.453, 1.062
0.185, 0.446, 1.066
0.186, 0.439, 1.072
0.177, 0.432, 1.077
0.168, 0.431, 1.076
0.159, 0.424, 1.081
0.160, 0.416, 1.086
0.158, 0.431, 1.076
0.186, 0.432, 1.077
0.196, 0.432, 1.078
0.207, 0.425, 1.084
0.198, 0.417, 1.088
0.189, 0.410, 1.093
0.181, 0.402, 1.098
0.171, 0.401, 1.096
0.181, 0.394, 1.103
0.192, 0.387, 1.111
0.193, 0.379, 1.115
0.194, 0.371, 1.119
0.204, 0.371, 1.121
0.215, 0.364, 1.128
0.216, 0.356, 1.134
0.217, 0.348, 1.140
0.218, 0.339, 1.145
0.209, 0.331, 1.151
0.200, 0.323, 1.156
0.190, 0.322, 1.155
0.180, 0.322, 1.153
0.169, 0.330, 1.147
0.179, 0.331, 1.149
0.211, 0.314, 1.160
0.210, 0.323, 1.156
0.221, 0.313, 1.159
0.233, 0.306, 1.170
0.244, 0.307, 1.172
0.242, 0.315, 1.166
0.231, 0.323, 1.158
0.220, 0.332, 1.152
0.230, 0.331, 1.152
0.229, 0.340, 1.147
0.239, 0.340, 1.147
0.248, 0.340, 1.147
0.247, 0.348, 1.141
0.246, 0.356, 1.134
0.235, 0.364, 1.129
0.224, 0.373, 1.125
0.214, 0.372, 1.123
0.223, 0.380, 1.119
0.234, 0.372, 1.124
0.232, 0.380, 1.117
0.242, 0.380, 1.118
0.241, 0.389, 1.115
0.240, 0.396, 1.108
0.229, 0.403, 1.102
0.220, 0.403, 1.102
0.209, 0.411, 1.095
0.200, 0.402, 1.099
0.191, 0.394, 1.103
0.190, 0.402, 1.098
0.199, 0.410, 1.094
0.207, 0.417, 1.089
0.216, 0.425, 1.084
0.206, 0.433, 1.080
0.205, 0.440, 1.075
0.214, 0.440, 1.075
0.212, 0.446, 1.066
0.224, 0.440, 1.075
0.225, 0.433, 1.080
0.226, 0.426, 1.085
0.227, 0.418, 1.091
0.228, 0.411, 1.098
0.239, 0.404, 1.104
0.238, 0.412, 1.100
0.237, 0.420, 1.095
0.248, 0.412, 1.100
0.257, 0.412, 1.099
0.256, 0.420, 1.095
0.255, 0.427, 1.090
0.253, 0.434, 1.082
0.252, 0.441, 1.076
0.241, 0.448, 1.070
0.232, 0.448, 1.071
0.222, 0.447, 1.069
0.221, 0.455, 1.065
0.211, 0.461, 1.059
0.202, 0.461, 1.058
0.193, 0.461, 1.059
0.184, 0.453, 1.062
0.192, 0.468, 1.053
0.181, 0.474, 1.047
0.191, 0.475, 1.048
0.200, 0.475, 1.049
0.199, 0.482, 1.044
0.189, 0.490, 1.041
0.179, 0.495, 1.034
0.169, 0.501, 1.027
0.188, 0.496, 1.036
0.198, 0.489, 1.040
0.197, 0.496, 1.035
0.207, 0.489, 1.039
0.208, 0.482, 1.044
0.219, 0.476, 1.051
0.220, 0.470, 1.057
0.221, 0.462, 1.061
0.231, 0.456, 1.067
0.229, 0.470, 1.059
0.217, 0.483, 1.045
0.227, 0.483, 1.046
0.226, 0.490, 1.041
0.224, 0.496, 1.035
0.215, 0.504, 1.033
0.224, 0.504, 1.032
0.233, 0.496, 1.035
0.244, 0.491, 1.043
0.251, 0.448, 1.070
0.250, 0.455, 1.066
0.260, 0.448, 1.072
0.271, 0.442, 1.079
0.270, 0.449, 1.074
0.269, 0.457, 1.070
0.258, 0.464, 1.065
0.257, 0.470, 1.058
0.256, 0.478, 1.055
0.267, 0.471, 1.061
0.268, 0.464, 1.066
0.279, 0.458, 1.072
0.264, 0.486, 1.052
0.281, 0.442, 1.080
0.291, 0.443, 1.082
0.300, 0.443, 1.081
0.311, 0.435, 1.085
0.302, 0.427, 1.089
0.293, 0.427, 1.089
0.284, 0.419, 1.093
0.276, 0.411, 1.097
0.268, 0.403, 1.102
0.269, 0.396, 1.109
0.271, 0.389, 1.114
0.280, 0.389, 1.115
0.291, 0.381, 1.120
0.293, 0.373, 1.126
0.295, 0.365, 1.133
0.297, 0.358, 1.141
0.298, 0.349, 1.145
0.299, 0.341, 1.150
0.300, 0.332, 1.154
0.312, 0.324, 1.162
0.304, 0.316, 1.168
0.295, 0.307, 1.173
0.286, 0.298, 1.178
0.277, 0.289, 1.185
0.267, 0.290, 1.186
0.265, 0.298, 1.177
0.254, 0.307, 1.173
0.264, 0.307, 1.172
0.287, 0.289, 1.183
0.296, 0.298, 1.178
0.306, 0.308, 1.176
0.318, 0.299, 1.182
0.319, 0.290, 1.187
0.321, 0.281, 1.194
0.322, 0.272, 1.199
0.333, 0.272, 1.201
0.345, 0.263, 1.206
0.344, 0.273, 1.202
0.342, 0.282, 1.197
0.341, 0.291, 1.190
0.328, 0.299, 1.182
0.326, 0.308, 1.176
0.314, 0.316, 1.167
0.324, 0.316, 1.167
0.322, 0.324, 1.162
0.311, 0.333, 1.156
0.320, 0.341, 1.152
0.308, 0.350, 1.146
0.316, 0.357, 1.138
0.305, 0.366, 1.135
0.304, 0.375, 1.131
0.315, 0.366, 1.135
0.325, 0.366, 1.135
0.324, 0.375, 1.131
0.313, 0.383, 1.127
0.300, 0.389, 1.116
0.290, 0.389, 1.115
0.298, 0.397, 1.110
0.297, 0.404, 1.104
0.286, 0.411, 1.098
0.277, 0.403, 1.101
0.295, 0.411, 1.098
0.309, 0.398, 1.113
0.311, 0.390, 1.119
0.322, 0.383, 1.126
0.321, 0.391, 1.121
0.319, 0.399, 1.116
0.317, 0.406, 1.109
0.326, 0.414, 1.104
0.338, 0.407, 1.112
0.339, 0.399, 1.118
0.330, 0.391, 1.121
0.341, 0.382, 1.125
0.340, 0.391, 1.121
0.351, 0.382, 1.124
0.353, 0.375, 1.131
0.355, 0.366, 1.136
0.346, 0.358, 1.139
0.337, 0.349, 1.144
0.327, 0.349, 1.142
0.336, 0.357, 1.138
0.335, 0.366, 1.135
0.357, 0.359, 1.142
0.367, 0.359, 1.144
0.365, 0.367, 1.137
0.377, 0.359, 1.144
0.379, 0.351, 1.150
0.371, 0.342, 1.155
0.383, 0.334, 1.162
0.374, 0.325, 1.165
0.366, 0.317, 1.172
0.357, 0.307, 1.175
0.346, 0.307, 1.173
0.338, 0.299, 1.182
0.336, 0.307, 1.174
0.345, 0.316, 1.168
0.333, 0.325, 1.164
0.343, 0.325, 1.165
0.354, 0.325, 1.166
0.364, 0.326, 1.167
0.376, 0.316, 1.170
0.388, 0.308, 1.177
0.392, 0.300, 1.187
0.393, 0.291, 1.192
0.384, 0.282, 1.196
0.373, 0.282, 1.196
0.363, 0.282, 1.196
0.352, 0.282, 1.195
0.361, 0.291, 1.190
0.360, 0.300, 1.185
0.395, 0.282, 1.198
0.407, 0.273, 1.203
0.410, 0.264, 1.210
0.401, 0.255, 1.215
0.393, 0.246, 1.225
0.379, 0.254, 1.214
0.369, 0.254, 1.214
0.356, 0.263, 1.206
0.366, 0.263, 1.206
0.390, 0.254, 1.215
0.412, 0.255, 1.216
0.418, 0.273, 1.205
0.416, 0.282, 1.199
0.404, 0.291, 1.193
0.414, 0.291, 1.193
0.424, 0.291, 1.193
0.422, 0.300, 1.187
0.410, 0.309, 1.182
0.396, 0.317, 1.171
0.386, 0.316, 1.170
0.384, 0.325, 1.165
0.393, 0.335, 1.163
0.404, 0.335, 1.164
0.415, 0.336, 1.166
0.412, 0.344, 1.159
0.425, 0.336, 1.166
0.427, 0.327, 1.171
0.429, 0.318, 1.177
0.420, 0.309, 1.181
0.407, 0.317, 1.173
0.431, 0.309, 1.182
0.440, 0.319, 1.179
0.448, 0.327, 1.173
0.435, 0.335, 1.166
0.433, 0.344, 1.161
0.420, 0.351, 1.151
0.430, 0.352, 1.152
0.443, 0.344, 1.161
0.445, 0.335, 1.165
0.454, 0.344, 1.161
0.442, 0.353, 1.157
0.448, 0.360, 1.148
0.462, 0.353, 1.157
0.387, 0.359, 1.144
0.375, 0.367, 1.138
0.385, 0.367, 1.138
0.397, 0.359, 1.143
0.395, 0.367, 1.138
0.349, 0.399, 1.117
0.358, 0.399, 1.115
0.369, 0.390, 1.120
0.372, 0.383, 1.128
0.368, 0.398, 1.115
0.366, 0.407, 1.110
0.364, 0.414, 1.103
0.363, 0.422, 1.099
0.372, 0.422, 1.099
0.371, 0.430, 1.095
0.359, 0.436, 1.089
0.348, 0.444, 1.084
0.340, 0.437, 1.089
0.331, 0.437, 1.089
0.321, 0.436, 1.087
0.312, 0.428, 1.091
0.309, 0.442, 1.080
0.308, 0.449, 1.074
0.306, 0.456, 1.068
0.304, 0.463, 1.064
0.303, 0.470, 1.058
0.310, 0.477, 1.053
0.300, 0.485, 1.050
0.291, 0.485, 1.050
0.290, 0.492, 1.045
0.299, 0.492, 1.046
0.310, 0.485, 1.050
0.309, 0.493, 1.047
0.319, 0.485, 1.051
0.318, 0.493, 1.049
0.317, 0.501, 1.045
0.328, 0.493, 1.049
0.315, 0.456, 1.068
0.317, 0.449, 1.074
0.327, 0.450, 1.077
0.337, 0.452, 1.079
0.347, 0.452, 1.080
0.345, 0.459, 1.074
0.353, 0.466, 1.069
0.357, 0.444, 1.084
0.369, 0.437, 1.090
0.379, 0.438, 1.092
0.377, 0.445, 1.086
0.384, 0.452, 1.080
0.392, 0.460, 1.077
0.381, 0.467, 1.072
0.370, 0.474, 1.066
0.368, 0.481, 1.061
0.367, 0.488, 1.056
0.364, 0.494, 1.049
0.363, 0.501, 1.046
0.352, 0.507, 1.039
0.343, 0.499, 1.041
0.373, 0.494, 1.050
0.376, 0.488, 1.057
0.378, 0.481, 1.062
0.379, 0.474, 1.066
0.391, 0.467, 1.072
0.402, 0.459, 1.076
0.400, 0.467, 1.072
0.398, 0.474, 1.067
0.387, 0.481, 1.062
0.396, 0.481, 1.062
0.407, 0.474, 1.067
0.405, 0.481, 1.062
0.416, 0.474, 1.066
0.418, 0.466, 1.070
0.410, 0.459, 1.075
0.413, 0.452, 1.081
0.415, 0.445, 1.088
0.408, 0.439, 1.094
0.410, 0.431, 1.098
0.402, 0.423, 1.103
0.392, 0.423, 1.102
0.382, 0.422, 1.101
0.390, 0.430, 1.097
0.412, 0.423, 1.104
0.423, 0.415, 1.107
0.415, 0.407, 1.113
0.418, 0.400, 1.119
0.410, 0.392, 1.125
0.412, 0.384, 1.130
0.422, 0.384, 1.130
0.419, 0.392, 1.124
0.432, 0.384, 1.130
0.434, 0.376, 1.135
0.442, 0.384, 1.131
0.451, 0.384, 1.131
0.462, 0.385, 1.132
0.474, 0.377, 1.139
0.472, 0.385, 1.133
0.469, 0.393, 1.127
0.467, 0.401, 1.121
0.465, 0.409, 1.117
0.464, 0.417, 1.113
0.460, 0.424, 1.105
0.459, 0.432, 1.101
0.457, 0.440, 1.097
0.445, 0.447, 1.091
0.435, 0.446, 1.090
0.425, 0.446, 1.089
0.418, 0.439, 1.094
0.424, 0.454, 1.085
0.432, 0.462, 1.082
0.429, 0.468, 1.075
0.442, 0.462, 1.083
0.443, 0.454, 1.086
0.440, 0.470, 1.078
0.437, 0.476, 1.072
0.425, 0.482, 1.063
0.415, 0.481, 1.062
0.434, 0.482, 1.064
0.432, 0.489, 1.058
0.430, 0.496, 1.053
0.441, 0.489, 1.059
0.443, 0.482, 1.064
0.451, 0.490, 1.060
0.439, 0.496, 1.055
0.449, 0.496, 1.055
0.447, 0.503, 1.050
0.458, 0.497, 1.056
0.470, 0.490, 1.060
0.463, 0.484, 1.067
0.465, 0.476, 1.071
0.458, 0.469, 1.077
0.449, 0.470, 1.078
0.467, 0.468, 1.075
0.479, 0.462, 1.082
0.476, 0.468, 1.075
0.489, 0.462, 1.083
0.491, 0.455, 1.087
0.502, 0.447, 1.091
0.495, 0.439, 1.096
0.484, 0.439, 1.094
0.475, 0.439, 1.095
0.467, 0.440, 1.097
0.507, 0.432, 1.102
0.499, 0.424, 1.106
0.513, 0.418, 1.114
0.505, 0.440, 1.097
0.500, 0.454, 1.086
0.510, 0.455, 1.088
0.507, 0.462, 1.082
0.505, 0.469, 1.077
0.515, 0.470, 1.078
0.513, 0.477, 1.074
0.502, 0.485, 1.070
0.492, 0.484, 1.068
0.483, 0.476, 1.071
0.481, 0.482, 1.065
0.478, 0.489, 1.059
0.467, 0.497, 1.056
0.476, 0.496, 1.055
0.486, 0.497, 1.057
0.497, 0.499, 1.060
0.508, 0.491, 1.064
0.510, 0.484, 1.068
0.519, 0.484, 1.068
0.518, 0.492, 1.065
0.506, 0.498, 1.060
0.512, 0.504, 1.053
0.501, 0.512, 1.050
0.510, 0.512, 1.050
0.528, 0.492, 1.066
0.532, 0.478, 1.075
0.534, 0.470, 1.079
0.536, 0.463, 1.084
0.542, 0.458, 1.095
0.470, 0.424, 1.105
0.474, 0.417, 1.113
0.484, 0.409, 1.116
0.477, 0.401, 1.122
0.480, 0.393, 1.128
0.425, 0.408, 1.113
0.421, 0.423, 1.102
0.383, 0.494, 1.050
0.372, 0.501, 1.045
0.371, 0.508, 1.042
0.380, 0.508, 1.042
0.390, 0.501, 1.045
0.392, 0.494, 1.049
0.389, 0.508, 1.042
0.398, 0.509, 1.043
0.408, 0.510, 1.045
0.418, 0.510, 1.046
0.342, 0.429, 1.094
0.343, 0.422, 1.099
0.336, 0.414, 1.106
0.345, 0.414, 1.105
0.283, 0.427, 1.089
0.202, 0.388, 1.112
0.245, 0.364, 1.129
0.241, 0.324, 1.160
RegionID:7
Center:0.739,0.287,1.280
Normal:-0.027,-0.689,-0.724
NumPatches:31
0.683, 0.281, 1.290
0.694, 0.281, 1.288
0.709, 0.271, 1.295
0.703, 0.280, 1.286
0.700, 0.290, 1.280
0.707, 0.300, 1.272
0.691, 0.308, 1.263
0.679, 0.308, 1.261
0.702, 0.309, 1.263
0.717, 0.299, 1.271
0.733, 0.290, 1.278
0.728, 0.299, 1.271
0.724, 0.309, 1.264
0.738, 0.299, 1.268
0.752, 0.289, 1.274
0.760, 0.281, 1.286
0.776, 0.271, 1.295
0.770, 0.280, 1.286
0.765, 0.290, 1.277
0.759, 0.298, 1.266
0.744, 0.308, 1.260
0.754, 0.308, 1.259
0.782, 0.281, 1.287
0.787, 0.271, 1.294
0.798, 0.271, 1.293
0.794, 0.281, 1.288
0.804, 0.281, 1.286
0.721, 0.272, 1.297
0.732, 0.272, 1.296
0.742, 0.271, 1.294
0.759, 0.262, 1.304
RegionID:8
Center:0.674,0.377,1.189
Normal:-0.040,-0.724,-0.689
NumPatches:53
0.705, 0.333, 1.230
0.695, 0.333, 1.231
0.689, 0.324, 1.240
0.685, 0.333, 1.233
0.682, 0.342, 1.227
0.689, 0.351, 1.220
0.672, 0.358, 1.208
0.660, 0.358, 1.207
0.654, 0.350, 1.215
0.642, 0.359, 1.211
0.632, 0.360, 1.213
0.626, 0.352, 1.222
0.615, 0.351, 1.221
0.604, 0.351, 1.219
0.601, 0.360, 1.214
0.638, 0.367, 1.204
0.632, 0.375, 1.193
0.646, 0.366, 1.200
0.642, 0.374, 1.192
0.651, 0.373, 1.189
0.648, 0.382, 1.184
0.666, 0.366, 1.199
0.681, 0.358, 1.207
0.687, 0.366, 1.198
0.698, 0.366, 1.200
0.713, 0.358, 1.207
0.708, 0.366, 1.199
0.702, 0.373, 1.189
0.697, 0.381, 1.180
0.684, 0.389, 1.175
0.673, 0.389, 1.174
0.660, 0.397, 1.169
0.645, 0.405, 1.161
0.635, 0.405, 1.161
0.655, 0.405, 1.161
0.670, 0.397, 1.168
0.665, 0.404, 1.160
0.674, 0.404, 1.158
0.689, 0.397, 1.166
0.693, 0.389, 1.173
0.699, 0.397, 1.166
0.684, 0.404, 1.158
0.694, 0.404, 1.158
0.690, 0.411, 1.151
0.704, 0.403, 1.157
0.700, 0.411, 1.151
0.696, 0.419, 1.145
0.682, 0.426, 1.137
0.711, 0.412, 1.153
0.720, 0.397, 1.167
0.731, 0.397, 1.169
0.720, 0.367, 1.202
0.660, 0.342, 1.226
RegionID:9
Center:-0.052,0.420,1.109
Normal:-0.050,-0.731,-0.680
NumPatches:23
-0.097, 0.432, 1.101
-0.097, 0.426, 1.110
-0.087, 0.431, 1.098
-0.078, 0.425, 1.107
-0.078, 0.417, 1.114
-0.069, 0.417, 1.112
-0.068, 0.424, 1.106
-0.059, 0.417, 1.112
-0.059, 0.410, 1.120
-0.049, 0.410, 1.119
-0.049, 0.416, 1.110
-0.058, 0.423, 1.104
-0.058, 0.431, 1.098
-0.049, 0.431, 1.098
-0.039, 0.423, 1.104
-0.039, 0.416, 1.109
-0.030, 0.409, 1.118
-0.030, 0.416, 1.110
-0.020, 0.410, 1.119
-0.020, 0.403, 1.127
-0.020, 0.417, 1.112
-0.010, 0.417, 1.113
-0.039, 0.430, 1.097
RegionID:10
Center:0.580,0.456,1.110
Normal:0.067,-0.720,-0.691
NumPatches:34
0.565, 0.428, 1.141
0.561, 0.435, 1.133
0.567, 0.441, 1.126
0.576, 0.441, 1.124
0.573, 0.448, 1.119
0.587, 0.442, 1.127
0.584, 0.449, 1.120
0.580, 0.456, 1.114
0.577, 0.463, 1.107
0.573, 0.470, 1.100
0.568, 0.475, 1.091
0.565, 0.482, 1.084
0.549, 0.486, 1.072
0.545, 0.491, 1.064
0.559, 0.486, 1.073
0.556, 0.493, 1.067
0.553, 0.499, 1.062
0.542, 0.506, 1.057
0.575, 0.482, 1.085
0.588, 0.476, 1.092
0.585, 0.483, 1.086
0.597, 0.475, 1.091
0.606, 0.475, 1.090
0.586, 0.463, 1.107
0.594, 0.450, 1.122
0.597, 0.442, 1.127
0.600, 0.434, 1.132
0.593, 0.427, 1.139
0.598, 0.420, 1.148
0.592, 0.413, 1.155
0.602, 0.413, 1.155
0.609, 0.421, 1.149
0.604, 0.428, 1.141
0.615, 0.428, 1.142
RegionID:11
Center:0.027,0.468,1.054
Normal:-0.042,-0.714,-0.699
NumPatches:64
-0.020, 0.450, 1.076
-0.029, 0.443, 1.082
-0.020, 0.442, 1.080
-0.010, 0.450, 1.075
-0.001, 0.456, 1.068
-0.001, 0.463, 1.062
-0.010, 0.469, 1.054
-0.019, 0.475, 1.049
-0.019, 0.482, 1.044
-0.019, 0.488, 1.038
-0.019, 0.493, 1.029
-0.027, 0.500, 1.025
-0.036, 0.500, 1.025
-0.010, 0.488, 1.038
-0.010, 0.482, 1.044
-0.001, 0.493, 1.029
0.008, 0.455, 1.066
0.009, 0.448, 1.071
0.018, 0.449, 1.072
0.027, 0.443, 1.082
0.027, 0.449, 1.075
0.027, 0.456, 1.068
0.018, 0.462, 1.060
0.008, 0.462, 1.061
0.018, 0.468, 1.054
0.017, 0.475, 1.048
0.027, 0.468, 1.054
0.027, 0.462, 1.061
0.036, 0.457, 1.069
0.037, 0.449, 1.075
0.037, 0.442, 1.080
0.037, 0.436, 1.087
0.046, 0.442, 1.079
0.045, 0.463, 1.062
0.036, 0.468, 1.054
0.027, 0.474, 1.047
0.026, 0.481, 1.042
0.017, 0.487, 1.035
0.017, 0.493, 1.029
0.026, 0.487, 1.036
0.026, 0.493, 1.029
0.026, 0.498, 1.022
0.035, 0.492, 1.028
0.035, 0.498, 1.021
0.044, 0.493, 1.028
0.044, 0.487, 1.034
0.044, 0.480, 1.040
0.045, 0.474, 1.047
0.045, 0.469, 1.056
0.055, 0.462, 1.060
0.054, 0.469, 1.055
0.064, 0.461, 1.057
0.063, 0.468, 1.053
0.063, 0.475, 1.048
0.072, 0.467, 1.051
0.073, 0.460, 1.057
0.073, 0.454, 1.063
0.074, 0.448, 1.071
0.074, 0.442, 1.078
0.065, 0.435, 1.086
0.083, 0.447, 1.069
0.082, 0.454, 1.064
0.082, 0.461, 1.059
0.052, 0.497, 1.018
