NumRegions:10
RegionID:0
Center:-0.199,-0.595,1.771
Normal:-0.675,0.518,-0.526
NumPatches:584
-0.303, -0.860, 1.650
-0.286, -0.854, 1.638
-0.268, -0.843, 1.617
-0.269, -0.832, 1.624
-0.272, -0.825, 1.638
-0.273, -0.815, 1.646
-0.275, -0.807, 1.658
-0.277, -0.799, 1.671
-0.279, -0.788, 1.680
-0.301, -0.793, 1.722
-0.317, -0.797, 1.730
-0.336, -0.791, 1.752
-0.339, -0.782, 1.765
-0.359, -0.777, 1.790
-0.380, -0.787, 1.813
-0.396, -0.805, 1.817
-0.393, -0.814, 1.802
-0.410, -0.831, 1.805
-0.425, -0.847, 1.806
-0.443, -0.866, 1.814
-0.460, -0.884, 1.818
-0.457, -0.894, 1.806
-0.436, -0.884, 1.785
-0.440, -0.876, 1.800
-0.462, -0.873, 1.827
-0.467, -0.866, 1.845
-0.495, -0.871, 1.893
-0.511, -0.887, 1.891
-0.531, -0.893, 1.904
-0.535, -0.883, 1.919
-0.539, -0.873, 1.933
-0.544, -0.863, 1.948
-0.549, -0.854, 1.967
-0.532, -0.837, 1.966
-0.535, -0.825, 1.979
-0.539, -0.814, 1.994
-0.544, -0.803, 2.011
-0.522, -0.796, 1.994
-0.526, -0.785, 2.009
-0.552, -0.781, 2.044
-0.531, -0.775, 2.029
-0.533, -0.761, 2.039
-0.537, -0.748, 2.052
-0.542, -0.738, 2.073
-0.546, -0.725, 2.088
-0.552, -0.715, 2.111
-0.558, -0.704, 2.134
-0.562, -0.690, 2.147
-0.566, -0.676, 2.163
-0.540, -0.667, 2.136
-0.546, -0.655, 2.158
-0.577, -0.650, 2.204
-0.551, -0.643, 2.179
-0.527, -0.636, 2.156
-0.502, -0.628, 2.130
-0.506, -0.616, 2.150
-0.481, -0.608, 2.122
-0.485, -0.593, 2.136
-0.461, -0.587, 2.114
-0.464, -0.573, 2.129
-0.439, -0.582, 2.097
-0.441, -0.567, 2.106
-0.416, -0.576, 2.074
-0.392, -0.567, 2.042
-0.370, -0.560, 2.018
-0.373, -0.547, 2.035
-0.353, -0.544, 2.021
-0.355, -0.529, 2.032
-0.358, -0.516, 2.049
-0.337, -0.510, 2.028
-0.339, -0.496, 2.044
-0.318, -0.492, 2.025
-0.297, -0.486, 2.000
-0.277, -0.481, 1.980
-0.280, -0.468, 1.999
-0.282, -0.455, 2.017
-0.284, -0.440, 2.029
-0.262, -0.450, 1.996
-0.242, -0.445, 1.974
-0.244, -0.431, 1.989
-0.222, -0.440, 1.951
-0.220, -0.453, 1.934
-0.238, -0.472, 1.943
-0.236, -0.484, 1.923
-0.234, -0.497, 1.910
-0.232, -0.509, 1.893
-0.249, -0.527, 1.899
-0.248, -0.541, 1.888
-0.265, -0.559, 1.893
-0.263, -0.570, 1.877
-0.260, -0.581, 1.860
-0.240, -0.588, 1.831
-0.241, -0.574, 1.838
-0.222, -0.582, 1.811
-0.204, -0.592, 1.795
-0.203, -0.604, 1.783
-0.218, -0.618, 1.778
-0.233, -0.632, 1.774
-0.249, -0.648, 1.778
-0.265, -0.667, 1.786
-0.282, -0.684, 1.791
-0.299, -0.704, 1.801
-0.315, -0.719, 1.801
-0.330, -0.735, 1.801
-0.349, -0.742, 1.818
-0.367, -0.761, 1.826
-0.383, -0.778, 1.829
-0.399, -0.794, 1.828
-0.405, -0.774, 1.856
-0.425, -0.782, 1.875
-0.449, -0.777, 1.905
-0.469, -0.800, 1.919
-0.493, -0.812, 1.949
-0.510, -0.829, 1.948
-0.513, -0.818, 1.962
-0.464, -0.809, 1.901
-0.461, -0.819, 1.886
-0.457, -0.828, 1.870
-0.453, -0.837, 1.854
-0.472, -0.859, 1.866
-0.445, -0.854, 1.822
-0.449, -0.846, 1.838
-0.428, -0.836, 1.816
-0.472, -0.788, 1.931
-0.501, -0.791, 1.979
-0.505, -0.779, 1.995
-0.478, -0.781, 1.955
-0.485, -0.759, 1.987
-0.512, -0.756, 2.024
-0.490, -0.750, 2.008
-0.460, -0.746, 1.954
-0.464, -0.736, 1.972
-0.471, -0.730, 2.001
-0.474, -0.717, 2.014
-0.477, -0.703, 2.024
-0.453, -0.693, 1.997
-0.432, -0.688, 1.982
-0.434, -0.674, 1.991
-0.414, -0.670, 1.978
-0.417, -0.657, 1.991
-0.421, -0.645, 2.008
-0.424, -0.632, 2.023
-0.403, -0.627, 2.007
-0.379, -0.617, 1.975
-0.356, -0.623, 1.941
-0.359, -0.611, 1.957
-0.362, -0.600, 1.975
-0.341, -0.593, 1.953
-0.318, -0.599, 1.917
-0.336, -0.618, 1.924
-0.321, -0.587, 1.934
-0.299, -0.594, 1.900
-0.297, -0.607, 1.891
-0.295, -0.620, 1.878
-0.313, -0.639, 1.889
-0.329, -0.655, 1.886
-0.346, -0.671, 1.885
-0.363, -0.689, 1.888
-0.380, -0.707, 1.892
-0.397, -0.725, 1.897
-0.418, -0.731, 1.914
-0.434, -0.748, 1.915
-0.438, -0.738, 1.931
-0.443, -0.729, 1.952
-0.422, -0.722, 1.934
-0.400, -0.714, 1.912
-0.405, -0.704, 1.932
-0.410, -0.696, 1.956
-0.384, -0.698, 1.913
-0.360, -0.699, 1.873
-0.357, -0.711, 1.861
-0.374, -0.728, 1.863
-0.391, -0.745, 1.866
-0.388, -0.755, 1.851
-0.386, -0.768, 1.843
-0.370, -0.736, 1.842
-0.351, -0.730, 1.827
-0.353, -0.719, 1.840
-0.333, -0.725, 1.815
-0.334, -0.713, 1.824
-0.338, -0.704, 1.843
-0.340, -0.693, 1.855
-0.322, -0.688, 1.843
-0.304, -0.684, 1.832
-0.283, -0.672, 1.799
-0.263, -0.677, 1.772
-0.279, -0.693, 1.774
-0.276, -0.702, 1.757
-0.295, -0.725, 1.776
-0.313, -0.732, 1.793
-0.328, -0.746, 1.789
-0.326, -0.756, 1.777
-0.342, -0.773, 1.779
-0.321, -0.775, 1.750
-0.319, -0.785, 1.737
-0.302, -0.782, 1.731
-0.323, -0.765, 1.761
-0.306, -0.762, 1.754
-0.287, -0.752, 1.731
-0.290, -0.743, 1.747
-0.292, -0.734, 1.762
-0.273, -0.724, 1.737
-0.275, -0.714, 1.749
-0.255, -0.716, 1.717
-0.239, -0.711, 1.706
-0.240, -0.700, 1.715
-0.242, -0.691, 1.729
-0.261, -0.686, 1.755
-0.243, -0.680, 1.740
-0.224, -0.683, 1.711
-0.223, -0.695, 1.702
-0.208, -0.692, 1.695
-0.193, -0.678, 1.696
-0.174, -0.676, 1.655
-0.173, -0.685, 1.643
-0.156, -0.690, 1.622
-0.157, -0.681, 1.633
-0.141, -0.684, 1.608
-0.140, -0.694, 1.599
-0.139, -0.703, 1.588
-0.153, -0.719, 1.591
-0.123, -0.705, 1.561
-0.124, -0.697, 1.573
-0.125, -0.688, 1.583
-0.110, -0.682, 1.569
-0.111, -0.673, 1.581
-0.127, -0.668, 1.601
-0.128, -0.660, 1.616
-0.129, -0.650, 1.628
-0.113, -0.644, 1.611
-0.098, -0.637, 1.595
-0.083, -0.643, 1.576
-0.097, -0.658, 1.579
-0.112, -0.662, 1.589
-0.096, -0.666, 1.564
-0.082, -0.663, 1.557
-0.083, -0.653, 1.566
-0.069, -0.647, 1.552
-0.055, -0.641, 1.539
-0.041, -0.636, 1.527
-0.041, -0.627, 1.537
-0.055, -0.622, 1.558
-0.069, -0.626, 1.568
-0.084, -0.633, 1.584
-0.084, -0.623, 1.595
-0.085, -0.614, 1.607
-0.100, -0.609, 1.630
-0.116, -0.614, 1.645
-0.130, -0.629, 1.646
-0.146, -0.636, 1.664
-0.162, -0.641, 1.678
-0.176, -0.656, 1.679
-0.175, -0.665, 1.666
-0.178, -0.645, 1.689
-0.179, -0.635, 1.701
-0.180, -0.624, 1.713
-0.182, -0.618, 1.735
-0.201, -0.615, 1.770
-0.183, -0.605, 1.744
-0.166, -0.597, 1.720
-0.163, -0.618, 1.696
-0.162, -0.629, 1.685
-0.131, -0.618, 1.656
-0.086, -0.604, 1.617
-0.086, -0.593, 1.625
-0.071, -0.598, 1.602
-0.070, -0.608, 1.591
-0.071, -0.588, 1.613
-0.057, -0.582, 1.597
-0.043, -0.568, 1.596
-0.029, -0.565, 1.586
-0.029, -0.554, 1.596
-0.029, -0.543, 1.604
-0.044, -0.536, 1.624
-0.058, -0.551, 1.626
-0.072, -0.568, 1.635
-0.087, -0.573, 1.649
-0.103, -0.567, 1.676
-0.119, -0.571, 1.687
-0.135, -0.577, 1.705
-0.104, -0.556, 1.687
-0.121, -0.551, 1.715
-0.137, -0.555, 1.728
-0.153, -0.560, 1.744
-0.171, -0.555, 1.776
-0.189, -0.561, 1.795
-0.205, -0.580, 1.805
-0.206, -0.566, 1.813
-0.208, -0.556, 1.831
-0.227, -0.546, 1.851
-0.245, -0.552, 1.871
-0.210, -0.530, 1.849
-0.231, -0.523, 1.883
-0.212, -0.517, 1.863
-0.213, -0.504, 1.875
-0.194, -0.512, 1.845
-0.195, -0.499, 1.854
-0.197, -0.487, 1.872
-0.199, -0.476, 1.892
-0.218, -0.466, 1.919
-0.200, -0.463, 1.904
-0.201, -0.449, 1.917
-0.181, -0.457, 1.883
-0.164, -0.454, 1.868
-0.165, -0.440, 1.878
-0.146, -0.449, 1.850
-0.145, -0.460, 1.829
-0.144, -0.473, 1.817
-0.160, -0.490, 1.821
-0.176, -0.507, 1.828
-0.176, -0.523, 1.827
-0.192, -0.540, 1.831
-0.173, -0.545, 1.793
-0.154, -0.549, 1.756
-0.155, -0.538, 1.773
-0.138, -0.532, 1.752
-0.122, -0.527, 1.736
-0.123, -0.516, 1.748
-0.107, -0.511, 1.731
-0.108, -0.501, 1.749
-0.126, -0.496, 1.788
-0.143, -0.486, 1.808
-0.159, -0.503, 1.812
-0.127, -0.470, 1.804
-0.128, -0.457, 1.815
-0.110, -0.466, 1.789
-0.111, -0.453, 1.799
-0.094, -0.461, 1.770
-0.078, -0.444, 1.765
-0.079, -0.431, 1.776
-0.063, -0.415, 1.772
-0.063, -0.402, 1.785
-0.064, -0.390, 1.799
-0.081, -0.381, 1.831
-0.097, -0.397, 1.831
-0.115, -0.388, 1.866
-0.132, -0.406, 1.872
-0.149, -0.410, 1.891
-0.167, -0.413, 1.906
-0.186, -0.417, 1.926
-0.204, -0.421, 1.943
-0.226, -0.412, 1.982
-0.227, -0.398, 1.996
-0.206, -0.408, 1.960
-0.208, -0.394, 1.976
-0.189, -0.390, 1.959
-0.170, -0.386, 1.938
-0.152, -0.382, 1.917
-0.132, -0.392, 1.884
-0.133, -0.378, 1.895
-0.134, -0.364, 1.908
-0.117, -0.361, 1.893
-0.118, -0.347, 1.908
-0.100, -0.344, 1.888
-0.101, -0.330, 1.904
-0.101, -0.315, 1.917
-0.084, -0.313, 1.899
-0.067, -0.310, 1.883
-0.050, -0.307, 1.866
-0.050, -0.293, 1.882
-0.034, -0.304, 1.848
-0.034, -0.290, 1.861
-0.017, -0.301, 1.829
-0.001, -0.297, 1.807
0.014, -0.295, 1.792
0.014, -0.281, 1.806
0.014, -0.268, 1.821
0.030, -0.279, 1.791
0.030, -0.292, 1.777
0.044, -0.303, 1.749
0.029, -0.319, 1.755
0.029, -0.331, 1.738
0.029, -0.344, 1.727
0.043, -0.353, 1.699
0.043, -0.366, 1.687
0.042, -0.378, 1.676
0.042, -0.390, 1.665
0.042, -0.401, 1.651
0.042, -0.413, 1.642
0.041, -0.424, 1.631
0.041, -0.435, 1.618
0.027, -0.450, 1.621
0.013, -0.465, 1.624
0.013, -0.476, 1.612
0.013, -0.453, 1.633
-0.001, -0.449, 1.668
-0.016, -0.454, 1.686
-0.031, -0.468, 1.686
-0.046, -0.471, 1.697
-0.061, -0.475, 1.712
-0.076, -0.491, 1.715
-0.091, -0.495, 1.728
-0.075, -0.503, 1.705
-0.090, -0.518, 1.706
-0.090, -0.529, 1.692
-0.105, -0.545, 1.697
-0.088, -0.550, 1.668
-0.088, -0.562, 1.659
-0.073, -0.558, 1.647
-0.089, -0.541, 1.683
-0.074, -0.535, 1.665
-0.059, -0.531, 1.655
-0.075, -0.514, 1.691
-0.060, -0.498, 1.687
-0.045, -0.505, 1.661
-0.045, -0.493, 1.672
-0.030, -0.490, 1.662
-0.030, -0.480, 1.677
-0.076, -0.480, 1.727
-0.046, -0.459, 1.708
-0.031, -0.457, 1.700
-0.031, -0.445, 1.709
-0.047, -0.438, 1.740
-0.047, -0.423, 1.743
-0.031, -0.434, 1.726
-0.016, -0.443, 1.701
-0.001, -0.437, 1.677
-0.001, -0.425, 1.691
-0.016, -0.419, 1.723
-0.032, -0.407, 1.738
-0.047, -0.398, 1.766
-0.032, -0.395, 1.752
-0.016, -0.405, 1.729
-0.001, -0.413, 1.700
0.013, -0.443, 1.648
0.040, -0.457, 1.598
0.040, -0.469, 1.591
0.053, -0.475, 1.563
0.053, -0.486, 1.554
0.053, -0.497, 1.548
0.039, -0.510, 1.547
0.026, -0.515, 1.562
0.012, -0.529, 1.563
0.012, -0.539, 1.553
-0.001, -0.558, 1.567
-0.015, -0.571, 1.566
-0.028, -0.584, 1.564
-0.015, -0.592, 1.549
-0.028, -0.604, 1.545
-0.041, -0.617, 1.545
-0.028, -0.623, 1.526
-0.028, -0.613, 1.535
-0.015, -0.582, 1.560
-0.001, -0.589, 1.542
0.012, -0.588, 1.506
0.012, -0.597, 1.496
0.012, -0.608, 1.489
0.012, -0.617, 1.480
0.024, -0.611, 1.465
0.037, -0.616, 1.447
0.036, -0.625, 1.440
0.036, -0.633, 1.430
0.024, -0.646, 1.430
0.011, -0.663, 1.441
-0.001, -0.680, 1.450
-0.014, -0.683, 1.456
-0.027, -0.686, 1.463
-0.039, -0.698, 1.460
-0.039, -0.706, 1.451
-0.040, -0.680, 1.478
-0.027, -0.667, 1.476
-0.040, -0.663, 1.497
-0.040, -0.654, 1.507
-0.027, -0.659, 1.487
-0.027, -0.650, 1.496
-0.027, -0.642, 1.508
-0.014, -0.647, 1.490
-0.014, -0.664, 1.470
-0.014, -0.674, 1.465
-0.001, -0.671, 1.458
0.011, -0.672, 1.432
-0.001, -0.687, 1.439
0.024, -0.663, 1.413
0.024, -0.655, 1.422
0.036, -0.642, 1.421
0.048, -0.630, 1.423
0.049, -0.622, 1.431
0.061, -0.617, 1.421
0.061, -0.608, 1.428
0.049, -0.603, 1.447
0.037, -0.607, 1.455
0.050, -0.594, 1.455
0.050, -0.584, 1.463
0.050, -0.574, 1.470
0.050, -0.566, 1.482
0.051, -0.557, 1.492
0.051, -0.547, 1.501
0.051, -0.537, 1.508
0.052, -0.527, 1.517
0.039, -0.521, 1.539
0.052, -0.516, 1.524
0.063, -0.561, 1.469
0.061, -0.597, 1.433
0.060, -0.631, 1.398
0.035, -0.667, 1.397
0.047, -0.664, 1.390
0.012, -0.580, 1.519
-0.001, -0.568, 1.559
0.012, -0.550, 1.544
0.013, -0.519, 1.574
-0.001, -0.516, 1.607
-0.015, -0.510, 1.631
0.013, -0.508, 1.582
0.026, -0.506, 1.576
0.054, -0.465, 1.576
0.054, -0.455, 1.589
0.041, -0.447, 1.608
0.054, -0.443, 1.595
0.057, -0.363, 1.675
0.043, -0.341, 1.708
0.044, -0.316, 1.735
0.045, -0.290, 1.762
0.030, -0.266, 1.805
0.030, -0.252, 1.819
0.030, -0.237, 1.826
0.031, -0.223, 1.842
-0.098, -0.384, 1.844
-0.064, -0.377, 1.810
-0.147, -0.435, 1.859
-0.068, -0.664, 1.530
-0.108, -0.708, 1.537
-0.107, -0.716, 1.526
-0.107, -0.726, 1.520
-0.120, -0.740, 1.521
-0.134, -0.755, 1.524
-0.148, -0.759, 1.533
-0.163, -0.769, 1.552
-0.164, -0.759, 1.559
-0.165, -0.749, 1.568
-0.119, -0.749, 1.512
-0.105, -0.752, 1.493
-0.118, -0.766, 1.494
-0.131, -0.781, 1.498
-0.145, -0.787, 1.509
-0.118, -0.775, 1.488
-0.104, -0.769, 1.476
-0.105, -0.762, 1.487
-0.092, -0.748, 1.485
-0.106, -0.744, 1.503
-0.106, -0.733, 1.508
-0.092, -0.739, 1.493
-0.093, -0.731, 1.502
-0.079, -0.735, 1.484
-0.065, -0.718, 1.476
-0.220, -0.715, 1.679
-0.235, -0.730, 1.681
-0.251, -0.748, 1.688
-0.267, -0.752, 1.697
-0.269, -0.741, 1.708
-0.252, -0.736, 1.696
-0.250, -0.758, 1.679
-0.230, -0.757, 1.644
-0.245, -0.774, 1.650
-0.262, -0.782, 1.666
-0.244, -0.784, 1.641
-0.242, -0.793, 1.630
-0.240, -0.800, 1.615
-0.239, -0.811, 1.609
-0.253, -0.826, 1.611
-0.235, -0.826, 1.584
-0.237, -0.817, 1.594
-0.220, -0.820, 1.573
-0.221, -0.811, 1.583
-0.205, -0.816, 1.565
-0.192, -0.804, 1.569
-0.208, -0.798, 1.584
-0.194, -0.785, 1.586
-0.226, -0.785, 1.613
-0.219, -0.725, 1.669
-0.247, -0.659, 1.766
-0.230, -0.640, 1.756
-0.366, -0.678, 1.905
-0.393, -0.680, 1.957
-0.394, -0.665, 1.964
-0.396, -0.650, 1.971
-0.327, -0.665, 1.869
-0.311, -0.651, 1.874
-0.294, -0.632, 1.867
-0.353, -0.653, 1.928
-0.430, -0.773, 1.894
-0.235, -0.622, 1.790
-0.519, -0.868, 1.921
-0.516, -0.878, 1.907
-0.390, -0.823, 1.789
RegionID:1
Center:0.588,-0.656,1.300
Normal:-0.188,-0.740,-0.646
NumPatches:44
0.554, -0.670, 1.329
0.540, -0.666, 1.323
0.532, -0.671, 1.332
0.525, -0.677, 1.344
0.515, -0.679, 1.348
0.504, -0.654, 1.320
0.514, -0.651, 1.315
0.521, -0.646, 1.306
0.531, -0.645, 1.302
0.531, -0.620, 1.274
0.563, -0.692, 1.350
0.559, -0.662, 1.313
0.581, -0.686, 1.338
0.565, -0.656, 1.301
0.591, -0.684, 1.335
0.576, -0.656, 1.302
0.571, -0.638, 1.289
0.549, -0.616, 1.266
0.540, -0.595, 1.245
0.559, -0.614, 1.262
0.550, -0.594, 1.243
0.560, -0.593, 1.241
0.586, -0.654, 1.298
0.597, -0.678, 1.322
0.609, -0.703, 1.348
0.603, -0.672, 1.310
0.597, -0.654, 1.298
0.613, -0.670, 1.307
0.605, -0.650, 1.291
0.624, -0.670, 1.307
0.635, -0.693, 1.330
0.647, -0.694, 1.332
0.632, -0.666, 1.300
0.618, -0.640, 1.271
0.612, -0.623, 1.258
0.625, -0.636, 1.262
0.640, -0.663, 1.293
0.653, -0.688, 1.320
0.647, -0.658, 1.284
0.634, -0.634, 1.258
0.655, -0.655, 1.278
0.675, -0.675, 1.295
0.663, -0.652, 1.273
0.682, -0.671, 1.288
RegionID:2
Center:0.423,-0.290,1.403
Normal:0.011,-0.698,-0.716
NumPatches:60
0.358, -0.262, 1.374
0.349, -0.277, 1.387
0.341, -0.292, 1.404
0.332, -0.308, 1.420
0.329, -0.292, 1.404
0.338, -0.277, 1.392
0.345, -0.262, 1.374
0.357, -0.308, 1.421
0.360, -0.323, 1.433
0.377, -0.339, 1.449
0.373, -0.323, 1.433
0.369, -0.308, 1.419
0.381, -0.307, 1.418
0.390, -0.292, 1.406
0.385, -0.277, 1.388
0.381, -0.262, 1.373
0.399, -0.278, 1.392
0.402, -0.292, 1.404
0.405, -0.307, 1.416
0.412, -0.325, 1.439
0.416, -0.340, 1.453
0.429, -0.340, 1.453
0.424, -0.324, 1.436
0.419, -0.308, 1.421
0.435, -0.323, 1.433
0.441, -0.340, 1.453
0.448, -0.323, 1.434
0.442, -0.307, 1.416
0.460, -0.323, 1.434
0.456, -0.308, 1.420
0.453, -0.294, 1.411
0.435, -0.277, 1.392
0.417, -0.262, 1.374
0.402, -0.248, 1.363
0.394, -0.262, 1.375
0.390, -0.248, 1.361
0.385, -0.233, 1.345
0.409, -0.233, 1.347
0.425, -0.248, 1.362
0.429, -0.262, 1.375
0.443, -0.263, 1.380
0.420, -0.233, 1.346
0.416, -0.219, 1.332
0.401, -0.206, 1.322
0.390, -0.206, 1.323
0.433, -0.234, 1.348
0.470, -0.309, 1.425
0.473, -0.324, 1.435
0.492, -0.341, 1.454
0.487, -0.324, 1.438
0.481, -0.308, 1.423
0.476, -0.293, 1.407
0.493, -0.308, 1.421
0.488, -0.292, 1.405
0.505, -0.308, 1.419
0.500, -0.292, 1.405
0.512, -0.292, 1.405
0.526, -0.293, 1.409
0.544, -0.309, 1.423
0.525, -0.325, 1.439
RegionID:3
Center:0.702,-0.211,1.575
Normal:0.683,0.537,-0.495
NumPatches:77
0.615, -0.055, 1.610
0.607, -0.068, 1.589
0.627, -0.083, 1.606
0.615, -0.095, 1.574
0.631, -0.109, 1.579
0.619, -0.120, 1.551
0.607, -0.131, 1.521
0.626, -0.146, 1.534
0.613, -0.156, 1.503
0.629, -0.170, 1.510
0.617, -0.179, 1.481
0.640, -0.195, 1.505
0.623, -0.203, 1.464
0.614, -0.212, 1.443
0.603, -0.221, 1.417
0.616, -0.234, 1.419
0.629, -0.226, 1.449
0.646, -0.219, 1.488
0.685, -0.228, 1.547
0.696, -0.218, 1.573
0.683, -0.204, 1.573
0.656, -0.187, 1.541
0.694, -0.194, 1.598
0.717, -0.196, 1.619
0.726, -0.184, 1.640
0.739, -0.173, 1.668
0.752, -0.161, 1.697
0.761, -0.148, 1.719
0.745, -0.133, 1.716
0.719, -0.131, 1.689
0.693, -0.129, 1.663
0.640, -0.135, 1.568
0.674, -0.114, 1.653
0.651, -0.098, 1.631
0.668, -0.086, 1.673
0.686, -0.101, 1.682
0.704, -0.116, 1.689
0.770, -0.135, 1.739
0.776, -0.163, 1.720
0.748, -0.186, 1.658
0.739, -0.198, 1.636
0.728, -0.209, 1.612
0.718, -0.220, 1.590
0.745, -0.224, 1.619
0.753, -0.212, 1.636
0.763, -0.201, 1.657
0.777, -0.190, 1.689
0.768, -0.227, 1.638
0.757, -0.237, 1.614
0.745, -0.248, 1.588
0.760, -0.262, 1.591
0.750, -0.272, 1.571
0.719, -0.279, 1.534
0.697, -0.276, 1.516
0.663, -0.267, 1.469
0.636, -0.249, 1.436
0.654, -0.243, 1.477
0.678, -0.260, 1.502
0.711, -0.289, 1.517
0.701, -0.298, 1.496
0.713, -0.311, 1.494
0.724, -0.302, 1.517
0.735, -0.315, 1.512
0.725, -0.323, 1.491
0.749, -0.328, 1.513
0.757, -0.318, 1.529
0.766, -0.309, 1.548
0.756, -0.296, 1.554
0.768, -0.287, 1.579
0.773, -0.275, 1.590
0.778, -0.300, 1.572
0.770, -0.332, 1.529
0.761, -0.341, 1.512
0.775, -0.354, 1.513
0.785, -0.345, 1.531
0.772, -0.252, 1.615
0.649, -0.162, 1.558
RegionID:4
Center:0.341,-0.071,1.515
Normal:-0.775,0.464,-0.429
NumPatches:66
0.311, -0.013, 1.633
0.320, -0.027, 1.605
0.307, -0.041, 1.610
0.304, -0.054, 1.597
0.303, -0.068, 1.590
0.290, -0.082, 1.595
0.302, -0.081, 1.583
0.308, -0.093, 1.547
0.296, -0.107, 1.555
0.284, -0.121, 1.563
0.295, -0.120, 1.546
0.305, -0.119, 1.531
0.307, -0.106, 1.538
0.314, -0.117, 1.511
0.312, -0.130, 1.502
0.316, -0.105, 1.521
0.318, -0.092, 1.531
0.329, -0.091, 1.520
0.331, -0.079, 1.527
0.341, -0.078, 1.512
0.342, -0.065, 1.519
0.344, -0.052, 1.528
0.337, -0.040, 1.557
0.328, -0.040, 1.577
0.317, -0.040, 1.592
0.330, -0.026, 1.588
0.332, -0.013, 1.596
0.342, -0.013, 1.578
0.351, -0.012, 1.558
0.354, 0.001, 1.570
0.356, 0.015, 1.579
0.366, 0.015, 1.566
0.368, 0.028, 1.573
0.371, 0.042, 1.584
0.375, 0.015, 1.544
0.374, 0.001, 1.539
0.370, -0.012, 1.524
0.367, -0.025, 1.513
0.365, -0.038, 1.505
0.364, -0.051, 1.499
0.361, -0.064, 1.485
0.349, -0.077, 1.491
0.346, -0.089, 1.480
0.336, -0.103, 1.489
0.344, -0.114, 1.468
0.341, -0.126, 1.459
0.339, -0.138, 1.450
0.337, -0.149, 1.439
0.344, -0.159, 1.419
0.343, -0.171, 1.411
0.348, -0.180, 1.383
0.345, -0.190, 1.374
0.352, -0.199, 1.353
0.351, -0.169, 1.394
0.359, -0.167, 1.379
0.353, -0.113, 1.452
0.355, -0.101, 1.463
0.357, -0.088, 1.469
0.358, -0.076, 1.477
0.366, -0.088, 1.456
0.375, -0.087, 1.440
0.377, -0.075, 1.451
0.371, -0.063, 1.474
0.373, -0.051, 1.482
0.361, -0.111, 1.434
0.347, -0.039, 1.539
RegionID:5
Center:0.668,0.193,1.367
Normal:0.005,-0.676,-0.737
NumPatches:29
0.578, 0.233, 1.332
0.581, 0.222, 1.340
0.593, 0.222, 1.340
0.609, 0.212, 1.349
0.605, 0.223, 1.341
0.622, 0.212, 1.351
0.625, 0.202, 1.358
0.640, 0.191, 1.365
0.657, 0.180, 1.375
0.654, 0.192, 1.369
0.668, 0.180, 1.375
0.675, 0.170, 1.389
0.687, 0.170, 1.388
0.700, 0.170, 1.389
0.695, 0.181, 1.380
0.677, 0.191, 1.368
0.665, 0.191, 1.368
0.662, 0.202, 1.361
0.668, 0.212, 1.349
0.678, 0.212, 1.346
0.690, 0.192, 1.370
0.716, 0.159, 1.398
0.722, 0.170, 1.386
0.744, 0.160, 1.404
0.735, 0.170, 1.388
0.730, 0.181, 1.378
0.725, 0.192, 1.369
0.737, 0.191, 1.369
0.629, 0.223, 1.341
RegionID:6
Center:0.709,0.324,1.247
Normal:0.029,-0.679,-0.734
NumPatches:76
0.636, 0.351, 1.221
0.629, 0.342, 1.227
0.621, 0.334, 1.234
0.632, 0.334, 1.234
0.644, 0.334, 1.236
0.639, 0.342, 1.227
0.624, 0.351, 1.218
0.656, 0.335, 1.238
0.661, 0.326, 1.247
0.664, 0.317, 1.253
0.668, 0.308, 1.260
0.661, 0.299, 1.268
0.677, 0.290, 1.278
0.682, 0.281, 1.287
0.697, 0.271, 1.295
0.691, 0.262, 1.305
0.684, 0.252, 1.312
0.673, 0.252, 1.313
0.688, 0.242, 1.321
0.681, 0.232, 1.330
0.697, 0.222, 1.337
0.679, 0.262, 1.304
0.688, 0.290, 1.277
0.672, 0.299, 1.269
0.683, 0.299, 1.269
0.698, 0.289, 1.276
0.693, 0.298, 1.267
0.711, 0.290, 1.280
0.704, 0.298, 1.267
0.700, 0.308, 1.259
0.695, 0.316, 1.250
0.707, 0.317, 1.252
0.702, 0.326, 1.244
0.709, 0.334, 1.237
0.704, 0.343, 1.228
0.688, 0.351, 1.219
0.677, 0.351, 1.219
0.674, 0.359, 1.212
0.684, 0.359, 1.212
0.721, 0.335, 1.239
0.725, 0.326, 1.247
0.736, 0.326, 1.246
0.732, 0.335, 1.239
0.742, 0.335, 1.237
0.736, 0.343, 1.228
0.732, 0.352, 1.222
0.747, 0.343, 1.228
0.752, 0.334, 1.237
0.758, 0.326, 1.247
0.752, 0.318, 1.255
0.763, 0.318, 1.256
0.779, 0.309, 1.263
0.775, 0.300, 1.274
0.766, 0.290, 1.279
0.772, 0.281, 1.289
0.784, 0.299, 1.271
0.759, 0.344, 1.231
0.742, 0.351, 1.220
0.737, 0.360, 1.213
0.724, 0.369, 1.208
0.707, 0.376, 1.197
0.703, 0.384, 1.190
0.688, 0.392, 1.182
0.699, 0.392, 1.183
0.734, 0.369, 1.208
0.753, 0.352, 1.222
0.771, 0.344, 1.233
0.775, 0.335, 1.240
0.781, 0.344, 1.232
0.765, 0.352, 1.224
0.777, 0.352, 1.225
0.772, 0.361, 1.218
0.754, 0.368, 1.205
0.762, 0.377, 1.201
0.674, 0.317, 1.252
0.662, 0.343, 1.229
RegionID:7
Center:0.577,0.279,1.285
Normal:0.013,-0.683,-0.730
NumPatches:45
0.548, 0.298, 1.263
0.542, 0.289, 1.274
0.535, 0.280, 1.284
0.524, 0.280, 1.284
0.512, 0.280, 1.283
0.501, 0.280, 1.282
0.493, 0.271, 1.292
0.481, 0.270, 1.290
0.489, 0.280, 1.281
0.497, 0.289, 1.274
0.508, 0.289, 1.273
0.520, 0.289, 1.275
0.531, 0.289, 1.275
0.546, 0.280, 1.284
0.550, 0.271, 1.294
0.565, 0.261, 1.302
0.568, 0.251, 1.309
0.580, 0.252, 1.310
0.576, 0.261, 1.302
0.562, 0.271, 1.295
0.573, 0.271, 1.294
0.569, 0.280, 1.285
0.553, 0.289, 1.274
0.583, 0.271, 1.291
0.587, 0.261, 1.299
0.590, 0.280, 1.281
0.586, 0.289, 1.275
0.602, 0.280, 1.285
0.606, 0.271, 1.291
0.621, 0.261, 1.301
0.614, 0.252, 1.311
0.617, 0.271, 1.293
0.633, 0.261, 1.302
0.645, 0.261, 1.302
0.640, 0.271, 1.294
0.623, 0.280, 1.282
0.620, 0.289, 1.275
0.604, 0.298, 1.266
0.598, 0.289, 1.275
0.593, 0.298, 1.265
0.616, 0.299, 1.267
0.613, 0.308, 1.261
0.628, 0.299, 1.269
0.640, 0.299, 1.271
0.636, 0.280, 1.284
RegionID:8
Center:0.344,0.405,1.089
Normal:0.158,-0.535,-0.830
NumPatches:481
0.170, 0.440, 1.031
0.161, 0.440, 1.031
0.152, 0.432, 1.034
0.144, 0.425, 1.037
0.135, 0.417, 1.040
0.126, 0.409, 1.042
0.127, 0.402, 1.049
0.128, 0.395, 1.055
0.138, 0.388, 1.060
0.137, 0.396, 1.055
0.147, 0.389, 1.062
0.148, 0.382, 1.068
0.157, 0.382, 1.069
0.166, 0.389, 1.062
0.155, 0.396, 1.056
0.146, 0.396, 1.056
0.155, 0.404, 1.052
0.164, 0.404, 1.055
0.164, 0.412, 1.050
0.163, 0.419, 1.044
0.152, 0.425, 1.037
0.143, 0.432, 1.033
0.134, 0.425, 1.037
0.152, 0.440, 1.030
0.160, 0.447, 1.026
0.159, 0.454, 1.022
0.159, 0.461, 1.018
0.168, 0.455, 1.024
0.169, 0.448, 1.028
0.178, 0.455, 1.025
0.168, 0.462, 1.020
0.167, 0.469, 1.015
0.176, 0.469, 1.016
0.175, 0.476, 1.013
0.175, 0.483, 1.009
0.183, 0.483, 1.007
0.183, 0.490, 1.005
0.192, 0.482, 1.007
0.193, 0.476, 1.012
0.203, 0.471, 1.020
0.202, 0.478, 1.015
0.212, 0.471, 1.020
0.221, 0.471, 1.020
0.220, 0.478, 1.016
0.230, 0.479, 1.019
0.229, 0.486, 1.015
0.219, 0.493, 1.010
0.228, 0.494, 1.012
0.238, 0.487, 1.017
0.239, 0.481, 1.022
0.240, 0.474, 1.026
0.241, 0.467, 1.030
0.242, 0.459, 1.033
0.234, 0.452, 1.037
0.224, 0.451, 1.035
0.215, 0.451, 1.035
0.206, 0.450, 1.034
0.196, 0.457, 1.028
0.187, 0.456, 1.026
0.205, 0.457, 1.029
0.244, 0.446, 1.044
0.246, 0.439, 1.050
0.237, 0.431, 1.052
0.239, 0.424, 1.059
0.249, 0.417, 1.063
0.241, 0.409, 1.067
0.232, 0.401, 1.069
0.223, 0.392, 1.072
0.214, 0.392, 1.071
0.205, 0.385, 1.078
0.196, 0.377, 1.080
0.187, 0.367, 1.081
0.177, 0.367, 1.079
0.177, 0.375, 1.075
0.186, 0.375, 1.076
0.185, 0.382, 1.070
0.197, 0.369, 1.084
0.188, 0.360, 1.086
0.198, 0.361, 1.090
0.209, 0.354, 1.096
0.208, 0.362, 1.092
0.207, 0.369, 1.087
0.218, 0.362, 1.093
0.219, 0.354, 1.099
0.220, 0.346, 1.103
0.230, 0.347, 1.105
0.241, 0.339, 1.110
0.239, 0.347, 1.105
0.251, 0.340, 1.113
0.253, 0.332, 1.121
0.254, 0.324, 1.126
0.265, 0.316, 1.132
0.264, 0.324, 1.127
0.275, 0.316, 1.133
0.286, 0.308, 1.138
0.285, 0.317, 1.134
0.297, 0.309, 1.142
0.309, 0.301, 1.150
0.308, 0.309, 1.144
0.320, 0.301, 1.152
0.321, 0.293, 1.156
0.334, 0.285, 1.166
0.331, 0.293, 1.158
0.344, 0.285, 1.166
0.345, 0.276, 1.171
0.357, 0.267, 1.177
0.356, 0.276, 1.171
0.368, 0.268, 1.180
0.366, 0.276, 1.173
0.365, 0.286, 1.170
0.376, 0.286, 1.172
0.374, 0.295, 1.166
0.384, 0.295, 1.166
0.383, 0.304, 1.161
0.381, 0.312, 1.155
0.368, 0.320, 1.148
0.356, 0.328, 1.141
0.348, 0.320, 1.146
0.338, 0.320, 1.145
0.327, 0.319, 1.143
0.325, 0.327, 1.136
0.323, 0.335, 1.130
0.321, 0.343, 1.123
0.320, 0.351, 1.117
0.330, 0.351, 1.119
0.342, 0.344, 1.126
0.334, 0.336, 1.133
0.346, 0.328, 1.141
0.354, 0.336, 1.134
0.352, 0.344, 1.127
0.340, 0.352, 1.120
0.365, 0.337, 1.136
0.367, 0.329, 1.142
0.379, 0.321, 1.150
0.390, 0.322, 1.153
0.401, 0.322, 1.154
0.399, 0.330, 1.148
0.396, 0.339, 1.142
0.383, 0.345, 1.131
0.375, 0.337, 1.138
0.373, 0.345, 1.131
0.361, 0.353, 1.123
0.359, 0.361, 1.118
0.357, 0.369, 1.113
0.355, 0.376, 1.107
0.365, 0.377, 1.108
0.364, 0.385, 1.105
0.375, 0.386, 1.107
0.373, 0.394, 1.103
0.362, 0.401, 1.097
0.351, 0.401, 1.095
0.350, 0.408, 1.090
0.337, 0.414, 1.080
0.336, 0.422, 1.077
0.335, 0.429, 1.071
0.323, 0.435, 1.063
0.321, 0.443, 1.058
0.311, 0.450, 1.053
0.302, 0.442, 1.057
0.294, 0.434, 1.060
0.296, 0.427, 1.065
0.287, 0.418, 1.066
0.277, 0.417, 1.064
0.269, 0.411, 1.071
0.258, 0.417, 1.064
0.250, 0.410, 1.069
0.252, 0.403, 1.075
0.243, 0.394, 1.077
0.233, 0.393, 1.074
0.224, 0.385, 1.076
0.216, 0.378, 1.084
0.217, 0.370, 1.089
0.227, 0.362, 1.094
0.237, 0.363, 1.096
0.249, 0.356, 1.103
0.249, 0.347, 1.107
0.261, 0.340, 1.115
0.259, 0.348, 1.108
0.271, 0.341, 1.117
0.273, 0.333, 1.124
0.282, 0.333, 1.123
0.292, 0.333, 1.124
0.291, 0.342, 1.120
0.280, 0.350, 1.114
0.278, 0.356, 1.105
0.267, 0.364, 1.099
0.257, 0.364, 1.099
0.247, 0.364, 1.098
0.246, 0.371, 1.092
0.245, 0.379, 1.086
0.244, 0.386, 1.081
0.255, 0.379, 1.088
0.256, 0.371, 1.092
0.265, 0.371, 1.092
0.290, 0.350, 1.116
0.289, 0.358, 1.110
0.299, 0.358, 1.111
0.297, 0.366, 1.105
0.296, 0.374, 1.100
0.283, 0.380, 1.088
0.273, 0.388, 1.085
0.271, 0.395, 1.079
0.270, 0.403, 1.075
0.282, 0.388, 1.085
0.292, 0.388, 1.087
0.291, 0.397, 1.083
0.301, 0.398, 1.086
0.313, 0.391, 1.095
0.312, 0.399, 1.089
0.323, 0.391, 1.095
0.324, 0.383, 1.099
0.315, 0.375, 1.102
0.306, 0.374, 1.101
0.325, 0.375, 1.103
0.222, 0.400, 1.068
0.212, 0.400, 1.066
0.203, 0.399, 1.066
0.194, 0.399, 1.065
0.184, 0.399, 1.063
0.174, 0.397, 1.060
0.174, 0.405, 1.057
0.173, 0.412, 1.051
0.182, 0.413, 1.052
0.193, 0.406, 1.060
0.192, 0.413, 1.053
0.191, 0.420, 1.049
0.190, 0.428, 1.044
0.199, 0.428, 1.046
0.208, 0.428, 1.046
0.216, 0.435, 1.041
0.248, 0.424, 1.059
0.247, 0.432, 1.054
0.268, 0.418, 1.065
0.266, 0.425, 1.060
0.265, 0.432, 1.055
0.275, 0.432, 1.056
0.273, 0.439, 1.050
0.263, 0.446, 1.044
0.254, 0.446, 1.045
0.243, 0.452, 1.038
0.252, 0.453, 1.039
0.272, 0.446, 1.045
0.281, 0.447, 1.047
0.280, 0.454, 1.042
0.279, 0.462, 1.039
0.268, 0.468, 1.032
0.258, 0.474, 1.027
0.249, 0.474, 1.026
0.257, 0.481, 1.023
0.256, 0.487, 1.017
0.266, 0.481, 1.022
0.267, 0.475, 1.028
0.275, 0.481, 1.023
0.265, 0.488, 1.018
0.264, 0.495, 1.015
0.274, 0.489, 1.020
0.273, 0.496, 1.016
0.284, 0.490, 1.023
0.290, 0.454, 1.043
0.291, 0.448, 1.049
0.301, 0.449, 1.052
0.289, 0.462, 1.040
0.297, 0.419, 1.069
0.304, 0.435, 1.062
0.320, 0.450, 1.054
0.333, 0.436, 1.065
0.344, 0.430, 1.072
0.342, 0.437, 1.067
0.354, 0.430, 1.073
0.352, 0.438, 1.069
0.364, 0.431, 1.075
0.366, 0.424, 1.081
0.368, 0.417, 1.086
0.370, 0.410, 1.093
0.372, 0.402, 1.098
0.383, 0.395, 1.104
0.385, 0.387, 1.109
0.395, 0.387, 1.110
0.393, 0.395, 1.106
0.405, 0.388, 1.112
0.404, 0.396, 1.107
0.402, 0.404, 1.102
0.390, 0.411, 1.097
0.387, 0.417, 1.087
0.376, 0.425, 1.083
0.374, 0.432, 1.078
0.362, 0.439, 1.071
0.372, 0.439, 1.072
0.384, 0.433, 1.079
0.382, 0.440, 1.073
0.394, 0.434, 1.082
0.396, 0.426, 1.086
0.408, 0.419, 1.094
0.400, 0.411, 1.098
0.410, 0.412, 1.099
0.406, 0.427, 1.088
0.416, 0.427, 1.089
0.426, 0.427, 1.090
0.424, 0.435, 1.085
0.412, 0.442, 1.080
0.422, 0.443, 1.081
0.420, 0.450, 1.075
0.430, 0.450, 1.077
0.439, 0.450, 1.077
0.447, 0.458, 1.073
0.457, 0.459, 1.074
0.470, 0.452, 1.082
0.462, 0.445, 1.086
0.464, 0.437, 1.090
0.466, 0.429, 1.095
0.458, 0.421, 1.098
0.448, 0.421, 1.098
0.438, 0.421, 1.097
0.436, 0.428, 1.093
0.434, 0.435, 1.086
0.468, 0.421, 1.099
0.480, 0.415, 1.106
0.484, 0.408, 1.114
0.475, 0.399, 1.116
0.464, 0.398, 1.114
0.457, 0.391, 1.120
0.449, 0.382, 1.124
0.440, 0.374, 1.128
0.430, 0.373, 1.125
0.420, 0.363, 1.127
0.413, 0.355, 1.132
0.403, 0.355, 1.132
0.394, 0.346, 1.135
0.381, 0.354, 1.127
0.371, 0.353, 1.126
0.392, 0.354, 1.128
0.401, 0.364, 1.127
0.411, 0.364, 1.127
0.423, 0.355, 1.132
0.436, 0.349, 1.143
0.428, 0.340, 1.146
0.420, 0.332, 1.152
0.411, 0.323, 1.156
0.413, 0.314, 1.161
0.414, 0.305, 1.165
0.406, 0.296, 1.171
0.397, 0.287, 1.173
0.389, 0.278, 1.179
0.380, 0.269, 1.184
0.382, 0.260, 1.191
0.390, 0.269, 1.184
0.408, 0.287, 1.177
0.427, 0.297, 1.173
0.424, 0.314, 1.162
0.422, 0.323, 1.157
0.432, 0.323, 1.158
0.430, 0.331, 1.151
0.440, 0.331, 1.152
0.438, 0.340, 1.147
0.448, 0.340, 1.148
0.447, 0.349, 1.145
0.434, 0.357, 1.136
0.445, 0.358, 1.140
0.456, 0.358, 1.141
0.465, 0.358, 1.140
0.463, 0.366, 1.134
0.450, 0.374, 1.128
0.460, 0.374, 1.128
0.459, 0.382, 1.124
0.447, 0.390, 1.119
0.434, 0.397, 1.110
0.425, 0.388, 1.114
0.417, 0.380, 1.118
0.419, 0.372, 1.123
0.415, 0.388, 1.113
0.424, 0.396, 1.109
0.444, 0.398, 1.113
0.455, 0.398, 1.115
0.471, 0.374, 1.130
0.480, 0.383, 1.127
0.477, 0.391, 1.122
0.488, 0.392, 1.123
0.486, 0.400, 1.119
0.495, 0.400, 1.118
0.493, 0.408, 1.114
0.503, 0.408, 1.114
0.500, 0.415, 1.109
0.498, 0.423, 1.104
0.511, 0.416, 1.110
0.514, 0.409, 1.116
0.522, 0.417, 1.113
0.509, 0.424, 1.107
0.520, 0.425, 1.109
0.518, 0.433, 1.104
0.516, 0.441, 1.101
0.513, 0.448, 1.095
0.499, 0.453, 1.083
0.491, 0.445, 1.088
0.480, 0.453, 1.083
0.472, 0.445, 1.087
0.474, 0.438, 1.092
0.467, 0.459, 1.076
0.477, 0.460, 1.078
0.487, 0.460, 1.078
0.485, 0.468, 1.074
0.473, 0.475, 1.069
0.483, 0.475, 1.070
0.481, 0.482, 1.064
0.468, 0.488, 1.057
0.458, 0.487, 1.055
0.466, 0.495, 1.053
0.454, 0.502, 1.047
0.464, 0.502, 1.048
0.462, 0.509, 1.043
0.474, 0.503, 1.050
0.483, 0.503, 1.051
0.481, 0.510, 1.046
0.493, 0.504, 1.052
0.496, 0.497, 1.057
0.488, 0.490, 1.060
0.478, 0.489, 1.059
0.490, 0.483, 1.065
0.493, 0.476, 1.070
0.494, 0.468, 1.074
0.496, 0.461, 1.079
0.511, 0.456, 1.089
0.508, 0.462, 1.083
0.521, 0.456, 1.091
0.533, 0.449, 1.097
0.526, 0.442, 1.102
0.528, 0.434, 1.106
0.536, 0.442, 1.102
0.544, 0.450, 1.099
0.530, 0.456, 1.091
0.540, 0.457, 1.092
0.548, 0.465, 1.088
0.536, 0.472, 1.082
0.546, 0.472, 1.084
0.543, 0.479, 1.079
0.530, 0.485, 1.070
0.556, 0.473, 1.085
0.558, 0.465, 1.089
0.554, 0.480, 1.081
0.551, 0.487, 1.075
0.547, 0.493, 1.068
0.546, 0.501, 1.065
0.545, 0.509, 1.063
0.541, 0.515, 1.056
0.553, 0.509, 1.062
0.555, 0.501, 1.066
0.558, 0.495, 1.071
0.571, 0.488, 1.078
0.564, 0.481, 1.083
0.574, 0.482, 1.084
0.586, 0.483, 1.087
0.580, 0.488, 1.078
0.569, 0.496, 1.073
0.576, 0.504, 1.071
0.562, 0.509, 1.062
0.551, 0.516, 1.057
0.560, 0.516, 1.058
0.572, 0.509, 1.063
0.570, 0.516, 1.058
0.584, 0.512, 1.068
0.587, 0.504, 1.072
0.599, 0.497, 1.077
0.607, 0.506, 1.075
0.595, 0.513, 1.070
0.619, 0.499, 1.080
0.623, 0.493, 1.087
0.632, 0.492, 1.086
0.597, 0.485, 1.092
0.499, 0.491, 1.064
0.511, 0.485, 1.070
0.509, 0.492, 1.065
0.506, 0.499, 1.060
0.491, 0.511, 1.048
0.476, 0.359, 1.143
0.480, 0.351, 1.151
0.407, 0.339, 1.144
0.478, 0.422, 1.101
0.392, 0.440, 1.074
0.347, 0.415, 1.081
0.237, 0.494, 1.012
0.162, 0.425, 1.038
0.135, 0.410, 1.044
RegionID:9
Center:0.050,0.461,1.035
Normal:0.033,-0.725,-0.687
NumPatches:32
0.008, 0.483, 1.009
0.008, 0.478, 1.016
0.017, 0.477, 1.014
0.026, 0.471, 1.020
0.026, 0.477, 1.014
0.035, 0.467, 1.031
0.035, 0.461, 1.037
0.026, 0.454, 1.041
0.027, 0.447, 1.047
0.036, 0.441, 1.054
0.045, 0.441, 1.055
0.045, 0.448, 1.049
0.045, 0.454, 1.043
0.044, 0.461, 1.038
0.044, 0.467, 1.031
0.053, 0.467, 1.031
0.062, 0.461, 1.037
0.054, 0.455, 1.045
0.054, 0.449, 1.051
0.054, 0.441, 1.055
0.055, 0.434, 1.060
0.063, 0.441, 1.054
0.063, 0.455, 1.045
0.071, 0.460, 1.034
0.062, 0.466, 1.030
0.062, 0.473, 1.024
0.071, 0.466, 1.029
0.070, 0.472, 1.023
0.080, 0.467, 1.031
0.079, 0.473, 1.023
0.088, 0.472, 1.023
0.088, 0.479, 1.018
